1  37.0874	5.000000e-01	-5.000000e+00	6.959616e-01	-4.742978e+00	1.514508e+00	-2.343448e+00	3.508313e-01	2.656126e-01	1.813735e-01	9.024831e-02	5.098014e-02	8.270647e-01	7.671100e+00	
11  37.1593	5.345918e-01	-4.431747e+00	6.061418e-01	-4.837023e+00	1.529365e+00	-2.699256e+00	3.494599e-01	2.644582e-01	1.749405e-01	8.982316e-02	4.575826e-02	8.272045e-01	7.671100e+00	
6  32.9562	5.222307e-01	-4.090763e+00	6.500122e-01	-4.905017e+00	1.531629e+00	-2.665935e+00	3.512930e-01	2.633913e-01	1.737698e-01	9.113857e-02	5.152225e-02	8.271113e-01	7.671100e+00	
5  31.8185	5.222307e-01	-4.090763e+00	6.499500e-01	-4.071788e+00	1.495710e+00	-2.067429e+00	3.374357e-01	2.751255e-01	1.501148e-01	7.149366e-02	4.452622e-02	8.271113e-01	7.671100e+00	
4  31.2164	4.918632e-01	-3.034400e+00	7.624587e-01	-4.279662e+00	1.504316e+00	-2.023283e+00	3.424789e-01	2.719098e-01	1.458445e-01	7.519288e-02	6.025330e-02	8.271853e-01	7.671100e+00	
2  25.4195	4.918632e-01	-3.034400e+00	7.434689e-01	-4.569447e+00	1.528261e+00	-2.041585e+00	3.566796e-01	2.848414e-01	1.468722e-01	5.580951e-02	7.689458e-03	8.271853e-01	7.671100e+00	
6  26.6387	4.918632e-01	-3.034400e+00	6.961671e-01	-4.454627e+00	1.575575e+00	-1.814086e+00	3.685955e-01	2.912711e-01	1.366314e-01	5.422012e-02	1.506849e-02	8.271853e-01	7.671100e+00	
5  24.613	4.918632e-01	-3.034400e+00	5.927600e-01	-4.620735e+00	1.498897e+00	-2.598575e+00	3.648849e-01	2.991823e-01	1.581893e-01	5.209922e-02	1.565993e-01	8.271853e-01	7.671100e+00	
3  19.3032	4.918632e-01	-3.034400e+00	6.877686e-01	-3.908700e+00	1.458304e+00	-2.079367e+00	3.723575e-01	2.830920e-01	1.628010e-01	6.337393e-02	1.965841e-01	8.271853e-01	7.671100e+00	
4  20.4759	4.918632e-01	-3.034400e+00	6.778621e-01	-3.028261e+00	1.362728e+00	-7.376194e-01	3.771516e-01	2.970998e-01	1.729299e-01	4.477769e-02	1.208729e-01	8.271853e-01	7.671100e+00	
2  21.876	4.918632e-01	-3.034400e+00	6.401712e-01	-3.661407e+00	1.506319e+00	-1.461094e+00	3.796388e-01	3.051449e-01	1.520293e-01	4.511132e-02	6.011609e-02	8.271853e-01	7.671100e+00	
34  22.9696	4.918632e-01	-3.034400e+00	6.121388e-01	-3.217371e+00	1.465072e+00	5.375251e-03	3.673064e-01	3.006153e-01	1.893289e-01	5.175303e-02	1.284980e-01	8.271853e-01	7.671100e+00	
5  25.0115	4.918632e-01	-3.034400e+00	7.340234e-01	-3.697446e+00	1.338667e+00	-5.778247e-02	3.774762e-01	3.108025e-01	1.862272e-01	5.717283e-02	7.062358e-02	8.271853e-01	7.671100e+00	
21  24.874	5.569727e-01	-3.312079e+00	5.358055e-01	-3.622861e+00	1.347877e+00	-4.951471e-01	3.715690e-01	3.122934e-01	1.827103e-01	5.349137e-02	5.114196e-02	8.271940e-01	7.671100e+00	
7  25.3538	5.569727e-01	-3.312079e+00	6.559032e-01	-4.216143e+00	1.247917e+00	-6.932027e-01	3.764693e-01	3.155876e-01	1.807844e-01	4.237981e-02	2.209502e-01	8.271940e-01	7.671100e+00	
14  23.1601	5.569727e-01	-3.312079e+00	5.913597e-01	-4.359899e+00	1.266840e+00	-5.256953e-01	3.611917e-01	2.921347e-01	1.835191e-01	3.643063e-02	1.567765e-01	8.271940e-01	7.671100e+00	
28  24.0546	5.569727e-01	-3.312079e+00	6.264544e-01	-4.454999e+00	1.319919e+00	-8.195208e-01	3.613507e-01	2.705131e-01	1.727273e-01	2.931998e-02	1.952938e-01	8.271940e-01	7.671100e+00	
4  23.8089	5.569727e-01	-3.312079e+00	5.880231e-01	-4.779993e+00	1.349215e+00	-1.810541e+00	3.607628e-01	2.833197e-01	1.504909e-01	3.981000e-02	2.221703e-01	8.271940e-01	7.671100e+00	
6  24.0307	5.569727e-01	-3.312079e+00	6.011521e-01	-4.699270e+00	1.364438e+00	-2.293043e+00	3.961867e-01	2.825120e-01	1.726584e-01	5.324938e-02	2.276012e-01	8.271940e-01	7.671100e+00	
15  22.3866	5.569727e-01	-3.312079e+00	5.423181e-01	-4.972313e+00	1.376067e+00	-1.124637e+00	3.780223e-01	2.746650e-01	1.780211e-01	4.692143e-02	1.543373e-01	8.271940e-01	7.671100e+00	
21  23.3513	5.569727e-01	-3.312079e+00	6.138351e-01	-4.666053e+00	1.393962e+00	3.017350e-02	3.669746e-01	2.796540e-01	1.833170e-01	4.214022e-02	1.191166e-01	8.271940e-01	7.671100e+00	
14  23.2313	5.569727e-01	-3.312079e+00	5.875350e-01	-4.255746e+00	1.379296e+00	-1.970888e-01	3.651823e-01	2.697444e-01	1.721618e-01	3.037626e-02	1.834475e-01	8.271940e-01	7.671100e+00	
10  22.524	5.569727e-01	-3.312079e+00	5.705465e-01	-3.661682e+00	1.381106e+00	-1.437021e-01	3.790521e-01	2.774910e-01	1.721383e-01	5.232873e-02	1.344704e-01	8.271940e-01	7.671100e+00	
13  24.2028	5.569727e-01	-3.312079e+00	5.316202e-01	-3.222499e+00	1.341315e+00	-2.199017e-01	3.708936e-01	3.023697e-01	1.834224e-01	5.766328e-02	1.446075e-01	8.271940e-01	7.671100e+00	
5  22.9108	5.569727e-01	-3.312079e+00	6.338464e-01	-3.465149e+00	1.396760e+00	-8.666547e-01	3.769273e-01	2.986211e-01	1.595655e-01	5.458674e-02	1.696185e-01	8.271940e-01	7.671100e+00	
18  22.8341	5.569727e-01	-3.312079e+00	5.931320e-01	-3.181891e+00	1.380962e+00	1.117270e-02	3.684596e-01	2.994224e-01	1.595758e-01	5.594340e-02	1.623184e-01	8.271940e-01	7.671100e+00	
7  25.5671	5.412593e-01	-3.080477e+00	6.445315e-01	-3.230628e+00	1.381031e+00	8.834106e-02	3.702915e-01	2.986150e-01	1.593749e-01	5.718387e-02	1.681994e-01	8.260209e-01	7.671100e+00	
2  25.3252	5.412593e-01	-3.080477e+00	4.807113e-01	-3.327886e+00	1.451916e+00	3.266422e-01	3.576363e-01	3.102289e-01	1.576083e-01	5.138826e-02	2.408331e-01	8.260209e-01	7.671100e+00	
2  26.4676	5.412593e-01	-3.080477e+00	4.976341e-01	-2.938414e+00	1.389983e+00	-2.234221e-02	3.689011e-01	3.236952e-01	1.738909e-01	7.698169e-02	2.783289e-01	8.260209e-01	7.671100e+00	
10  27.0242	5.344497e-01	-3.191324e+00	5.153377e-01	-2.920090e+00	1.387072e+00	4.752529e-02	3.691735e-01	3.239197e-01	1.751508e-01	7.706756e-02	2.793642e-01	8.273659e-01	7.671100e+00	
8  28.1065	5.344497e-01	-3.191324e+00	5.216115e-01	-2.322640e+00	1.337603e+00	-1.209121e-01	3.743221e-01	3.163178e-01	1.709609e-01	9.298270e-02	2.817598e-01	8.273659e-01	7.671100e+00	
38  25.4591	5.344497e-01	-3.191324e+00	5.332075e-01	-3.502852e+00	1.376212e+00	-8.400358e-01	3.845936e-01	3.036441e-01	1.565566e-01	1.020303e-01	2.633407e-01	8.273659e-01	7.671100e+00	
2  27.2006	5.629221e-01	-3.951757e+00	4.326977e-01	-3.350903e+00	1.371344e+00	-9.210940e-01	3.804329e-01	3.060338e-01	1.590936e-01	9.905387e-02	2.502430e-01	8.269063e-01	7.671100e+00	
5  27.0744	5.629221e-01	-3.951757e+00	3.879693e-01	-3.835862e+00	1.337309e+00	-4.255823e-01	3.698136e-01	3.076865e-01	1.552065e-01	7.674881e-02	3.015902e-01	8.269063e-01	7.671100e+00	
3  26.0709	5.629221e-01	-3.951757e+00	6.506842e-01	-4.820509e+00	1.336533e+00	-6.658587e-01	3.910560e-01	3.062416e-01	1.705043e-01	6.134223e-02	2.784024e-01	8.269063e-01	7.671100e+00	
12  22.7184	6.556225e-01	-3.209235e+00	3.930945e-01	-4.926814e+00	1.365485e+00	-1.484797e+00	3.854546e-01	3.052700e-01	1.582408e-01	5.853415e-02	2.588178e-01	8.268978e-01	7.671100e+00	
3  22.4633	6.097710e-01	-3.972226e+00	5.119396e-01	-4.800333e+00	1.345656e+00	-1.011487e+00	3.872483e-01	3.068267e-01	1.668302e-01	5.907679e-02	2.656695e-01	8.269011e-01	7.671100e+00	
1  22.6171	6.097710e-01	-3.972226e+00	5.394335e-01	-4.584436e+00	1.478325e+00	-8.424081e-01	3.869726e-01	3.030237e-01	1.603515e-01	6.281408e-02	1.769051e-01	8.269011e-01	7.671100e+00	
8  21.8378	6.097710e-01	-3.972226e+00	4.496087e-01	-4.883035e+00	1.473602e+00	-1.154373e+00	3.628319e-01	2.927146e-01	1.671917e-01	6.636879e-02	2.057354e-01	8.269011e-01	7.671100e+00	
9  20.295	6.097710e-01	-3.972226e+00	5.492202e-01	-4.766430e+00	1.516370e+00	-2.183971e+00	3.783856e-01	2.818753e-01	1.599775e-01	6.465083e-02	2.659605e-01	8.269011e-01	7.671100e+00	
11  20.6997	6.455895e-01	-4.026035e+00	4.423164e-01	-4.743878e+00	1.522814e+00	-2.441642e+00	3.753802e-01	2.824264e-01	1.574117e-01	6.283717e-02	2.559520e-01	8.273313e-01	7.671100e+00	
5  21.2743	6.273302e-01	-4.445860e+00	4.871336e-01	-4.671850e+00	1.513303e+00	-2.233156e+00	3.758081e-01	2.833617e-01	1.615719e-01	6.280522e-02	2.578496e-01	8.269622e-01	7.671100e+00	
3  24.5134	6.273302e-01	-4.445860e+00	4.747907e-01	-4.028591e+00	1.614625e+00	-2.119889e+00	3.651537e-01	2.798549e-01	1.242559e-01	5.457923e-02	1.778485e-01	8.269622e-01	7.671100e+00	
1  24.4787	6.273302e-01	-4.445860e+00	5.796342e-01	-4.412391e+00	1.636235e+00	-2.889213e+00	3.771394e-01	2.665971e-01	1.371533e-01	5.681533e-02	2.418023e-01	8.269622e-01	7.671100e+00	
21  22.1997	6.273302e-01	-4.445860e+00	4.550472e-01	-4.074289e+00	1.672733e+00	-2.627702e+00	3.726991e-01	2.732421e-01	1.401478e-01	6.648726e-02	2.554989e-01	8.269622e-01	7.671100e+00	
15  24.3113	6.273302e-01	-4.445860e+00	5.224188e-01	-4.902541e+00	1.644553e+00	-2.641207e+00	3.750496e-01	2.594886e-01	1.556898e-01	6.420440e-02	2.722716e-01	8.269622e-01	7.671100e+00	
35  23.6716	6.492688e-01	-4.149601e+00	4.640659e-01	-4.950208e+00	1.653082e+00	-2.855804e+00	3.740215e-01	2.589309e-01	1.520188e-01	6.379760e-02	2.685003e-01	8.268852e-01	7.671100e+00	
17  24.9202	6.492688e-01	-4.149601e+00	3.649654e-01	-4.989219e+00	1.596730e+00	-2.463689e+00	3.813669e-01	2.853725e-01	1.866394e-01	7.966461e-02	3.376336e-01	8.268852e-01	7.671100e+00	
11  24.1121	6.492688e-01	-4.149601e+00	3.385220e-01	-4.432567e+00	1.668894e+00	-2.455499e+00	3.871162e-01	3.034431e-01	1.750489e-01	7.004899e-02	3.736112e-01	8.268852e-01	7.671100e+00	
3  22.7176	6.492688e-01	-4.149601e+00	1.945369e-01	-3.526141e+00	1.686212e+00	-3.629173e+00	3.769288e-01	2.939283e-01	1.687133e-01	7.308989e-02	3.321398e-01	8.268852e-01	7.671100e+00	
1  23.9145	5.545902e-01	-3.246996e+00	4.935697e-01	-3.727752e+00	1.679763e+00	-3.079208e+00	3.867501e-01	2.904039e-01	1.706463e-01	7.951004e-02	3.640428e-01	8.270325e-01	7.671100e+00	
6  23.8408	5.545902e-01	-3.246996e+00	4.531725e-01	-4.052606e+00	1.626981e+00	-3.358905e+00	3.901070e-01	3.051917e-01	1.974484e-01	9.157892e-02	3.480465e-01	8.270325e-01	7.671100e+00	
9  23.8233	5.545902e-01	-3.246996e+00	5.338921e-01	-4.855180e+00	1.633687e+00	-3.629209e+00	4.025641e-01	3.315472e-01	1.895876e-01	8.290154e-02	3.016457e-01	8.270325e-01	7.671100e+00	
9  23.4972	5.545902e-01	-3.246996e+00	4.469704e-01	-4.743409e+00	1.642715e+00	-4.043385e+00	3.808352e-01	3.092552e-01	2.032463e-01	9.243900e-02	3.906254e-01	8.270325e-01	7.671100e+00	
2  23.5842	5.545902e-01	-3.246996e+00	3.856626e-01	-4.606634e+00	1.697695e+00	-4.655409e+00	3.851806e-01	3.087667e-01	1.953411e-01	1.071767e-01	4.449214e-01	8.270325e-01	7.671100e+00	
14  24.4216	5.545902e-01	-3.246996e+00	3.660710e-01	-4.612741e+00	1.629629e+00	-4.270067e+00	3.718021e-01	3.048571e-01	1.963670e-01	1.059681e-01	4.636628e-01	8.270325e-01	7.671100e+00	
14  27.6306	5.545902e-01	-3.246996e+00	2.636005e-01	-4.612762e+00	1.594003e+00	-3.793640e+00	3.612869e-01	2.951343e-01	2.069778e-01	1.150425e-01	5.613103e-01	8.270325e-01	7.671100e+00	
1  27.0451	4.364109e-01	-3.161605e+00	6.143235e-01	-4.669963e+00	1.571459e+00	-2.927591e+00	3.709755e-01	2.935666e-01	2.160308e-01	1.208294e-01	5.936718e-01	8.272995e-01	7.671100e+00	
9  24.9271	4.364109e-01	-3.161605e+00	5.087115e-01	-4.514374e+00	1.631016e+00	-4.666644e+00	3.809709e-01	2.747184e-01	2.180607e-01	1.374781e-01	4.795733e-01	8.272995e-01	7.671100e+00	
3  24.3081	4.113824e-01	-3.500273e+00	5.752682e-01	-4.459865e+00	1.621276e+00	-4.421704e+00	3.821421e-01	2.753565e-01	2.222530e-01	1.379407e-01	4.838708e-01	8.262770e-01	7.671100e+00	
6  24.3163	4.113824e-01	-3.500273e+00	6.715217e-01	-4.798519e+00	1.498625e+00	-4.366414e+00	3.800840e-01	2.689159e-01	2.225518e-01	1.287301e-01	5.639940e-01	8.262770e-01	7.671100e+00	
6  24.2229	4.113824e-01	-3.500273e+00	7.038750e-01	-4.920351e+00	1.473983e+00	-4.178632e+00	4.066795e-01	2.696886e-01	2.293048e-01	1.197555e-01	5.552151e-01	8.262770e-01	7.671100e+00	
7  22.1817	4.113824e-01	-3.500273e+00	6.291448e-01	-4.426633e+00	1.450756e+00	-4.290073e+00	4.131520e-01	2.871210e-01	2.179184e-01	1.012866e-01	4.433473e-01	8.262770e-01	7.671100e+00	
12  22.7173	4.187556e-01	-3.801972e+00	6.008493e-01	-4.367717e+00	1.448037e+00	-4.292994e+00	4.118158e-01	2.880247e-01	2.192436e-01	1.002918e-01	4.392048e-01	8.269400e-01	7.671100e+00	
3  21.6754	3.177308e-01	-3.962893e+00	8.956000e-01	-4.372931e+00	1.425509e+00	-3.512317e+00	4.195206e-01	2.873206e-01	2.284742e-01	1.047384e-01	4.651928e-01	8.270025e-01	7.671100e+00	
2  20.8103	3.177308e-01	-3.962893e+00	8.355651e-01	-4.623256e+00	1.425657e+00	-3.663220e+00	4.164763e-01	2.942479e-01	2.413536e-01	1.133373e-01	4.504979e-01	8.270025e-01	7.671100e+00	
3  22.556	3.177308e-01	-3.962893e+00	8.112404e-01	-4.801707e+00	1.464678e+00	-3.329570e+00	4.193677e-01	3.059039e-01	2.719171e-01	1.206672e-01	4.613258e-01	8.270025e-01	7.671100e+00	
10  21.9218	3.177308e-01	-3.962893e+00	8.836179e-01	-4.857935e+00	1.392672e+00	-4.464873e+00	4.197093e-01	3.144064e-01	2.906010e-01	1.159178e-01	5.228925e-01	8.270025e-01	7.671100e+00	
5  23.3182	3.177308e-01	-3.962893e+00	8.851093e-01	-4.497074e+00	1.439106e+00	-3.578669e+00	4.196328e-01	2.856842e-01	2.794432e-01	1.339449e-01	5.179283e-01	8.270025e-01	7.671100e+00	
2  24.5334	3.177308e-01	-3.962893e+00	7.733401e-01	-4.030458e+00	1.533166e+00	-3.392363e+00	4.096947e-01	2.647168e-01	2.657052e-01	1.385220e-01	5.023375e-01	8.270025e-01	7.671100e+00	
1  21.6859	3.177308e-01	-3.962893e+00	8.375748e-01	-4.653633e+00	1.481609e+00	-3.850201e+00	4.276772e-01	2.812705e-01	2.686513e-01	1.228511e-01	5.819297e-01	8.270025e-01	7.671100e+00	
2  21.5244	3.177308e-01	-3.962893e+00	8.354003e-01	-4.859868e+00	1.526664e+00	-4.460508e+00	4.182193e-01	2.705695e-01	2.769097e-01	1.230860e-01	5.790902e-01	8.270025e-01	7.671100e+00	
1  22.3966	3.177308e-01	-3.962893e+00	9.916189e-01	-4.038706e+00	1.563414e+00	-4.694311e+00	4.255201e-01	2.762535e-01	2.612820e-01	1.131549e-01	4.877659e-01	8.270025e-01	7.671100e+00	
1  21.9624	3.177308e-01	-3.962893e+00	9.599594e-01	-3.880565e+00	1.546097e+00	-4.242091e+00	4.155466e-01	2.795848e-01	2.630361e-01	1.073559e-01	5.066578e-01	8.270025e-01	7.671100e+00	
7  22.4577	3.177308e-01	-3.962893e+00	1.045690e+00	-4.692060e+00	1.647681e+00	-4.906237e+00	4.169164e-01	2.972162e-01	2.666730e-01	9.577816e-02	4.291765e-01	8.270025e-01	7.671100e+00	
1  23.0691	3.177308e-01	-3.962893e+00	1.101123e+00	-4.646246e+00	1.633403e+00	-4.109725e+00	4.191326e-01	2.994559e-01	2.606768e-01	1.052738e-01	4.429465e-01	8.270025e-01	7.671100e+00	
1  24.7333	3.177308e-01	-3.962893e+00	1.266488e+00	-4.439768e+00	1.610535e+00	-4.170500e+00	4.226612e-01	3.102796e-01	2.496133e-01	1.149805e-01	4.574946e-01	8.270025e-01	7.671100e+00	
3  25.8781	3.177308e-01	-3.962893e+00	1.202402e+00	-4.419584e+00	1.630115e+00	-4.579494e+00	3.980965e-01	3.291235e-01	2.711143e-01	1.008765e-01	5.458248e-01	8.270025e-01	7.671100e+00	
3  25.554	3.177308e-01	-3.962893e+00	1.406224e+00	-4.884259e+00	1.541585e+00	-3.639533e+00	4.006939e-01	3.270859e-01	2.677846e-01	9.646895e-02	6.394857e-01	8.270025e-01	7.671100e+00	
2  24.8131	3.177308e-01	-3.962893e+00	1.368100e+00	-4.662028e+00	1.511974e+00	-3.360559e+00	4.219793e-01	3.164522e-01	2.816499e-01	1.093262e-01	7.852602e-01	8.270025e-01	7.671100e+00	
3  23.5453	3.177308e-01	-3.962893e+00	1.220066e+00	-4.568351e+00	1.554024e+00	-3.978523e+00	4.313351e-01	3.028770e-01	2.697115e-01	1.203770e-01	7.616576e-01	8.270025e-01	7.671100e+00	
3  22.8491	3.177308e-01	-3.962893e+00	9.468245e-01	-4.395867e+00	1.602154e+00	-3.583511e+00	4.205683e-01	2.911628e-01	2.539284e-01	1.164967e-01	8.130956e-01	8.270025e-01	7.671100e+00	
2  23.3877	3.177308e-01	-3.962893e+00	8.552772e-01	-4.245694e+00	1.604543e+00	-4.609028e+00	4.011915e-01	2.601505e-01	2.761493e-01	1.464736e-01	9.395442e-01	8.270025e-01	7.671100e+00	
14  25.9509	3.380147e-01	-3.839539e+00	7.980672e-01	-4.261650e+00	1.610333e+00	-4.781475e+00	3.998692e-01	2.600443e-01	2.737154e-01	1.457755e-01	9.349787e-01	8.260660e-01	7.671100e+00	
7  26.1101	3.380147e-01	-3.839539e+00	8.049486e-01	-4.908464e+00	1.668946e+00	-4.277152e+00	3.932452e-01	2.669253e-01	2.557749e-01	1.274995e-01	8.877728e-01	8.260660e-01	7.671100e+00	
3  26.067	3.376069e-01	-4.255801e+00	7.971439e-01	-4.830871e+00	1.663069e+00	-4.202325e+00	3.922503e-01	2.680526e-01	2.584626e-01	1.266287e-01	8.848999e-01	8.265903e-01	7.671100e+00	
2  25.9128	3.376069e-01	-4.255801e+00	8.797375e-01	-4.606061e+00	1.697172e+00	-4.921381e+00	4.258392e-01	2.873940e-01	2.581220e-01	1.396253e-01	8.105981e-01	8.265903e-01	7.671100e+00	
4  25.3208	3.376069e-01	-4.255801e+00	6.299692e-01	-4.399062e+00	1.629173e+00	-2.800215e+00	3.927457e-01	2.904678e-01	2.439844e-01	1.443349e-01	7.493454e-01	8.265903e-01	7.671100e+00	
3  25.8741	3.376069e-01	-4.255801e+00	5.197918e-01	-4.401179e+00	1.643203e+00	-2.849724e+00	3.889724e-01	2.856182e-01	2.527688e-01	1.533568e-01	7.309124e-01	8.265903e-01	7.671100e+00	
2  26.0859	3.029788e-01	-3.520708e+00	6.379254e-01	-4.550544e+00	1.646481e+00	-2.718418e+00	3.935642e-01	2.832279e-01	2.508933e-01	1.565710e-01	7.454823e-01	8.272546e-01	7.671100e+00	
1  25.1832	3.029788e-01	-3.520708e+00	6.454076e-01	-4.344047e+00	1.627206e+00	-2.930786e+00	3.967852e-01	2.980279e-01	2.451609e-01	1.635439e-01	7.305194e-01	8.272546e-01	7.671100e+00	
2  24.9934	3.029788e-01	-3.520708e+00	7.049047e-01	-4.631724e+00	1.593743e+00	-3.352515e+00	4.046961e-01	2.956648e-01	2.426212e-01	1.691541e-01	7.806288e-01	8.272546e-01	7.671100e+00	
3  26.014	3.029788e-01	-3.520708e+00	8.204635e-01	-4.978589e+00	1.595332e+00	-3.664742e+00	4.186071e-01	2.954718e-01	2.591080e-01	1.694806e-01	7.721854e-01	8.272546e-01	7.671100e+00	
4  26.9597	3.029788e-01	-3.520708e+00	7.930121e-01	-4.896600e+00	1.544265e+00	-2.699686e+00	4.054714e-01	2.995770e-01	2.644551e-01	1.578030e-01	7.249206e-01	8.272546e-01	7.671100e+00	
2  25.735	3.029788e-01	-3.520708e+00	4.941265e-01	-4.151936e+00	1.558681e+00	-2.146870e+00	3.779626e-01	3.001355e-01	2.500492e-01	1.675844e-01	6.836223e-01	8.272546e-01	7.671100e+00	
1  24.9951	3.029788e-01	-3.520708e+00	4.157278e-01	-3.743388e+00	1.500466e+00	-2.326146e+00	3.771536e-01	3.015982e-01	2.642884e-01	1.798463e-01	8.291558e-01	8.272546e-01	7.671100e+00	
8  26.0025	3.029788e-01	-3.520708e+00	2.956854e-01	-3.809313e+00	1.476081e+00	-2.148429e+00	3.572438e-01	3.061644e-01	2.625998e-01	1.910670e-01	8.782711e-01	8.272546e-01	7.671100e+00	
10  24.9698	3.029788e-01	-3.520708e+00	4.865016e-01	-4.160550e+00	1.496555e+00	-2.327465e+00	3.867869e-01	3.062822e-01	2.312686e-01	1.861179e-01	7.880164e-01	8.272546e-01	7.671100e+00	
2  24.8358	3.368482e-01	-3.341009e+00	3.904053e-01	-4.182285e+00	1.505858e+00	-2.610880e+00	3.845143e-01	3.061763e-01	2.273720e-01	1.848961e-01	7.802046e-01	8.257884e-01	7.671100e+00	
5  25.0136	3.368482e-01	-3.341009e+00	4.533526e-01	-3.878381e+00	1.502201e+00	-2.799224e+00	3.740114e-01	3.040095e-01	2.343120e-01	1.709062e-01	6.719235e-01	8.257884e-01	7.671100e+00	
6  26.7423	3.368482e-01	-3.341009e+00	4.717220e-01	-3.777499e+00	1.526397e+00	-2.621926e+00	3.658045e-01	2.905597e-01	2.533101e-01	1.727936e-01	6.994562e-01	8.257884e-01	7.671100e+00	
3  25.8528	3.368482e-01	-3.341009e+00	6.173852e-01	-3.925057e+00	1.551410e+00	-3.245033e+00	3.659042e-01	3.051576e-01	2.554809e-01	1.800710e-01	7.389492e-01	8.257884e-01	7.671100e+00	
1  26.3146	3.368482e-01	-3.341009e+00	6.543782e-01	-3.324893e+00	1.517080e+00	-4.729290e+00	3.666180e-01	3.183012e-01	2.395187e-01	1.825825e-01	7.424873e-01	8.257884e-01	7.671100e+00	
1  27.0906	3.368482e-01	-3.341009e+00	7.415730e-01	-3.216085e+00	1.502348e+00	-4.532867e+00	3.912109e-01	3.299771e-01	2.142293e-01	1.639236e-01	7.032997e-01	8.257884e-01	7.671100e+00	
3  26.128	3.368482e-01	-3.341009e+00	6.740112e-01	-3.801979e+00	1.497831e+00	-4.990754e+00	3.903198e-01	3.239620e-01	1.912594e-01	1.360292e-01	6.436400e-01	8.257884e-01	7.671100e+00	
4  25.3136	3.195451e-01	-4.117469e+00	7.082875e-01	-3.663016e+00	1.483548e+00	-4.727889e+00	3.897906e-01	3.258779e-01	1.976162e-01	1.351893e-01	6.427254e-01	8.266848e-01	7.671100e+00	
1  25.6126	3.195451e-01	-4.117469e+00	9.272643e-01	-4.203611e+00	1.368289e+00	-4.464104e+00	4.100324e-01	3.228550e-01	2.263284e-01	1.566417e-01	6.935503e-01	8.266848e-01	7.671100e+00	
1  25.4197	3.195451e-01	-4.117469e+00	8.513580e-01	-4.113610e+00	1.417490e+00	-4.546827e+00	4.124586e-01	3.350242e-01	2.252849e-01	1.529126e-01	7.121379e-01	8.266848e-01	7.671100e+00	
1  28.281	3.195451e-01	-4.117469e+00	8.838418e-01	-3.341201e+00	1.462974e+00	-3.391218e+00	4.099427e-01	3.423311e-01	2.274368e-01	1.563146e-01	7.482143e-01	8.266848e-01	7.671100e+00	
2  28.097	3.195451e-01	-4.117469e+00	8.618684e-01	-3.072209e+00	1.418672e+00	-2.431067e+00	3.879657e-01	3.387201e-01	2.128153e-01	1.477609e-01	7.770197e-01	8.266848e-01	7.671100e+00	
1  23.4976	3.195451e-01	-4.117469e+00	5.793790e-01	-3.521740e+00	1.376342e+00	-2.247568e+00	3.812062e-01	3.182447e-01	1.852850e-01	1.285308e-01	7.450249e-01	8.266848e-01	7.671100e+00	
7  22.8278	3.195451e-01	-4.117469e+00	5.894758e-01	-3.148779e+00	1.407837e+00	-1.234335e+00	3.674222e-01	3.081151e-01	1.882697e-01	1.209270e-01	7.838163e-01	8.266848e-01	7.671100e+00	
2  22.83	3.195451e-01	-4.117469e+00	6.167819e-01	-3.582241e+00	1.391377e+00	-6.745430e-01	3.724067e-01	3.001555e-01	1.838366e-01	1.121242e-01	6.872323e-01	8.266848e-01	7.671100e+00	
5  22.0747	3.195451e-01	-4.117469e+00	5.836513e-01	-4.008670e+00	1.391437e+00	-6.359494e-01	3.624365e-01	2.998432e-01	1.937836e-01	9.662303e-02	7.387835e-01	8.266848e-01	7.671100e+00	
3  23.0602	3.195451e-01	-4.117469e+00	7.394413e-01	-4.759742e+00	1.403781e+00	-5.291219e-01	3.559788e-01	2.941201e-01	1.802545e-01	9.649723e-02	7.117707e-01	8.266848e-01	7.671100e+00	
1  24.2969	3.195451e-01	-4.117469e+00	8.785755e-01	-4.836704e+00	1.287772e+00	1.161900e-01	3.576763e-01	2.959446e-01	1.887822e-01	9.941097e-02	7.614235e-01	8.266848e-01	7.671100e+00	
8  24.911	3.195451e-01	-4.117469e+00	8.762154e-01	-4.695784e+00	1.374294e+00	8.347757e-01	3.571776e-01	2.953518e-01	1.731942e-01	8.869533e-02	6.548203e-01	8.266848e-01	7.671100e+00	
1  26.1146	3.195451e-01	-4.117469e+00	8.851991e-01	-4.619799e+00	1.430696e+00	-4.101378e-02	3.393509e-01	2.820759e-01	1.608276e-01	7.133142e-02	5.220828e-01	8.266848e-01	7.671100e+00	
3  24.8294	3.195451e-01	-4.117469e+00	9.275115e-01	-4.932020e+00	1.483020e+00	-6.679531e-01	3.499565e-01	2.688791e-01	1.764904e-01	5.140176e-02	5.990181e-01	8.266848e-01	7.671100e+00	
5  23.7918	3.195451e-01	-4.117469e+00	1.008612e+00	-4.792308e+00	1.499332e+00	-1.373507e+00	3.656946e-01	2.810995e-01	1.963716e-01	4.830595e-02	6.476447e-01	8.266848e-01	7.671100e+00	
3  25.3657	2.672273e-01	-4.642319e+00	1.151700e+00	-4.712556e+00	1.481520e+00	-8.930740e-01	3.685947e-01	2.819355e-01	2.039674e-01	4.966452e-02	6.579397e-01	8.267890e-01	7.671100e+00	
3  25.2755	2.672273e-01	-4.642319e+00	1.132852e+00	-4.877842e+00	1.484658e+00	-1.571044e+00	3.680482e-01	2.781888e-01	2.244283e-01	4.601423e-02	6.158364e-01	8.267890e-01	7.671100e+00	
2  23.9584	2.672273e-01	-4.642319e+00	1.109352e+00	-4.941335e+00	1.511489e+00	-2.074477e+00	3.771240e-01	2.741085e-01	2.175333e-01	4.332502e-02	6.354201e-01	8.267890e-01	7.671100e+00	
26  23.5301	2.672273e-01	-4.642319e+00	1.086543e+00	-4.811618e+00	1.467930e+00	-2.862311e+00	3.932133e-01	2.851422e-01	2.171836e-01	3.101897e-02	6.533074e-01	8.267890e-01	7.671100e+00	
1  23.456	2.672273e-01	-4.642319e+00	1.117284e+00	-4.337227e+00	1.516003e+00	-2.797427e+00	4.092784e-01	2.929737e-01	2.150972e-01	3.057901e-02	7.080902e-01	8.267890e-01	7.671100e+00	
1  24.0106	2.672273e-01	-4.642319e+00	1.196948e+00	-4.059684e+00	1.613670e+00	-3.221322e+00	4.133322e-01	3.009414e-01	2.333475e-01	3.617363e-02	7.819568e-01	8.267890e-01	7.671100e+00	
2  25.4819	2.672273e-01	-4.642319e+00	1.289326e+00	-4.023071e+00	1.583865e+00	-3.993439e+00	4.198143e-01	3.133724e-01	2.367079e-01	2.920334e-02	7.598245e-01	8.267890e-01	7.671100e+00	
8  24.9715	2.672273e-01	-4.642319e+00	1.115488e+00	-4.028748e+00	1.612478e+00	-4.035023e+00	3.875553e-01	2.827011e-01	2.331152e-01	3.451937e-02	7.421623e-01	8.267890e-01	7.671100e+00	
3  25.1433	2.672273e-01	-4.642319e+00	9.758612e-01	-3.597696e+00	1.639781e+00	-3.770539e+00	3.749913e-01	2.707772e-01	2.221574e-01	4.925357e-02	7.264221e-01	8.267890e-01	7.671100e+00	
7  23.4934	2.672273e-01	-4.642319e+00	1.060623e+00	-4.146498e+00	1.673839e+00	-2.753331e+00	3.930474e-01	2.825207e-01	2.061834e-01	5.583934e-02	6.204095e-01	8.267890e-01	7.671100e+00	
4  22.9702	2.672273e-01	-4.642319e+00	1.149060e+00	-3.612518e+00	1.574601e+00	-2.410305e+00	4.043703e-01	2.934417e-01	2.146479e-01	6.524992e-02	7.113672e-01	8.267890e-01	7.671100e+00	
1  23.4468	2.672273e-01	-4.642319e+00	1.043523e+00	-3.248929e+00	1.541318e+00	-1.679878e+00	3.857659e-01	2.813394e-01	1.992001e-01	5.245329e-02	7.992932e-01	8.267890e-01	7.671100e+00	
1  24.2484	2.672273e-01	-4.642319e+00	1.047800e+00	-3.274385e+00	1.554975e+00	-2.272541e+00	4.059441e-01	2.909058e-01	2.086571e-01	4.858491e-02	8.214394e-01	8.267890e-01	7.671100e+00	
4  23.9528	2.672273e-01	-4.642319e+00	8.882979e-01	-2.796801e+00	1.511705e+00	-2.009268e+00	3.887269e-01	3.023916e-01	2.248238e-01	6.200496e-02	7.947236e-01	8.267890e-01	7.671100e+00	
7  24.6234	4.503116e-01	-5.087474e+00	3.381841e-01	-2.649757e+00	1.542276e+00	-3.297002e+00	3.729448e-01	3.056712e-01	2.127940e-01	5.237074e-02	7.423473e-01	8.269408e-01	7.671100e+00	
1  24.7405	4.503116e-01	-5.087474e+00	1.795224e-01	-3.176428e+00	1.537726e+00	-4.501918e+00	3.759264e-01	3.252425e-01	2.216032e-01	4.450199e-02	8.259527e-01	8.269408e-01	7.671100e+00	
8  24.5368	4.503116e-01	-5.087474e+00	1.365323e-01	-3.253454e+00	1.605385e+00	-4.763825e+00	3.831892e-01	3.449882e-01	2.253314e-01	5.742322e-02	8.401334e-01	8.269408e-01	7.671100e+00	
13  25.2491	4.503116e-01	-5.087474e+00	1.081630e-01	-3.737987e+00	1.653381e+00	-4.220571e+00	3.702888e-01	3.324237e-01	2.244951e-01	4.942491e-02	8.931545e-01	8.269408e-01	7.671100e+00	
15  25.4405	4.503116e-01	-5.087474e+00	3.228050e-02	-4.259085e+00	1.699691e+00	-4.560178e+00	3.663007e-01	3.417185e-01	2.238157e-01	6.495280e-02	8.991862e-01	8.269408e-01	7.671100e+00	
7  25.4379	4.139438e-01	-5.882277e+00	1.224404e-01	-4.123352e+00	1.681324e+00	-4.152063e+00	3.672552e-01	3.434688e-01	2.318377e-01	6.497767e-02	9.032621e-01	8.269629e-01	7.671100e+00	
1  24.5366	4.139438e-01	-5.882277e+00	1.298796e-01	-4.102233e+00	1.691204e+00	-4.365084e+00	3.785613e-01	3.381891e-01	2.145737e-01	5.807410e-02	8.384333e-01	8.269629e-01	7.671100e+00	
1  23.9615	4.139438e-01	-5.882277e+00	1.304835e-01	-3.383688e+00	1.567182e+00	-4.082700e+00	3.940563e-01	3.534401e-01	2.289680e-01	6.029462e-02	8.327626e-01	8.269629e-01	7.671100e+00	
4  24.4085	4.139438e-01	-5.882277e+00	1.675474e-01	-3.133468e+00	1.521494e+00	-3.272909e+00	3.993231e-01	3.526152e-01	2.509431e-01	7.525534e-02	8.358545e-01	8.269629e-01	7.671100e+00	
8  24.7063	4.139438e-01	-5.882277e+00	3.842596e-02	-2.965280e+00	1.472027e+00	-3.690596e+00	3.872998e-01	3.352768e-01	2.516363e-01	7.019650e-02	9.247103e-01	8.269629e-01	7.671100e+00	
3  24.2435	4.143401e-01	-5.245163e+00	5.104440e-02	-3.084122e+00	1.480976e+00	-3.803425e+00	3.888409e-01	3.335488e-01	2.475412e-01	7.154024e-02	9.291686e-01	8.270030e-01	7.671100e+00	
4  24.4361	4.143401e-01	-5.245163e+00	1.607064e-02	-2.683622e+00	1.503216e+00	-3.760561e+00	3.896022e-01	3.412737e-01	2.462420e-01	8.431227e-02	9.916272e-01	8.270030e-01	7.671100e+00	
1  27.018	4.143401e-01	-5.245163e+00	1.751479e-01	-3.114055e+00	1.559701e+00	-3.027385e+00	3.983026e-01	3.656240e-01	2.402741e-01	8.581819e-02	9.479668e-01	8.270030e-01	7.671100e+00	
3  26.7167	4.143401e-01	-5.245163e+00	1.167503e-01	-3.373610e+00	1.479271e+00	-1.901336e+00	3.799271e-01	3.741062e-01	2.406842e-01	7.563302e-02	9.861125e-01	8.270030e-01	7.671100e+00	
5  26.4298	4.217144e-01	-5.697574e+00	8.518976e-02	-3.286549e+00	1.474454e+00	-1.878274e+00	3.782188e-01	3.754198e-01	2.429704e-01	7.431579e-02	9.808899e-01	8.269509e-01	7.671100e+00	
1  26.3643	4.217144e-01	-5.697574e+00	5.419063e-02	-3.613814e+00	1.405736e+00	-1.681041e+00	3.533382e-01	3.667048e-01	2.646135e-01	7.783946e-02	9.599177e-01	8.269509e-01	7.671100e+00	
5  26.8577	4.217144e-01	-5.697574e+00	1.483555e-01	-3.320013e+00	1.448462e+00	-2.185133e+00	3.619296e-01	3.613239e-01	2.568332e-01	7.562284e-02	9.616958e-01	8.269509e-01	7.671100e+00	
4  25.4682	4.078547e-01	-4.302058e+00	2.194718e-01	-3.585462e+00	1.465105e+00	-2.322507e+00	3.664863e-01	3.573724e-01	2.490595e-01	7.926453e-02	9.754180e-01	8.268726e-01	7.671100e+00	
3  23.7127	4.078547e-01	-4.302058e+00	1.204762e-01	-3.433634e+00	1.495879e+00	-4.706325e+00	3.730064e-01	3.593873e-01	2.642495e-01	9.528788e-02	9.897652e-01	8.268726e-01	7.671100e+00	
2  23.2418	4.078547e-01	-4.302058e+00	2.028764e-01	-3.867029e+00	1.471984e+00	-4.461846e+00	3.789181e-01	3.530558e-01	2.672264e-01	1.079396e-01	9.183854e-01	8.268726e-01	7.671100e+00	
6  23.3835	4.078547e-01	-4.302058e+00	1.840885e-01	-3.567375e+00	1.508928e+00	-4.001758e+00	3.671738e-01	3.358563e-01	2.587995e-01	8.208932e-02	9.519908e-01	8.268726e-01	7.671100e+00	
1  23.5353	4.078547e-01	-4.302058e+00	1.606220e-01	-3.278491e+00	1.577323e+00	-4.704848e+00	3.750222e-01	3.391117e-01	2.404359e-01	8.074897e-02	9.367394e-01	8.268726e-01	7.671100e+00	
3  23.5849	4.078547e-01	-4.302058e+00	2.179821e-01	-2.869436e+00	1.512672e+00	-4.729613e+00	3.719071e-01	3.216288e-01	2.470263e-01	9.541901e-02	9.604602e-01	8.268726e-01	7.671100e+00	
4  23.5986	4.078547e-01	-4.302058e+00	2.068826e-01	-2.653362e+00	1.624365e+00	-4.608496e+00	3.960717e-01	3.235404e-01	2.296236e-01	1.009425e-01	9.470448e-01	8.268726e-01	7.671100e+00	
6  23.6184	4.121966e-01	-4.468344e+00	1.904661e-01	-2.620792e+00	1.622922e+00	-4.612178e+00	3.953130e-01	3.240417e-01	2.303314e-01	1.003809e-01	9.446869e-01	8.270306e-01	7.671100e+00	
1  25.0934	4.121966e-01	-4.468344e+00	4.679151e-01	-2.850617e+00	1.566027e+00	-4.011429e+00	4.015497e-01	3.149988e-01	2.205743e-01	8.872241e-02	8.111317e-01	8.270306e-01	7.671100e+00	
8  23.9461	4.121966e-01	-4.468344e+00	3.374355e-01	-2.307223e+00	1.594405e+00	-4.090999e+00	4.049974e-01	3.114180e-01	2.209779e-01	9.439441e-02	8.669619e-01	8.270306e-01	7.671100e+00	
4  23.6461	4.121966e-01	-4.468344e+00	2.973970e-01	-1.660736e+00	1.591516e+00	-4.228070e+00	3.950262e-01	3.029152e-01	2.188963e-01	1.132913e-01	8.318038e-01	8.270306e-01	7.671100e+00	
2  24.1511	4.121966e-01	-4.468344e+00	2.373593e-01	-2.518201e+00	1.597179e+00	-4.458468e+00	3.810571e-01	3.017918e-01	2.137901e-01	1.099841e-01	8.322238e-01	8.270306e-01	7.671100e+00	
1  23.4072	3.742592e-01	-4.182260e+00	3.555450e-01	-2.584870e+00	1.593543e+00	-4.225063e+00	3.848059e-01	3.005851e-01	2.150467e-01	1.123949e-01	8.444657e-01	8.273444e-01	7.671100e+00	
5  24.2703	2.850896e-01	-3.390175e+00	6.359228e-01	-2.763919e+00	1.586662e+00	-3.697095e+00	3.939125e-01	2.974235e-01	2.172371e-01	1.183175e-01	8.740968e-01	8.269914e-01	7.671100e+00	
2  23.4795	2.850896e-01	-3.390175e+00	6.038102e-01	-3.142482e+00	1.608541e+00	-3.015098e+00	3.956409e-01	2.980777e-01	2.107221e-01	9.908018e-02	8.493351e-01	8.269914e-01	7.671100e+00	
1  22.2023	2.850896e-01	-3.390175e+00	5.403749e-01	-3.156819e+00	1.634551e+00	-3.347432e+00	3.900589e-01	2.813786e-01	2.160937e-01	9.384068e-02	8.242918e-01	8.269914e-01	7.671100e+00	
3  21.8191	2.850896e-01	-3.390175e+00	6.050202e-01	-3.208114e+00	1.609895e+00	-3.387485e+00	4.031594e-01	2.898976e-01	2.093795e-01	9.235209e-02	7.548416e-01	8.269914e-01	7.671100e+00	
4  21.7918	2.954795e-01	-6.098343e+00	5.157391e-01	-2.698741e+00	1.574283e+00	-2.997874e+00	3.956405e-01	2.973793e-01	2.258059e-01	8.606770e-02	7.326467e-01	8.269311e-01	7.671100e+00	
1  20.9592	2.954795e-01	-6.098343e+00	5.153527e-01	-3.613794e+00	1.547995e+00	-2.887661e+00	4.124681e-01	2.963347e-01	2.208848e-01	8.748801e-02	5.755502e-01	8.269311e-01	7.671100e+00	
11  21.1267	2.954795e-01	-6.098343e+00	4.722155e-01	-3.888485e+00	1.521286e+00	-1.190652e+00	3.947094e-01	3.213413e-01	2.212294e-01	6.709328e-02	5.820612e-01	8.269311e-01	7.671100e+00	
1  22.3221	2.954795e-01	-6.098343e+00	5.593682e-01	-4.086977e+00	1.472105e+00	-1.171512e+00	3.940549e-01	3.049233e-01	2.293899e-01	6.424154e-02	5.768510e-01	8.269311e-01	7.671100e+00	
1  22.4568	2.954795e-01	-6.098343e+00	4.641634e-01	-4.396912e+00	1.424471e+00	-5.911371e-01	3.827189e-01	2.967725e-01	2.271058e-01	4.962814e-02	5.290093e-01	8.269311e-01	7.671100e+00	
2  21.7931	2.954795e-01	-6.098343e+00	6.908830e-01	-4.122170e+00	1.336336e+00	-1.018132e+00	3.764790e-01	2.991659e-01	2.313111e-01	4.928472e-02	5.491426e-01	8.269311e-01	7.671100e+00	
3  22.1633	2.954795e-01	-6.098343e+00	6.299919e-01	-3.991690e+00	1.347494e+00	-6.900999e-01	3.829552e-01	2.992475e-01	2.200582e-01	6.775453e-02	6.022907e-01	8.269311e-01	7.671100e+00	
2  22.9142	2.954795e-01	-6.098343e+00	5.589547e-01	-4.178595e+00	1.435199e+00	-1.737504e+00	4.022556e-01	3.015547e-01	2.220110e-01	8.166668e-02	6.501369e-01	8.269311e-01	7.671100e+00	
1  22.3119	2.954795e-01	-6.098343e+00	4.719159e-01	-4.270781e+00	1.551769e+00	-2.719069e+00	4.167640e-01	2.930625e-01	2.230594e-01	8.476556e-02	7.125681e-01	8.269311e-01	7.671100e+00	
7  21.2347	2.954795e-01	-6.098343e+00	5.496598e-01	-4.738004e+00	1.592594e+00	-3.615182e+00	4.156624e-01	2.809001e-01	2.210652e-01	9.302675e-02	6.039402e-01	8.269311e-01	7.671100e+00	
2  21.0441	3.009140e-01	-6.442966e+00	5.261587e-01	-4.671749e+00	1.588888e+00	-3.596251e+00	4.143758e-01	2.818987e-01	2.228215e-01	9.203203e-02	6.000111e-01	8.267644e-01	7.671100e+00	
1  21.5694	3.009140e-01	-6.442966e+00	5.783040e-01	-4.351229e+00	1.543791e+00	-3.499626e+00	4.161568e-01	2.942852e-01	2.393072e-01	8.331698e-02	6.457091e-01	8.267644e-01	7.671100e+00	
5  21.2925	3.009140e-01	-6.442966e+00	4.932747e-01	-3.856479e+00	1.526700e+00	-3.711393e+00	3.925649e-01	2.915712e-01	2.453299e-01	9.410725e-02	6.263090e-01	8.267644e-01	7.671100e+00	
10  21.7585	3.009140e-01	-6.442966e+00	5.119898e-01	-3.870191e+00	1.453967e+00	-3.661143e+00	3.876923e-01	3.074037e-01	2.617949e-01	1.070768e-01	7.212531e-01	8.267644e-01	7.671100e+00	
3  21.8563	3.009140e-01	-6.442966e+00	4.819660e-01	-3.866043e+00	1.476196e+00	-3.614287e+00	3.989993e-01	2.957248e-01	2.558591e-01	1.049189e-01	6.597826e-01	8.267644e-01	7.671100e+00	
3  21.6601	2.069965e-01	-7.118961e+00	7.445884e-01	-3.772587e+00	1.447925e+00	-2.797751e+00	4.048626e-01	2.965017e-01	2.677972e-01	1.079270e-01	6.801708e-01	8.262020e-01	7.671100e+00	
4  21.5898	2.069965e-01	-7.118961e+00	5.729672e-01	-3.554407e+00	1.473011e+00	-1.772521e+00	3.832320e-01	2.947183e-01	2.604352e-01	1.027058e-01	7.302962e-01	8.262020e-01	7.671100e+00	
2  21.4875	2.069965e-01	-7.118961e+00	6.166125e-01	-3.374795e+00	1.412084e+00	-2.348439e+00	3.849009e-01	2.894222e-01	2.715581e-01	9.902245e-02	6.575847e-01	8.262020e-01	7.671100e+00	
2  20.7887	2.069965e-01	-7.118961e+00	6.245094e-01	-3.416986e+00	1.453380e+00	-2.175769e+00	3.880688e-01	3.041217e-01	2.719026e-01	9.867786e-02	5.955891e-01	8.262020e-01	7.671100e+00	
1  22.3381	2.812457e-01	-5.141395e+00	4.481174e-01	-3.760375e+00	1.495820e+00	-3.070186e+00	3.869961e-01	2.995832e-01	2.532616e-01	9.938602e-02	5.898105e-01	8.269785e-01	7.671100e+00	
1  21.4711	1.450876e-01	-4.692103e+00	8.597906e-01	-3.891809e+00	1.474731e+00	-2.132902e+00	3.990249e-01	2.968227e-01	2.614541e-01	1.068038e-01	6.296094e-01	8.261923e-01	7.671100e+00	
1  19.3352	1.450876e-01	-4.692103e+00	8.385421e-01	-3.945207e+00	1.487067e+00	-3.222132e+00	3.968333e-01	2.943102e-01	2.609273e-01	1.057220e-01	5.791814e-01	8.261923e-01	7.671100e+00	
2  19.7362	1.450876e-01	-4.692103e+00	8.138710e-01	-3.639609e+00	1.510709e+00	-3.315738e+00	3.999681e-01	3.060850e-01	2.527457e-01	9.725944e-02	5.358024e-01	8.261923e-01	7.671100e+00	
5  19.8984	1.450876e-01	-4.692103e+00	7.637442e-01	-3.672969e+00	1.503212e+00	-3.277786e+00	3.834689e-01	2.903319e-01	2.524376e-01	8.726479e-02	4.918539e-01	8.261923e-01	7.671100e+00	
1  20.5556	1.450876e-01	-4.692103e+00	8.074449e-01	-3.686352e+00	1.433951e+00	-3.136963e+00	3.704224e-01	2.780596e-01	2.502528e-01	8.989338e-02	5.386829e-01	8.261923e-01	7.671100e+00	
4  20.2037	1.396593e-01	-4.948816e+00	8.179140e-01	-3.640307e+00	1.429288e+00	-3.052234e+00	3.702239e-01	2.786964e-01	2.523308e-01	8.960179e-02	5.383019e-01	8.263187e-01	7.671100e+00	
6  21.5168	1.396593e-01	-4.948816e+00	7.738867e-01	-3.950564e+00	1.402523e+00	-2.103137e+00	3.693482e-01	2.686604e-01	2.330438e-01	8.997369e-02	5.037903e-01	8.263187e-01	7.671100e+00	
6  20.383	1.396593e-01	-4.948816e+00	7.472922e-01	-2.997541e+00	1.429534e+00	-1.083676e+00	3.633664e-01	2.741872e-01	2.199274e-01	7.144112e-02	5.041800e-01	8.263187e-01	7.671100e+00	
7  19.8428	1.396593e-01	-4.948816e+00	8.309376e-01	-4.029232e+00	1.479424e+00	-1.795709e+00	3.829613e-01	2.727071e-01	2.275599e-01	8.589019e-02	5.329284e-01	8.263187e-01	7.671100e+00	
2  19.8916	2.010299e-01	-3.956273e+00	6.712470e-01	-4.193165e+00	1.505565e+00	-2.424268e+00	3.804897e-01	2.707016e-01	2.162464e-01	8.510252e-02	5.235522e-01	8.264560e-01	7.671100e+00	
4  19.2014	2.010299e-01	-3.956273e+00	8.261114e-01	-4.080019e+00	1.493411e+00	-3.514382e+00	3.974484e-01	2.844172e-01	2.439258e-01	9.014275e-02	4.893561e-01	8.264560e-01	7.671100e+00	
12  19.4753	2.010299e-01	-3.956273e+00	7.747027e-01	-4.397416e+00	1.513900e+00	-3.835295e+00	4.002289e-01	2.952826e-01	2.347676e-01	7.769958e-02	4.075237e-01	8.264560e-01	7.671100e+00	
2  20.5457	2.010299e-01	-3.956273e+00	8.375167e-01	-4.838861e+00	1.599684e+00	-3.315977e+00	4.226373e-01	3.192737e-01	2.217029e-01	6.518227e-02	4.023276e-01	8.264560e-01	7.671100e+00	
3  21.523	2.010299e-01	-3.956273e+00	7.341091e-01	-4.851716e+00	1.591265e+00	-1.883977e+00	3.975190e-01	3.337364e-01	2.192971e-01	6.705190e-02	3.251472e-01	8.264560e-01	7.671100e+00	
8  21.7521	2.010299e-01	-3.956273e+00	6.635143e-01	-4.418874e+00	1.554814e+00	-1.743218e+00	3.839369e-01	3.321575e-01	2.230675e-01	6.797533e-02	3.540519e-01	8.264560e-01	7.671100e+00	
2  22.4376	2.010299e-01	-3.956273e+00	5.908265e-01	-4.550280e+00	1.550043e+00	-2.499301e+00	3.805703e-01	3.410285e-01	2.282666e-01	7.340630e-02	3.989702e-01	8.264560e-01	7.671100e+00	
3  22.4502	1.946863e-01	-3.405972e+00	6.214628e-01	-4.655262e+00	1.556430e+00	-2.546927e+00	3.824376e-01	3.394604e-01	2.252725e-01	7.488399e-02	4.046173e-01	8.268489e-01	7.671100e+00	
3  21.1394	1.946863e-01	-3.405972e+00	7.500038e-01	-4.916376e+00	1.541192e+00	-2.820306e+00	3.794597e-01	3.325452e-01	2.123081e-01	6.275023e-02	3.791638e-01	8.268489e-01	7.671100e+00	
4  21.7676	1.946863e-01	-3.405972e+00	8.050463e-01	-4.805441e+00	1.501926e+00	-3.377483e+00	3.911799e-01	3.359791e-01	2.309833e-01	6.095082e-02	4.258498e-01	8.268489e-01	7.671100e+00	
2  22.5168	2.098775e-01	-3.465373e+00	7.589149e-01	-4.789045e+00	1.504149e+00	-3.480457e+00	3.898149e-01	3.363123e-01	2.301284e-01	6.010339e-02	4.213430e-01	8.266675e-01	7.671100e+00	
1  20.9607	2.098775e-01	-3.465373e+00	6.525946e-01	-4.510882e+00	1.467349e+00	-3.436111e+00	3.862138e-01	3.309913e-01	2.264997e-01	5.307539e-02	4.111464e-01	8.266675e-01	7.671100e+00	
6  20.5652	2.098775e-01	-3.465373e+00	6.230624e-01	-4.468633e+00	1.436642e+00	-3.163470e+00	3.790147e-01	3.368388e-01	2.337326e-01	4.728527e-02	5.042014e-01	8.266675e-01	7.671100e+00	
1  21.9788	2.098775e-01	-3.465373e+00	7.634346e-01	-4.725466e+00	1.441028e+00	-3.993749e+00	3.951822e-01	3.231105e-01	2.101465e-01	6.341006e-02	4.941113e-01	8.266675e-01	7.671100e+00	
1  21.6541	2.098775e-01	-3.465373e+00	6.813427e-01	-4.268394e+00	1.471640e+00	-2.547660e+00	3.918134e-01	3.183266e-01	2.105916e-01	4.870750e-02	5.978216e-01	8.266675e-01	7.671100e+00	
1  20.0993	1.888975e-01	-5.179876e+00	7.061727e-01	-3.955537e+00	1.443560e+00	-2.095618e+00	3.892634e-01	3.227518e-01	2.232290e-01	4.603578e-02	5.911738e-01	8.266111e-01	7.671100e+00	
2  20.4103	2.048006e-01	-3.471816e+00	6.961908e-01	-4.268964e+00	1.470531e+00	-2.508711e+00	3.922047e-01	3.182868e-01	2.110450e-01	4.893448e-02	5.991394e-01	8.267104e-01	7.671100e+00	
1  22.4635	2.048006e-01	-3.471816e+00	7.761791e-01	-3.584001e+00	1.486248e+00	-3.310356e+00	3.960408e-01	3.133523e-01	2.015518e-01	5.335860e-02	6.566117e-01	8.267104e-01	7.671100e+00	
1  22.9336	2.048006e-01	-3.471816e+00	6.853566e-01	-3.066807e+00	1.447961e+00	-2.163169e+00	4.019065e-01	3.254928e-01	2.031690e-01	4.602252e-02	7.224245e-01	8.267104e-01	7.671100e+00	
4  20.3877	2.048006e-01	-3.471816e+00	5.844726e-01	-3.306599e+00	1.517555e+00	-2.814619e+00	4.059319e-01	3.113093e-01	2.180918e-01	6.351403e-02	7.054334e-01	8.267104e-01	7.671100e+00	
1  21.0281	2.048006e-01	-3.471816e+00	7.537810e-01	-3.569508e+00	1.530830e+00	-2.701559e+00	3.965564e-01	2.961957e-01	1.931413e-01	6.948989e-02	7.122635e-01	8.267104e-01	7.671100e+00	
3  21.5609	2.048006e-01	-3.471816e+00	7.862568e-01	-3.946755e+00	1.531475e+00	-2.826752e+00	4.134077e-01	3.045622e-01	1.960974e-01	8.060242e-02	6.343207e-01	8.267104e-01	7.671100e+00	
2  21.3906	2.048006e-01	-3.471816e+00	7.795905e-01	-4.560843e+00	1.579053e+00	-3.396658e+00	4.086045e-01	3.070664e-01	1.968972e-01	5.674582e-02	7.482998e-01	8.267104e-01	7.671100e+00	
1  22.0263	2.048006e-01	-3.471816e+00	7.493782e-01	-4.121986e+00	1.607585e+00	-3.074969e+00	3.988096e-01	2.726901e-01	1.966294e-01	5.738537e-02	6.551568e-01	8.267104e-01	7.671100e+00	
5  22.2669	2.048006e-01	-3.471816e+00	8.132405e-01	-3.388099e+00	1.534872e+00	-4.007583e+00	4.005008e-01	3.031315e-01	2.190412e-01	6.385670e-02	6.116370e-01	8.267104e-01	7.671100e+00	
3  21.1842	2.048006e-01	-3.471816e+00	6.736066e-01	-3.207438e+00	1.639482e+00	-3.246487e+00	3.911480e-01	3.012198e-01	2.278032e-01	6.436928e-02	5.959976e-01	8.267104e-01	7.671100e+00	
1  21.479	2.048006e-01	-3.471816e+00	7.482628e-01	-2.580339e+00	1.585626e+00	-2.906357e+00	3.874026e-01	3.014532e-01	2.373785e-01	7.886951e-02	7.119367e-01	8.267104e-01	7.671100e+00	
1  23.7562	2.048006e-01	-3.471816e+00	8.395248e-01	-2.362006e+00	1.674710e+00	-2.953289e+00	3.853792e-01	3.149339e-01	2.201817e-01	8.747809e-02	6.922286e-01	8.267104e-01	7.671100e+00	
4  25.9209	2.048006e-01	-3.471816e+00	9.794491e-01	-2.069889e+00	1.599423e+00	-2.273383e+00	3.684775e-01	3.272848e-01	2.199326e-01	8.662045e-02	6.892175e-01	8.267104e-01	7.671100e+00	
1  24.1154	2.048006e-01	-3.471816e+00	8.613273e-01	-2.070105e+00	1.542589e+00	-1.955723e+00	3.700354e-01	3.270443e-01	2.001703e-01	9.199575e-02	7.149646e-01	8.267104e-01	7.671100e+00	
5  21.854	2.048006e-01	-3.471816e+00	7.571937e-01	-1.739097e+00	1.442637e+00	-1.935939e+00	3.653428e-01	3.019664e-01	1.902358e-01	8.526306e-02	6.691208e-01	8.267104e-01	7.671100e+00	
3  21.5856	2.048006e-01	-3.471816e+00	7.023983e-01	-1.600168e+00	1.427651e+00	-8.270944e-01	3.739020e-01	3.019463e-01	1.848913e-01	8.102515e-02	5.632046e-01	8.267104e-01	7.671100e+00	
2  21.1609	2.048006e-01	-3.471816e+00	6.179614e-01	-1.729029e+00	1.509017e+00	-1.981748e+00	3.773408e-01	2.932995e-01	1.902811e-01	8.274973e-02	4.900772e-01	8.267104e-01	7.671100e+00	
8  20.7485	2.048006e-01	-3.471816e+00	6.541238e-01	-2.263779e+00	1.490657e+00	-8.512034e-01	3.759557e-01	2.915109e-01	1.980467e-01	6.725913e-02	5.460245e-01	8.267104e-01	7.671100e+00	
21  21.0965	2.048006e-01	-3.471816e+00	6.821481e-01	-2.747665e+00	1.567977e+00	-1.796129e+00	3.881614e-01	2.899923e-01	1.894229e-01	9.318893e-02	4.816109e-01	8.267104e-01	7.671100e+00	
11  22.0878	2.048006e-01	-3.471816e+00	6.530640e-01	-2.565710e+00	1.596234e+00	-1.928579e+00	4.004537e-01	2.949367e-01	1.927197e-01	9.025705e-02	4.649870e-01	8.267104e-01	7.671100e+00	
1  23.6499	2.048006e-01	-3.471816e+00	8.534628e-01	-3.034641e+00	1.634100e+00	-2.134289e+00	4.236045e-01	3.040174e-01	2.095759e-01	8.397566e-02	4.174046e-01	8.267104e-01	7.671100e+00	
3  22.7402	2.048006e-01	-3.471816e+00	7.355973e-01	-2.707361e+00	1.552280e+00	-2.228800e+00	4.128892e-01	3.091799e-01	2.282467e-01	9.355399e-02	4.769885e-01	8.267104e-01	7.671100e+00	
1  21.5077	2.048006e-01	-3.471816e+00	7.574161e-01	-3.370567e+00	1.554707e+00	-2.609537e+00	4.032976e-01	2.911513e-01	2.256664e-01	1.001223e-01	4.015387e-01	8.267104e-01	7.671100e+00	
1  23.682	2.048006e-01	-3.471816e+00	7.837291e-01	-3.567793e+00	1.596520e+00	-3.238655e+00	4.047670e-01	3.109146e-01	2.386929e-01	9.344049e-02	3.217779e-01	8.267104e-01	7.671100e+00	
4  24.5684	2.048006e-01	-3.471816e+00	8.012687e-01	-3.808211e+00	1.532453e+00	-3.082948e+00	4.146437e-01	3.303737e-01	2.525262e-01	8.832300e-02	3.057236e-01	8.267104e-01	7.671100e+00	
2  23.838	2.048006e-01	-3.471816e+00	7.946755e-01	-4.369179e+00	1.622098e+00	-3.875890e+00	4.237639e-01	3.138517e-01	2.500544e-01	1.012172e-01	3.117243e-01	8.267104e-01	7.671100e+00	
2  22.3265	2.048006e-01	-3.471816e+00	8.075947e-01	-4.166834e+00	1.577038e+00	-4.047163e+00	4.043554e-01	3.050768e-01	2.588544e-01	1.003029e-01	3.602730e-01	8.267104e-01	7.671100e+00	
6  23.0894	2.048006e-01	-3.471816e+00	8.363295e-01	-3.725007e+00	1.585724e+00	-4.841521e+00	4.092638e-01	2.855979e-01	2.507972e-01	9.029527e-02	3.540819e-01	8.267104e-01	7.671100e+00	
4  22.1165	2.048006e-01	-3.471816e+00	9.186494e-01	-4.550351e+00	1.587656e+00	-3.296907e+00	4.215121e-01	2.933010e-01	2.331128e-01	7.720633e-02	3.192069e-01	8.267104e-01	7.671100e+00	
2  23.4049	2.048006e-01	-3.471816e+00	8.456727e-01	-4.420345e+00	1.512781e+00	-2.099404e+00	4.310065e-01	2.856301e-01	2.340995e-01	7.631519e-02	3.911973e-01	8.267104e-01	7.671100e+00	
2  23.7695	2.048006e-01	-3.471816e+00	8.935346e-01	-4.525366e+00	1.520219e+00	-2.536206e+00	4.474959e-01	2.948878e-01	2.236652e-01	6.924718e-02	3.971681e-01	8.267104e-01	7.671100e+00	
9  25.923	2.048006e-01	-3.471816e+00	9.377303e-01	-4.398549e+00	1.468053e+00	-3.454621e+00	4.602086e-01	3.115716e-01	2.259207e-01	8.587975e-02	4.590835e-01	8.267104e-01	7.671100e+00	
4  24.4252	2.048006e-01	-3.471816e+00	8.784139e-01	-3.658637e+00	1.454119e+00	-3.146850e+00	4.403784e-01	3.058767e-01	2.213158e-01	8.711054e-02	3.560989e-01	8.267104e-01	7.671100e+00	
3  24.382	2.196667e-01	-4.604082e+00	8.100237e-01	-3.441998e+00	1.441343e+00	-3.062377e+00	4.363910e-01	3.091237e-01	2.273290e-01	8.398410e-02	3.439925e-01	8.265789e-01	7.671100e+00	
1  24.1593	2.196667e-01	-4.604082e+00	7.615050e-01	-3.451364e+00	1.441566e+00	-2.626346e+00	4.292092e-01	3.047435e-01	2.286206e-01	9.988857e-02	3.610561e-01	8.265789e-01	7.671100e+00	
2  22.0355	2.196667e-01	-4.604082e+00	9.434193e-01	-3.978612e+00	1.560422e+00	-3.491398e+00	4.356774e-01	2.977562e-01	2.228687e-01	9.841394e-02	3.806466e-01	8.265789e-01	7.671100e+00	
1  22.1196	2.196667e-01	-4.604082e+00	8.892822e-01	-3.410949e+00	1.501993e+00	-3.355001e+00	4.229591e-01	2.995909e-01	2.466702e-01	9.743802e-02	4.631891e-01	8.265789e-01	7.671100e+00	
8  19.9546	2.196667e-01	-4.604082e+00	7.597677e-01	-3.525708e+00	1.518229e+00	-3.568594e+00	4.061330e-01	2.832967e-01	2.537541e-01	1.052189e-01	5.983344e-01	8.265789e-01	7.671100e+00	
3  20.3104	2.196667e-01	-4.604082e+00	7.027783e-01	-2.803639e+00	1.430245e+00	-2.755181e+00	3.943677e-01	2.861739e-01	2.378394e-01	9.089875e-02	5.787695e-01	8.265789e-01	7.671100e+00	
2  20.8112	2.196667e-01	-4.604082e+00	6.375423e-01	-2.319907e+00	1.443302e+00	-2.566835e+00	3.877607e-01	2.810294e-01	2.535195e-01	8.809391e-02	5.745636e-01	8.265789e-01	7.671100e+00	
1  21.6361	2.196667e-01	-4.604082e+00	7.581325e-01	-1.757752e+00	1.425468e+00	-2.582828e+00	3.805354e-01	2.875766e-01	2.691689e-01	7.955892e-02	5.899137e-01	8.265789e-01	7.671100e+00	
3  21.1416	2.338070e-01	-4.679208e+00	7.147633e-01	-1.738786e+00	1.427262e+00	-2.675258e+00	3.792159e-01	2.879407e-01	2.684997e-01	7.872770e-02	5.855766e-01	8.266110e-01	7.671100e+00	
1  21.7515	2.338070e-01	-4.679208e+00	8.190407e-01	-2.236946e+00	1.501407e+00	-4.334473e+00	3.970127e-01	2.933059e-01	2.580219e-01	1.006680e-01	5.648107e-01	8.266110e-01	7.671100e+00	
2  21.2422	2.338070e-01	-4.679208e+00	6.276074e-01	-1.825569e+00	1.488690e+00	-2.249246e+00	3.807926e-01	2.829266e-01	2.414015e-01	1.088776e-01	5.975719e-01	8.266110e-01	7.671100e+00	
2  23.0864	2.338070e-01	-4.679208e+00	5.811164e-01	-2.106001e+00	1.532498e+00	-3.374623e+00	3.705223e-01	2.857743e-01	2.637613e-01	1.077482e-01	6.415662e-01	8.266110e-01	7.671100e+00	
2  23.3583	2.338070e-01	-4.679208e+00	7.096821e-01	-2.034214e+00	1.554510e+00	-4.581860e+00	3.834618e-01	3.169811e-01	2.752632e-01	1.195762e-01	6.480473e-01	8.266110e-01	7.671100e+00	
2  24.8578	2.338070e-01	-4.679208e+00	6.508519e-01	-1.996754e+00	1.468902e+00	-3.853660e+00	3.801990e-01	3.542402e-01	2.901175e-01	1.282101e-01	8.033050e-01	8.266110e-01	7.671100e+00	
6  23.1614	3.132389e-01	-4.194807e+00	4.268458e-01	-2.059487e+00	1.491596e+00	-4.529195e+00	3.750246e-01	3.538206e-01	2.805777e-01	1.254792e-01	7.854358e-01	8.270639e-01	7.671100e+00	
7  23.5256	3.132389e-01	-4.194807e+00	4.916933e-01	-2.403831e+00	1.477295e+00	-4.335704e+00	3.702855e-01	3.612255e-01	2.849561e-01	1.280192e-01	7.925702e-01	8.270639e-01	7.671100e+00	
5  25.1374	3.132389e-01	-4.194807e+00	4.271418e-01	-3.076006e+00	1.478907e+00	-4.973616e+00	3.668023e-01	3.511286e-01	2.704543e-01	1.305535e-01	6.899827e-01	8.270639e-01	7.671100e+00	
1  23.4004	3.132389e-01	-4.194807e+00	5.227759e-01	-3.268942e+00	1.486416e+00	-4.344444e+00	3.718831e-01	3.556061e-01	2.340366e-01	1.252705e-01	7.073078e-01	8.270639e-01	7.671100e+00	
4  23.2815	3.132389e-01	-4.194807e+00	5.825353e-01	-2.484689e+00	1.420557e+00	-3.216113e+00	3.794163e-01	3.572784e-01	2.502828e-01	1.124902e-01	8.206523e-01	8.270639e-01	7.671100e+00	
4  23.5546	3.132389e-01	-4.194807e+00	5.125570e-01	-2.825565e+00	1.540557e+00	-3.447100e+00	3.817686e-01	3.699980e-01	2.509077e-01	1.183172e-01	7.600035e-01	8.270639e-01	7.671100e+00	
2  23.1973	3.132389e-01	-4.194807e+00	5.106517e-01	-3.064559e+00	1.546798e+00	-3.533412e+00	3.759892e-01	3.523340e-01	2.489546e-01	1.206122e-01	7.977609e-01	8.270639e-01	7.671100e+00	
1  23.4375	3.132389e-01	-4.194807e+00	4.879778e-01	-3.218961e+00	1.523570e+00	-3.467327e+00	3.525887e-01	3.350998e-01	2.522908e-01	1.199143e-01	7.864796e-01	8.270639e-01	7.671100e+00	
7  23.4637	3.132389e-01	-4.194807e+00	4.552286e-01	-3.365077e+00	1.532956e+00	-4.714809e+00	3.823224e-01	3.422537e-01	2.621498e-01	1.391089e-01	8.920455e-01	8.270639e-01	7.671100e+00	
3  22.5216	3.132389e-01	-4.194807e+00	6.165116e-01	-4.079433e+00	1.645283e+00	-4.756451e+00	3.979649e-01	3.333214e-01	2.598315e-01	1.295401e-01	7.342683e-01	8.270639e-01	7.671100e+00	
6  21.4569	3.132389e-01	-4.194807e+00	6.647292e-01	-3.977545e+00	1.552887e+00	-3.902078e+00	3.880174e-01	3.048321e-01	2.704876e-01	1.319996e-01	7.651853e-01	8.270639e-01	7.671100e+00	
1  21.5759	3.132389e-01	-4.194807e+00	7.076713e-01	-4.570489e+00	1.509519e+00	-3.875572e+00	4.142716e-01	3.198408e-01	2.737613e-01	1.197950e-01	7.640234e-01	8.270639e-01	7.671100e+00	
1  22.1685	3.132389e-01	-4.194807e+00	6.892225e-01	-4.103272e+00	1.500625e+00	-3.384354e+00	4.041109e-01	3.277712e-01	2.749194e-01	1.081567e-01	7.653538e-01	8.270639e-01	7.671100e+00	
12  22.0578	3.132389e-01	-4.194807e+00	6.967857e-01	-4.604118e+00	1.446728e+00	-2.891104e+00	3.846425e-01	3.386824e-01	2.774701e-01	1.079679e-01	7.534174e-01	8.270639e-01	7.671100e+00	
3  20.9599	3.132389e-01	-4.194807e+00	5.668089e-01	-4.262518e+00	1.452139e+00	-3.121150e+00	3.875474e-01	3.274754e-01	2.960772e-01	1.121089e-01	7.584189e-01	8.270639e-01	7.671100e+00	
2  21.2135	3.132389e-01	-4.194807e+00	5.751958e-01	-3.262331e+00	1.422700e+00	-3.109516e+00	3.837026e-01	3.387967e-01	2.916162e-01	1.094529e-01	7.162295e-01	8.270639e-01	7.671100e+00	
7  21.3783	3.071320e-01	-4.143215e+00	5.943405e-01	-3.274097e+00	1.422192e+00	-3.072899e+00	3.843197e-01	3.385874e-01	2.917831e-01	1.098528e-01	7.182398e-01	8.268030e-01	7.671100e+00	
5  20.8449	3.071320e-01	-4.143215e+00	4.333075e-01	-3.216398e+00	1.470583e+00	-3.625549e+00	3.879143e-01	3.265771e-01	2.914975e-01	1.126645e-01	8.147970e-01	8.268030e-01	7.671100e+00	
4  21.1373	2.690833e-01	-4.485330e+00	5.382263e-01	-3.165790e+00	1.458180e+00	-3.282977e+00	3.901211e-01	3.270774e-01	2.967692e-01	1.137372e-01	8.225678e-01	8.267657e-01	7.671100e+00	
5  21.3777	2.690833e-01	-4.485330e+00	4.800966e-01	-3.534745e+00	1.454291e+00	-4.011419e+00	4.007921e-01	3.405690e-01	3.036063e-01	9.486410e-02	8.816405e-01	8.267657e-01	7.671100e+00	
5  20.8423	2.690833e-01	-4.485330e+00	5.024162e-01	-3.759036e+00	1.511291e+00	-4.333340e+00	4.095067e-01	3.339599e-01	3.031645e-01	8.961888e-02	8.302542e-01	8.267657e-01	7.671100e+00	
1  20.6941	2.690833e-01	-4.485330e+00	4.842533e-01	-4.079135e+00	1.530242e+00	-4.418669e+00	4.296473e-01	3.213632e-01	2.899119e-01	1.058081e-01	8.624576e-01	8.267657e-01	7.671100e+00	
3  22.6534	2.690833e-01	-4.485330e+00	4.860748e-01	-4.553353e+00	1.475577e+00	-2.969331e+00	4.238722e-01	3.148571e-01	2.774159e-01	1.224903e-01	8.074498e-01	8.267657e-01	7.671100e+00	
2  23.5832	2.690833e-01	-4.485330e+00	3.418923e-01	-4.673653e+00	1.512404e+00	-2.240553e+00	4.137027e-01	2.964164e-01	2.609661e-01	1.220170e-01	8.375264e-01	8.267657e-01	7.671100e+00	
3  22.4859	2.690833e-01	-4.485330e+00	3.254329e-01	-3.833079e+00	1.544244e+00	-3.771899e+00	4.371790e-01	2.934442e-01	2.589620e-01	1.656705e-01	9.989938e-01	8.267657e-01	7.671100e+00	
9  23.2588	2.690833e-01	-4.485330e+00	2.780980e-01	-3.693100e+00	1.605259e+00	-4.106849e+00	4.292391e-01	2.844025e-01	2.548070e-01	1.534602e-01	9.526545e-01	8.267657e-01	7.671100e+00	
2  22.9056	2.266686e-01	-3.807501e+00	4.179789e-01	-3.834490e+00	1.606177e+00	-3.907635e+00	4.343141e-01	2.820799e-01	2.539290e-01	1.569212e-01	9.689060e-01	8.267115e-01	7.671100e+00	
6  22.3453	2.266686e-01	-3.807501e+00	4.079251e-01	-4.182574e+00	1.699620e+00	-4.319940e+00	4.531734e-01	2.912508e-01	2.346478e-01	1.483420e-01	9.260083e-01	8.267115e-01	7.671100e+00	
1  22.2849	2.266686e-01	-3.807501e+00	3.762198e-01	-3.012539e+00	1.663249e+00	-4.582148e+00	4.648617e-01	2.999298e-01	2.533359e-01	1.417504e-01	8.852220e-01	8.267115e-01	7.671100e+00	
7  22.5083	2.266686e-01	-3.807501e+00	2.785707e-01	-2.804368e+00	1.682780e+00	-4.807996e+00	4.533151e-01	3.047612e-01	2.372925e-01	1.318840e-01	8.867330e-01	8.267115e-01	7.671100e+00	
3  24.2694	2.266686e-01	-3.807501e+00	2.430967e-01	-2.404994e+00	1.618339e+00	-3.081242e+00	4.347261e-01	3.005229e-01	2.412475e-01	1.294781e-01	8.736808e-01	8.267115e-01	7.671100e+00	
1  24.141	2.266686e-01	-3.807501e+00	2.447475e-01	-2.306269e+00	1.645189e+00	-3.679593e+00	4.311602e-01	2.831310e-01	2.319783e-01	1.294301e-01	9.362836e-01	8.267115e-01	7.671100e+00	
1  26.7529	2.266686e-01	-3.807501e+00	1.562493e-01	-2.358032e+00	1.606246e+00	-4.338174e+00	4.151161e-01	2.781194e-01	2.132410e-01	1.208481e-01	9.679298e-01	8.267115e-01	7.671100e+00	
13  23.4322	2.266686e-01	-3.807501e+00	2.332193e-01	-2.516218e+00	1.612491e+00	-3.243129e+00	4.361119e-01	2.890449e-01	2.068488e-01	1.105483e-01	9.845643e-01	8.267115e-01	7.671100e+00	
1  22.5459	2.033679e-01	-4.260085e+00	2.922104e-01	-2.439833e+00	1.601511e+00	-2.991420e+00	4.368633e-01	2.900123e-01	2.116273e-01	1.106854e-01	9.875815e-01	8.264929e-01	7.671100e+00	
3  22.862	2.033679e-01	-4.260085e+00	4.301564e-01	-2.362214e+00	1.668570e+00	-4.264701e+00	4.490299e-01	2.686844e-01	1.943429e-01	8.901769e-02	9.571473e-01	8.264929e-01	7.671100e+00	
6  21.65	2.033679e-01	-4.260085e+00	5.519167e-01	-2.371409e+00	1.664730e+00	-3.966123e+00	4.548489e-01	2.774093e-01	2.016605e-01	8.480625e-02	9.665495e-01	8.264929e-01	7.671100e+00	
12  23.2063	2.277845e-01	-3.014255e+00	5.067988e-01	-2.595542e+00	1.686976e+00	-4.362950e+00	4.559663e-01	2.742974e-01	1.917328e-01	8.631270e-02	9.689160e-01	8.270828e-01	7.671100e+00	
2  21.6159	1.728047e-01	-3.512616e+00	6.583182e-01	-2.521666e+00	1.668998e+00	-3.867247e+00	4.591453e-01	2.750313e-01	1.993759e-01	8.785415e-02	9.801160e-01	8.268963e-01	7.671100e+00	
2  20.977	1.728047e-01	-3.512616e+00	5.922820e-01	-2.951654e+00	1.683841e+00	-3.932633e+00	4.556469e-01	2.871061e-01	2.290411e-01	7.976732e-02	9.090496e-01	8.268963e-01	7.671100e+00	
7  20.6724	1.728047e-01	-3.512616e+00	5.495331e-01	-3.049855e+00	1.616504e+00	-4.263478e+00	4.442658e-01	2.827324e-01	2.338008e-01	8.897235e-02	8.703855e-01	8.268963e-01	7.671100e+00	
15  21.0317	1.952932e-01	-3.032924e+00	4.935266e-01	-3.131586e+00	1.627698e+00	-4.513808e+00	4.436465e-01	2.816821e-01	2.289154e-01	8.893177e-02	8.677808e-01	8.270141e-01	7.671100e+00	
2  21.9331	1.952932e-01	-3.032924e+00	6.174923e-01	-3.718450e+00	1.611273e+00	-4.169201e+00	4.539155e-01	2.839701e-01	2.368932e-01	9.552343e-02	8.772868e-01	8.270141e-01	7.671100e+00	
4  21.7926	1.952932e-01	-3.032924e+00	3.332064e-01	-3.349910e+00	1.687425e+00	-3.370934e+00	4.377531e-01	2.916088e-01	2.179756e-01	9.356444e-02	9.631653e-01	8.270141e-01	7.671100e+00	
14  21.6433	1.912868e-01	-3.127750e+00	3.429814e-01	-3.333600e+00	1.685300e+00	-3.324722e+00	4.378403e-01	2.918214e-01	2.189057e-01	9.355164e-02	9.635622e-01	8.256313e-01	7.671100e+00	
5  21.1208	1.912868e-01	-3.127750e+00	3.284559e-01	-3.321213e+00	1.628651e+00	-4.284077e+00	4.322828e-01	3.042214e-01	2.111490e-01	1.043773e-01	9.664116e-01	8.256313e-01	7.671100e+00	
3  21.8177	1.912868e-01	-3.127750e+00	3.058957e-01	-3.320369e+00	1.645827e+00	-3.432842e+00	4.381040e-01	3.007985e-01	2.018452e-01	1.054241e-01	9.475588e-01	8.256313e-01	7.671100e+00	
9  21.6081	1.411015e-01	-3.677065e+00	4.421587e-01	-3.235304e+00	1.628102e+00	-2.964083e+00	4.407727e-01	3.017251e-01	2.094239e-01	1.066292e-01	9.571057e-01	8.263332e-01	7.671100e+00	
9  22.0174	1.411015e-01	-3.677065e+00	4.378050e-01	-3.709277e+00	1.657439e+00	-4.600665e+00	4.429868e-01	2.838684e-01	2.079936e-01	1.115987e-01	9.792258e-01	8.263332e-01	7.671100e+00	
1  24.9319	1.411015e-01	-3.677065e+00	3.182084e-01	-3.145835e+00	1.687569e+00	-3.707908e+00	4.405995e-01	2.840720e-01	1.987790e-01	9.858259e-02	9.657133e-01	8.263332e-01	7.671100e+00	
2  22.111	1.411015e-01	-3.677065e+00	5.630229e-01	-3.273108e+00	1.620431e+00	-4.468886e+00	4.648238e-01	2.872565e-01	1.986854e-01	1.084493e-01	9.173068e-01	8.263332e-01	7.671100e+00	
1  24.7564	1.411015e-01	-3.677065e+00	4.599422e-01	-3.287567e+00	1.642439e+00	-4.306493e+00	4.600773e-01	2.841321e-01	1.897531e-01	1.230213e-01	8.793738e-01	8.263332e-01	7.671100e+00	
1  23.4593	1.415282e-01	-5.664052e+00	4.156807e-01	-2.916351e+00	1.614865e+00	-3.967001e+00	4.551378e-01	2.895401e-01	2.023896e-01	1.187517e-01	8.650227e-01	8.264198e-01	7.671100e+00	
2  23.2485	1.214925e-01	-5.809823e+00	4.716731e-01	-2.896123e+00	1.608812e+00	-3.792538e+00	4.563848e-01	2.897101e-01	2.049463e-01	1.193901e-01	8.693610e-01	8.263414e-01	7.671100e+00	
4  24.1877	1.214925e-01	-5.809823e+00	4.955335e-01	-3.066338e+00	1.584120e+00	-4.911197e+00	4.566166e-01	3.102323e-01	2.064493e-01	1.155816e-01	8.112623e-01	8.263414e-01	7.671100e+00	
1  25.7475	1.214925e-01	-5.809823e+00	4.742293e-01	-2.503907e+00	1.596489e+00	-4.558343e+00	4.551558e-01	2.963444e-01	1.870341e-01	1.154586e-01	8.360977e-01	8.263414e-01	7.671100e+00	
2  24.5533	1.214925e-01	-5.809823e+00	5.457563e-01	-2.355976e+00	1.629902e+00	-3.775382e+00	4.715044e-01	2.995995e-01	1.777204e-01	1.188833e-01	8.424631e-01	8.263414e-01	7.671100e+00	
1  22.4381	1.214925e-01	-5.809823e+00	5.495863e-01	-2.516103e+00	1.658396e+00	-4.492718e+00	4.672832e-01	2.935866e-01	1.903740e-01	1.215906e-01	9.121908e-01	8.263414e-01	7.671100e+00	
5  22.1623	9.003989e-02	-5.528803e+00	6.485186e-01	-2.579562e+00	1.655991e+00	-4.306770e+00	4.704994e-01	2.924669e-01	1.911362e-01	1.236832e-01	9.226542e-01	8.257818e-01	7.671100e+00	
6  22.6266	9.003989e-02	-5.528803e+00	4.996535e-01	-1.900224e+00	1.576457e+00	-3.720553e+00	4.516750e-01	2.906455e-01	2.034769e-01	1.328823e-01	9.624093e-01	8.257818e-01	7.671100e+00	
10  22.88	1.084188e-01	-6.307628e+00	4.285425e-01	-1.748364e+00	1.569306e+00	-3.723213e+00	4.482784e-01	2.929711e-01	2.069510e-01	1.303452e-01	9.518916e-01	8.263594e-01	7.671100e+00	
1  22.699	1.084188e-01	-6.307628e+00	4.743277e-01	-1.881472e+00	1.548284e+00	-4.771583e+00	4.645363e-01	3.040375e-01	2.242571e-01	1.146713e-01	9.243284e-01	8.263594e-01	7.671100e+00	
9  22.3736	1.171348e-01	-7.476509e+00	4.233009e-01	-1.660142e+00	1.533763e+00	-4.634959e+00	4.609517e-01	3.073146e-01	2.310033e-01	1.117582e-01	9.136120e-01	8.255150e-01	7.671100e+00	
4  22.9179	1.171348e-01	-7.476509e+00	4.416304e-01	-1.727514e+00	1.532597e+00	-3.920485e+00	4.581768e-01	3.208203e-01	2.248469e-01	1.025925e-01	9.963048e-01	8.255150e-01	7.671100e+00	
5  22.9449	1.171348e-01	-7.476509e+00	4.549205e-01	-1.945653e+00	1.529015e+00	-4.648806e+00	4.714062e-01	3.265612e-01	2.396742e-01	9.813006e-02	9.745988e-01	8.255150e-01	7.671100e+00	
3  24.9956	1.171348e-01	-7.476509e+00	4.655163e-01	-2.407960e+00	1.560968e+00	-3.292615e+00	4.770435e-01	3.168341e-01	1.957606e-01	8.165672e-02	8.796929e-01	8.255150e-01	7.671100e+00	
2  24.8639	1.171348e-01	-7.476509e+00	4.637586e-01	-2.418154e+00	1.585723e+00	-4.565868e+00	4.800617e-01	3.051846e-01	1.929886e-01	7.813105e-02	8.621150e-01	8.255150e-01	7.671100e+00	
3  24.892	2.513664e-02	-7.126242e+00	7.429249e-01	-2.515681e+00	1.572124e+00	-3.940624e+00	4.883045e-01	3.031925e-01	1.982263e-01	8.324286e-02	8.893405e-01	8.169336e-01	7.671100e+00	
3  24.6907	2.513664e-02	-7.126242e+00	6.826629e-01	-2.259639e+00	1.584674e+00	-3.933796e+00	4.829595e-01	2.878306e-01	1.853751e-01	9.070608e-02	8.871214e-01	8.169336e-01	7.671100e+00	
6  25.3518	2.513664e-02	-7.126242e+00	7.075874e-01	-2.480514e+00	1.570058e+00	-4.140872e+00	4.785201e-01	2.848310e-01	1.819316e-01	9.160356e-02	8.856735e-01	8.169336e-01	7.671100e+00	
5  25.8749	2.513664e-02	-7.126242e+00	8.083962e-01	-3.037067e+00	1.562158e+00	-4.701498e+00	4.710040e-01	2.899676e-01	2.045471e-01	9.793706e-02	7.439255e-01	8.169336e-01	7.671100e+00	
2  25.9657	2.513664e-02	-7.126242e+00	6.994734e-01	-1.626008e+00	1.521305e+00	-3.790370e+00	4.525891e-01	2.983603e-01	1.950183e-01	8.713344e-02	7.641348e-01	8.169336e-01	7.671100e+00	
1  28.5976	2.513664e-02	-7.126242e+00	7.308775e-01	-1.507309e+00	1.530780e+00	-3.857935e+00	4.566630e-01	2.896514e-01	1.794631e-01	1.064031e-01	7.519577e-01	8.169336e-01	7.671100e+00	
6  24.5197	2.513664e-02	-7.126242e+00	6.621591e-01	-1.926182e+00	1.534251e+00	-3.503295e+00	4.541595e-01	2.976701e-01	1.980197e-01	1.000453e-01	8.066445e-01	8.169336e-01	7.671100e+00	
5  23.9058	2.513664e-02	-7.126242e+00	6.615884e-01	-1.364054e+00	1.581553e+00	-3.091320e+00	4.507988e-01	2.785536e-01	1.943651e-01	1.144317e-01	8.528876e-01	8.169336e-01	7.671100e+00	
1  23.6108	2.513664e-02	-7.126242e+00	5.122815e-01	-1.263049e+00	1.573029e+00	-3.626994e+00	4.558434e-01	2.801405e-01	2.073315e-01	1.254520e-01	9.296124e-01	8.169336e-01	7.671100e+00	
2  23.4528	1.594380e-02	-6.915106e+00	5.439889e-01	-1.305687e+00	1.574122e+00	-3.594893e+00	4.571019e-01	2.794625e-01	2.067316e-01	1.263395e-01	9.335948e-01	8.121487e-01	7.671100e+00	
4  23.4866	1.594380e-02	-6.915106e+00	6.320440e-01	-5.872859e-01	1.510605e+00	-3.346811e+00	4.437901e-01	2.945419e-01	2.118521e-01	1.109815e-01	8.943014e-01	8.121487e-01	7.671100e+00	
2  22.9948	1.594380e-02	-6.915106e+00	5.076127e-01	-7.251978e-01	1.514615e+00	-3.761285e+00	4.475378e-01	2.952632e-01	2.160183e-01	1.165056e-01	9.240496e-01	8.121487e-01	7.671100e+00	
7  23.1673	1.594380e-02	-6.915106e+00	5.532979e-01	-1.111812e+00	1.595543e+00	-4.761194e+00	4.609792e-01	3.112464e-01	2.087327e-01	1.108785e-01	9.036124e-01	8.121487e-01	7.671100e+00	
3  23.0691	1.594380e-02	-6.915106e+00	4.075455e-01	-3.730104e-01	1.600228e+00	-4.635994e+00	4.366627e-01	3.051709e-01	2.113842e-01	1.057828e-01	9.541500e-01	8.121487e-01	7.671100e+00	
29  22.8301	1.594380e-02	-6.915106e+00	4.865527e-01	-3.505036e-01	1.550554e+00	-4.782881e+00	4.524158e-01	3.182033e-01	2.201146e-01	1.023909e-01	9.661959e-01	8.121487e-01	7.671100e+00	
2  23.3689	1.594380e-02	-6.915106e+00	5.714914e-01	-3.932532e-01	1.507236e+00	-4.360413e+00	4.505727e-01	3.174365e-01	2.232268e-01	1.001524e-01	9.904606e-01	8.121487e-01	7.671100e+00	
6  23.7111	1.594380e-02	-6.915106e+00	5.794870e-01	1.797433e-01	1.490332e+00	-4.450377e+00	4.524308e-01	3.078394e-01	2.217319e-01	1.279790e-01	9.891493e-01	8.121487e-01	7.671100e+00	
2  23.4607	5.273704e-02	-6.318029e+00	4.837921e-01	8.108391e-02	1.506032e+00	-4.827563e+00	4.509541e-01	3.066315e-01	2.149362e-01	1.275111e-01	9.835425e-01	8.238877e-01	7.671100e+00	
3  22.3809	5.273704e-02	-6.318029e+00	5.381740e-01	-1.576613e-01	1.506617e+00	-4.056837e+00	4.374445e-01	3.201052e-01	2.361337e-01	1.305150e-01	8.862009e-01	8.238877e-01	7.671100e+00	
2  22.6592	5.273704e-02	-6.318029e+00	5.363998e-01	-4.504105e-01	1.549580e+00	-3.453843e+00	4.472797e-01	3.061797e-01	2.392237e-01	1.362148e-01	9.252230e-01	8.238877e-01	7.671100e+00	
1  23.7209	5.273704e-02	-6.318029e+00	4.777618e-01	2.397897e-01	1.525489e+00	-3.238500e+00	4.320486e-01	2.862006e-01	2.390299e-01	1.395972e-01	8.756733e-01	8.238877e-01	7.671100e+00	
4  22.4059	5.273704e-02	-6.318029e+00	5.091194e-01	-4.324197e-01	1.548622e+00	-2.972599e+00	4.202606e-01	3.022979e-01	2.531314e-01	1.393369e-01	9.394044e-01	8.238877e-01	7.671100e+00	
1  21.388	7.198577e-02	-4.576877e+00	4.899770e-01	-7.508575e-01	1.576725e+00	-3.416333e+00	4.230153e-01	2.977807e-01	2.404647e-01	1.421477e-01	9.467082e-01	8.252002e-01	7.671100e+00	
