# inv_M_wdm_keV	 log10sigmaovermass	 T0a	 T0s	 gamma_a	 gamma_s	 Fz1	 Fz2	 Fz3	 Fz4	 F_UV	 sigma8	 z_reio	
#Error_equiv	 1.340987e-02	 -6.223034e+00	 1.607293e-03	 -1.639928e-01	 1.595129e+00	 -3.906627e+00	 3.066648e-01	 2.829501e-01	 1.733909e-01	 1.129308e-01	 5.673821e-01	 8.089029e-01	 7.671100e+00	
#Error_equiv	 8.284059e-03	 -6.757770e+00	 1.211600e+00	 -3.986077e+00	 1.467207e+00	 4.724446e+00	 3.868873e-01	 3.093585e-01	 2.855842e-01	 1.781987e-01	 6.199593e-01	 7.967122e-01	 7.671100e+00	
#Error_equiv	 3.779846e-03	 -7.814454e+00	 1.796400e+00	 -2.563977e+00	 1.195818e+00	 4.255482e+00	 4.961232e-01	 3.606450e-01	 1.905774e-01	 1.158004e-01	 8.561934e-01	 7.311388e-01	 7.671100e+00	
#Error_equiv	 1.080868e-02	 -6.476171e+00	 2.419124e-01	 -4.559669e+00	 1.463850e+00	 -2.490070e+00	 3.495217e-01	 3.058786e-01	 1.674732e-01	 9.104281e-02	 5.483745e-01	 8.050413e-01	 7.671100e+00	
#Error_equiv	 6.448374e-03	 -7.539570e+00	 1.138938e+00	 -4.205998e+00	 1.374244e+00	 3.466847e-01	 3.988969e-01	 2.861059e-01	 2.549087e-01	 6.808886e-02	 5.263151e-01	 7.829312e-01	 7.671100e+00	
#Error_equiv	 5.367501e-03	 -7.475722e+00	 8.556485e-01	 -1.021249e+00	 1.338713e+00	 3.841174e-02	 3.861262e-01	 4.221175e-01	 2.422817e-01	 1.043942e-01	 7.228570e-01	 7.727037e-01	 7.671100e+00	
#Error_equiv	 4.232429e-03	 -7.723514e+00	 1.805061e+00	 -1.924289e+00	 1.112836e+00	 4.901747e+00	 4.891228e-01	 3.898678e-01	 2.571416e-01	 9.755851e-02	 8.275235e-01	 7.470960e-01	 7.671100e+00	
#Error_equiv	 1.095412e-02	 -7.465322e+00	 8.450139e-01	 -4.168221e+00	 1.520512e+00	 -3.962408e+00	 4.382194e-01	 3.039585e-01	 2.967292e-01	 1.020413e-01	 8.635882e-01	 8.041292e-01	 7.671100e+00	
#Error_equiv	 1.294217e-02	 -6.555187e+00	 1.499459e+00	 -4.155249e+00	 1.349657e+00	 4.201981e+00	 5.229679e-01	 3.969106e-01	 3.079849e-01	 1.691361e-01	 7.354216e-01	 8.074338e-01	 7.671100e+00	
#Error_equiv	 1.295529e-02	 -7.047602e+00	 1.772865e+00	 -2.638789e+00	 1.496108e+00	 4.065642e+00	 4.444308e-01	 4.019417e-01	 2.176777e-01	 4.777062e-02	 8.954532e-01	 8.070346e-01	 7.671100e+00	
#Error_equiv	 1.039078e-02	 -7.783173e+00	 1.582260e+00	 -4.389347e+00	 1.502911e+00	 2.875371e+00	 4.348072e-01	 3.910810e-01	 2.209738e-01	 8.592300e-02	 9.521129e-01	 8.038601e-01	 7.671100e+00	
#Error_equiv	 1.026348e-02	 -7.487138e+00	 1.756910e+00	 -2.917701e+00	 1.612979e+00	 2.528466e+00	 4.255400e-01	 3.996154e-01	 2.595842e-01	 4.338405e-02	 9.832722e-01	 8.011758e-01	 7.671100e+00	
#Error_equiv	 6.253539e-03	 -7.057142e+00	 1.536950e+00	 -2.514551e+00	 1.577044e+00	 2.453085e+00	 4.394587e-01	 3.365956e-01	 2.611665e-01	 4.557195e-02	 8.183362e-01	 7.819596e-01	 7.671100e+00	
#Error_equiv	 9.673867e-03	 -6.729014e+00	 8.184377e-01	 -3.093996e+00	 1.585851e+00	 2.246615e+00	 3.736007e-01	 3.024833e-01	 2.021855e-01	 9.248480e-02	 9.880539e-01	 8.008109e-01	 7.671100e+00	
#Error_equiv	 6.007710e-03	 -7.730709e+00	 4.982338e-01	 -2.016595e-01	 1.537205e+00	 -4.568171e+00	 4.511992e-01	 3.203089e-01	 2.261227e-01	 1.011178e-01	 9.630216e-01	 7.791617e-01	 7.671100e+00	
#Error_equiv	 1.074855e-02	 -6.583897e+00	 8.740034e-01	 2.230590e+00	 1.278749e+00	 -6.834466e-01	 3.605599e-01	 2.913371e-01	 2.294643e-01	 4.327850e-02	 9.551106e-01	 8.032712e-01	 7.671100e+00	
#Error_equiv	 1.308443e-02	 -6.633207e+00	 1.345426e+00	 9.728359e-01	 1.156064e+00	 1.695923e+00	 4.290222e-01	 4.140550e-01	 2.945927e-01	 1.019379e-01	 7.680630e-01	 8.076433e-01	 7.671100e+00	
