17  37.7115	-7.042940e+00	7.400000e-01	-4.380000e+00	1.450000e+00	-1.930000e+00	3.500000e-01	2.600000e-01	1.800000e-01	7.000000e-02	0.000000e+00	8.241073e-01	7.671100e+00	
13  35.6596	-7.042940e+00	2.117207e-01	-4.152670e+00	1.576703e+00	-5.015569e-01	3.434244e-01	2.907290e-01	1.508711e-01	7.755906e-02	5.916460e-01	8.241073e-01	7.671100e+00	
68  34.9101	-6.811071e+00	2.117207e-01	-4.152670e+00	1.576703e+00	-5.015569e-01	3.434244e-01	2.907290e-01	1.508711e-01	7.755906e-02	5.916460e-01	8.240804e-01	7.671100e+00	
32  35.6934	-6.811071e+00	3.120528e-01	-3.387871e+00	1.678998e+00	-1.360630e+00	3.325707e-01	2.618078e-01	1.253533e-01	7.948097e-02	3.273839e-01	8.240804e-01	7.671100e+00	
5  36.6846	-6.103525e+00	3.120528e-01	-3.387871e+00	1.678998e+00	-1.360630e+00	3.325707e-01	2.618078e-01	1.253533e-01	7.948097e-02	3.273839e-01	8.251955e-01	7.671100e+00	
17  36.8255	-6.103525e+00	4.857609e-01	-4.422771e+00	1.661557e+00	-2.261358e+00	3.130308e-01	2.653038e-01	1.097922e-01	4.768069e-02	3.793177e-01	8.251955e-01	7.671100e+00	
43  38.8256	-6.103525e+00	3.005328e-01	-3.002736e+00	1.619506e+00	-3.840975e+00	2.743031e-01	3.131135e-01	1.103836e-01	3.005770e-02	8.931243e-01	8.251955e-01	7.671100e+00	
10  39.0751	-6.103525e+00	4.707304e-01	-1.935516e+00	1.573848e+00	-3.497729e+00	3.586992e-01	2.955351e-01	8.453208e-02	8.474567e-02	8.893406e-01	8.251955e-01	7.671100e+00	
20  34.1516	-6.103525e+00	4.575269e-02	-2.003070e+00	1.503423e+00	-4.373720e+00	3.860074e-01	3.552041e-01	1.192361e-01	1.136100e-01	4.806628e-01	8.251955e-01	7.671100e+00	
8  33.1731	-6.103525e+00	1.815188e-01	-1.930595e+00	1.479760e+00	-3.885244e+00	4.132797e-01	3.366075e-01	1.120410e-01	7.611847e-02	5.303280e-01	8.251955e-01	7.671100e+00	
13  27.6877	-6.103525e+00	3.848016e-01	-3.047786e+00	1.622685e+00	-4.149045e+00	4.420775e-01	3.412653e-01	1.650963e-01	1.370443e-01	2.712686e-01	8.251955e-01	7.671100e+00	
4  28.0176	-6.103525e+00	2.839598e-01	-3.108340e+00	1.584459e+00	-3.779692e+00	4.270560e-01	2.864103e-01	1.586723e-01	1.123251e-01	4.656651e-01	8.251955e-01	7.671100e+00	
10  27.9948	-6.101024e+00	2.839598e-01	-3.108340e+00	1.584459e+00	-3.779692e+00	4.270560e-01	2.864103e-01	1.586723e-01	1.123251e-01	4.656651e-01	8.252206e-01	7.671100e+00	
82  27.1754	-6.512201e+00	2.839598e-01	-3.108340e+00	1.584459e+00	-3.779692e+00	4.270560e-01	2.864103e-01	1.586723e-01	1.123251e-01	4.656651e-01	8.240245e-01	7.671100e+00	
177  29.286	-6.512201e+00	7.540965e-02	-3.866865e+00	1.669227e+00	-3.240964e+00	3.701401e-01	2.637554e-01	1.759920e-01	4.138636e-02	5.320221e-01	8.240245e-01	7.671100e+00	
39  27.7239	-6.512201e+00	2.154185e-01	-3.808346e+00	1.630500e+00	-2.855599e+00	3.993245e-01	2.715659e-01	1.309877e-01	4.231964e-02	4.992634e-01	8.240245e-01	7.671100e+00	
42  24.9616	-6.512201e+00	3.206617e-01	-3.545225e+00	1.605247e+00	-1.549703e+00	4.004341e-01	3.218679e-01	1.400335e-01	2.458217e-02	2.896370e-01	8.240245e-01	7.671100e+00	
40  26.7776	-6.660234e+00	3.206617e-01	-3.545225e+00	1.605247e+00	-1.549703e+00	4.004341e-01	3.218679e-01	1.400335e-01	2.458217e-02	2.896370e-01	8.240510e-01	7.671100e+00	
10  26.6444	-6.368527e+00	3.206617e-01	-3.545225e+00	1.605247e+00	-1.549703e+00	4.004341e-01	3.218679e-01	1.400335e-01	2.458217e-02	2.896370e-01	8.240521e-01	7.671100e+00	
60  26.7091	-6.213775e+00	3.206617e-01	-3.545225e+00	1.605247e+00	-1.549703e+00	4.004341e-01	3.218679e-01	1.400335e-01	2.458217e-02	2.896370e-01	8.244052e-01	7.671100e+00	
110  25.3233	-6.462998e+00	3.206617e-01	-3.545225e+00	1.605247e+00	-1.549703e+00	4.004341e-01	3.218679e-01	1.400335e-01	2.458217e-02	2.896370e-01	8.240232e-01	7.671100e+00	
123  24.5373	-6.116768e+00	3.206617e-01	-3.545225e+00	1.605247e+00	-1.549703e+00	4.004341e-01	3.218679e-01	1.400335e-01	2.458217e-02	2.896370e-01	8.250682e-01	7.671100e+00	
7  23.3196	-6.116768e+00	2.207238e-01	-2.889360e+00	1.606783e+00	-2.662668e+00	3.926754e-01	3.207511e-01	1.730511e-01	3.721334e-02	4.436919e-01	8.250682e-01	7.671100e+00	
16  23.5346	-6.186959e+00	2.207238e-01	-2.889360e+00	1.606783e+00	-2.662668e+00	3.926754e-01	3.207511e-01	1.730511e-01	3.721334e-02	4.436919e-01	8.245444e-01	7.671100e+00	
64  22.9068	-6.186959e+00	4.873793e-01	-3.396719e+00	1.593609e+00	-3.427119e+00	4.222389e-01	2.915146e-01	1.650283e-01	9.382541e-02	2.902661e-01	8.245444e-01	7.671100e+00	
274  22.9786	-6.204266e+00	4.873793e-01	-3.396719e+00	1.593609e+00	-3.427119e+00	4.222389e-01	2.915146e-01	1.650283e-01	9.382541e-02	2.902661e-01	8.244510e-01	7.671100e+00	
556  22.248	-6.204266e+00	2.760752e-01	-3.741712e+00	1.637449e+00	-2.294123e+00	3.908665e-01	3.277231e-01	1.632552e-01	6.671801e-02	4.900022e-01	8.244510e-01	7.671100e+00	
130  22.0643	-6.363014e+00	2.760752e-01	-3.741712e+00	1.637449e+00	-2.294123e+00	3.908665e-01	3.277231e-01	1.632552e-01	6.671801e-02	4.900022e-01	8.240561e-01	7.671100e+00	
90  21.8878	-6.295338e+00	2.760752e-01	-3.741712e+00	1.637449e+00	-2.294123e+00	3.908665e-01	3.277231e-01	1.632552e-01	6.671801e-02	4.900022e-01	8.241446e-01	7.671100e+00	
4  22.9986	-6.105034e+00	2.760752e-01	-3.741712e+00	1.637449e+00	-2.294123e+00	3.908665e-01	3.277231e-01	1.632552e-01	6.671801e-02	4.900022e-01	8.251805e-01	7.671100e+00	
26  23.4014	-6.105034e+00	4.657266e-01	-4.143330e+00	1.544201e+00	-2.480572e+00	3.559812e-01	2.850582e-01	1.325260e-01	8.499558e-02	2.641293e-01	8.251805e-01	7.671100e+00	
70  24.4852	-6.564119e+00	4.657266e-01	-4.143330e+00	1.544201e+00	-2.480572e+00	3.559812e-01	2.850582e-01	1.325260e-01	8.499558e-02	2.641293e-01	8.240313e-01	7.671100e+00	
44  24.7526	-6.501221e+00	4.657266e-01	-4.143330e+00	1.544201e+00	-2.480572e+00	3.559812e-01	2.850582e-01	1.325260e-01	8.499558e-02	2.641293e-01	8.240237e-01	7.671100e+00	
96  24.4291	-6.501221e+00	1.972263e-01	-3.702128e+00	1.580690e+00	-2.037697e+00	3.743828e-01	2.991241e-01	1.659382e-01	8.061630e-02	5.086849e-01	8.240237e-01	7.671100e+00	
101  24.4767	-6.367197e+00	1.972263e-01	-3.702128e+00	1.580690e+00	-2.037697e+00	3.743828e-01	2.991241e-01	1.659382e-01	8.061630e-02	5.086849e-01	8.240530e-01	7.671100e+00	
9  22.5052	-6.367197e+00	5.736486e-01	-4.296988e+00	1.645953e+00	-2.556651e+00	3.706341e-01	3.160486e-01	1.610065e-01	4.015451e-02	2.594106e-01	8.240530e-01	7.671100e+00	
452  21.8676	-6.217729e+00	5.736486e-01	-4.296988e+00	1.645953e+00	-2.556651e+00	3.706341e-01	3.160486e-01	1.610065e-01	4.015451e-02	2.594106e-01	8.243873e-01	7.671100e+00	
48  21.5337	-6.217729e+00	4.930185e-01	-4.834614e+00	1.458540e+00	-1.536152e+00	3.441836e-01	3.079569e-01	1.823290e-01	6.494800e-02	6.503847e-02	8.243873e-01	7.671100e+00	
424  22.3147	-6.115898e+00	4.930185e-01	-4.834614e+00	1.458540e+00	-1.536152e+00	3.441836e-01	3.079569e-01	1.823290e-01	6.494800e-02	6.503847e-02	8.250763e-01	7.671100e+00	
214  20.536	-6.115898e+00	3.527475e-01	-4.902135e+00	1.504526e+00	-2.115504e+00	3.583672e-01	3.398842e-01	1.819422e-01	5.782424e-02	2.895862e-01	8.250763e-01	7.671100e+00	
212  20.6591	-6.115898e+00	5.065516e-01	-3.840767e+00	1.484736e+00	-1.456297e+00	3.509009e-01	2.754555e-01	1.732167e-01	5.495887e-02	4.613507e-02	8.250763e-01	7.671100e+00	
470  19.1638	-6.126261e+00	5.065516e-01	-3.840767e+00	1.484736e+00	-1.456297e+00	3.509009e-01	2.754555e-01	1.732167e-01	5.495887e-02	4.613507e-02	8.249828e-01	7.671100e+00	
250  18.5351	-6.182516e+00	5.065516e-01	-3.840767e+00	1.484736e+00	-1.456297e+00	3.509009e-01	2.754555e-01	1.732167e-01	5.495887e-02	4.613507e-02	8.245703e-01	7.671100e+00	
19  17.7884	-6.145253e+00	5.065516e-01	-3.840767e+00	1.484736e+00	-1.456297e+00	3.509009e-01	2.754555e-01	1.732167e-01	5.495887e-02	4.613507e-02	8.248263e-01	7.671100e+00	
761  18.6947	-6.145253e+00	4.523417e-01	-4.736839e+00	1.431654e+00	-2.551383e+00	3.716674e-01	3.127128e-01	1.836994e-01	5.622098e-02	2.468737e-01	8.248263e-01	7.671100e+00	
290  19.1444	-6.110968e+00	4.523417e-01	-4.736839e+00	1.431654e+00	-2.551383e+00	3.716674e-01	3.127128e-01	1.836994e-01	5.622098e-02	2.468737e-01	8.251228e-01	7.671100e+00	
36  19.3457	-6.187542e+00	4.523417e-01	-4.736839e+00	1.431654e+00	-2.551383e+00	3.716674e-01	3.127128e-01	1.836994e-01	5.622098e-02	2.468737e-01	8.245410e-01	7.671100e+00	
36  23.8747	-6.187542e+00	5.148208e-01	-4.776553e+00	1.419853e+00	-2.247548e+00	3.443546e-01	3.370951e-01	1.814731e-01	3.925511e-02	4.338940e-03	8.245410e-01	7.671100e+00	
57  25.2518	-6.187542e+00	3.477913e-01	-4.522182e+00	1.426036e+00	-3.192540e+00	3.879985e-01	3.141496e-01	1.840815e-01	5.673603e-02	2.651396e-01	8.245410e-01	7.671100e+00	
23  23.5089	-6.187542e+00	4.880407e-01	-4.643639e+00	1.622923e+00	-3.379102e+00	4.061762e-01	3.362236e-01	1.976414e-01	7.646649e-02	1.297304e-01	8.245410e-01	7.671100e+00	
68  23.3801	-6.187542e+00	3.511841e-01	-4.015767e+00	1.584661e+00	-4.753725e+00	4.176457e-01	3.015810e-01	1.828391e-01	9.377028e-02	2.563706e-01	8.245410e-01	7.671100e+00	
90  20.8015	-6.104802e+00	3.511841e-01	-4.015767e+00	1.584661e+00	-4.753725e+00	4.176457e-01	3.015810e-01	1.828391e-01	9.377028e-02	2.563706e-01	8.251828e-01	7.671100e+00	
85  20.7602	-6.102396e+00	3.511841e-01	-4.015767e+00	1.584661e+00	-4.753725e+00	4.176457e-01	3.015810e-01	1.828391e-01	9.377028e-02	2.563706e-01	8.252068e-01	7.671100e+00	
15  19.9342	-6.102396e+00	3.459539e-01	-4.112058e+00	1.659299e+00	-4.660875e+00	4.183681e-01	3.010222e-01	2.057113e-01	1.003738e-01	1.157114e-01	8.252068e-01	7.671100e+00	
41  20.9081	-6.122338e+00	3.459539e-01	-4.112058e+00	1.659299e+00	-4.660875e+00	4.183681e-01	3.010222e-01	2.057113e-01	1.003738e-01	1.157114e-01	8.250176e-01	7.671100e+00	
119  21.5404	-6.122338e+00	3.766282e-01	-4.992188e+00	1.670082e+00	-3.445293e+00	4.042607e-01	3.397828e-01	1.486206e-01	7.750861e-02	2.489707e-01	8.250176e-01	7.671100e+00	
281  21.2523	-6.455173e+00	3.766282e-01	-4.992188e+00	1.670082e+00	-3.445293e+00	4.042607e-01	3.397828e-01	1.486206e-01	7.750861e-02	2.489707e-01	8.240237e-01	7.671100e+00	
15  22.2626	-6.455173e+00	1.718277e-01	-3.996541e+00	1.679691e+00	-3.648483e+00	3.905388e-01	3.362054e-01	1.687007e-01	4.519809e-02	3.374421e-01	8.240237e-01	7.671100e+00	
74  23.8054	-6.455173e+00	4.512628e-01	-3.885773e+00	1.604902e+00	-2.452350e+00	3.782330e-01	2.887075e-01	1.576918e-01	7.571336e-02	4.272472e-01	8.240237e-01	7.671100e+00	
253  22.1659	-6.325016e+00	4.512628e-01	-3.885773e+00	1.604902e+00	-2.452350e+00	3.782330e-01	2.887075e-01	1.576918e-01	7.571336e-02	4.272472e-01	8.240955e-01	7.671100e+00	
40  24.5094	-6.325016e+00	1.087701e-01	-3.504035e+00	1.664175e+00	-3.441383e+00	3.855384e-01	3.053380e-01	1.765749e-01	1.011061e-01	6.143122e-01	8.240955e-01	7.671100e+00	
47  23.8628	-6.325016e+00	4.240328e-01	-4.351757e+00	1.584241e+00	-2.249486e+00	3.562615e-01	3.153436e-01	1.386533e-01	4.964777e-02	3.254252e-01	8.240955e-01	7.671100e+00	
95  23.7743	-6.339087e+00	4.240328e-01	-4.351757e+00	1.584241e+00	-2.249486e+00	3.562615e-01	3.153436e-01	1.386533e-01	4.964777e-02	3.254252e-01	8.240782e-01	7.671100e+00	
5  20.4652	-6.339087e+00	4.475915e-01	-4.794304e+00	1.674871e+00	-2.447815e+00	4.001961e-01	3.108606e-01	1.433006e-01	5.939017e-02	2.968383e-01	8.240782e-01	7.671100e+00	
110  20.1569	-6.411382e+00	4.475915e-01	-4.794304e+00	1.674871e+00	-2.447815e+00	4.001961e-01	3.108606e-01	1.433006e-01	5.939017e-02	2.968383e-01	8.240316e-01	7.671100e+00	
50  21.1161	-7.121685e+00	4.475915e-01	-4.794304e+00	1.674871e+00	-2.447815e+00	4.001961e-01	3.108606e-01	1.433006e-01	5.939017e-02	2.968383e-01	8.241124e-01	7.671100e+00	
630  20.1569	-6.418336e+00	4.475915e-01	-4.794304e+00	1.674871e+00	-2.447815e+00	4.001961e-01	3.108606e-01	1.433006e-01	5.939017e-02	2.968383e-01	8.240296e-01	7.671100e+00	
180  20.1841	-6.436517e+00	4.475915e-01	-4.794304e+00	1.674871e+00	-2.447815e+00	4.001961e-01	3.108606e-01	1.433006e-01	5.939017e-02	2.968383e-01	8.240260e-01	7.671100e+00	
210  20.1882	-6.389413e+00	4.475915e-01	-4.794304e+00	1.674871e+00	-2.447815e+00	4.001961e-01	3.108606e-01	1.433006e-01	5.939017e-02	2.968383e-01	8.240400e-01	7.671100e+00	
140  20.4364	-6.474416e+00	4.475915e-01	-4.794304e+00	1.674871e+00	-2.447815e+00	4.001961e-01	3.108606e-01	1.433006e-01	5.939017e-02	2.968383e-01	8.240229e-01	7.671100e+00	
154  20.7547	-6.493486e+00	4.475915e-01	-4.794304e+00	1.674871e+00	-2.447815e+00	4.001961e-01	3.108606e-01	1.433006e-01	5.939017e-02	2.968383e-01	8.240233e-01	7.671100e+00	
278  25.4701	-6.493486e+00	1.945092e-01	-4.309917e+00	1.647831e+00	-1.575918e+00	4.265135e-01	3.243515e-01	1.501691e-01	3.348442e-02	3.961909e-01	8.240233e-01	7.671100e+00	
13  28.7035	-6.493486e+00	3.995024e-02	-2.950147e+00	1.557638e+00	-1.798315e+00	4.266131e-01	3.220048e-01	1.292456e-01	7.683532e-02	5.772715e-01	8.240233e-01	7.671100e+00	
31  27.7342	-6.493486e+00	2.336975e-01	-3.642693e+00	1.390984e+00	-2.073374e+00	3.748298e-01	3.456990e-01	1.399630e-01	1.162341e-01	4.540422e-01	8.240233e-01	7.671100e+00	
88  28.3432	-6.493486e+00	1.788844e-02	-2.139105e+00	1.414214e+00	-2.109740e+00	3.749460e-01	3.325373e-01	2.088522e-01	8.790263e-02	5.609743e-01	8.240233e-01	7.671100e+00	
46  30.5152	-6.493486e+00	1.056836e-01	-1.886470e+00	1.559451e+00	-2.120619e+00	3.490917e-01	3.190364e-01	2.278575e-01	8.348888e-02	6.500904e-01	8.240233e-01	7.671100e+00	
15  27.4573	-6.150417e+00	1.056836e-01	-1.886470e+00	1.559451e+00	-2.120619e+00	3.490917e-01	3.190364e-01	2.278575e-01	8.348888e-02	6.500904e-01	8.247868e-01	7.671100e+00	
17  28.3182	-6.150417e+00	2.965295e-01	-2.226635e+00	1.539359e+00	-2.810929e+00	4.163035e-01	3.440105e-01	2.489681e-01	5.030169e-02	8.598841e-01	8.247868e-01	7.671100e+00	
58  29.4708	-6.150417e+00	1.985715e-01	-1.293981e+00	1.460719e+00	-3.488110e+00	4.411269e-01	3.186138e-01	1.949244e-01	3.622558e-02	9.755210e-01	8.247868e-01	7.671100e+00	
40  28.8208	-6.063019e+00	1.985715e-01	-1.293981e+00	1.460719e+00	-3.488110e+00	4.411269e-01	3.186138e-01	1.949244e-01	3.622558e-02	9.755210e-01	8.256446e-01	7.671100e+00	
106  25.4824	-7.513920e+00	1.985715e-01	-1.293981e+00	1.460719e+00	-3.488110e+00	4.411269e-01	3.186138e-01	1.949244e-01	3.622558e-02	9.755210e-01	8.241227e-01	7.671100e+00	
40  23.4821	-7.513920e+00	2.210414e-01	-1.638089e+00	1.520678e+00	-3.149570e+00	4.400579e-01	3.073223e-01	2.336487e-01	4.059784e-02	9.479703e-01	8.241227e-01	7.671100e+00	
194  22.5323	-7.513920e+00	2.515840e-01	-1.392369e+00	1.596354e+00	-2.785788e+00	4.039553e-01	2.930842e-01	2.092927e-01	5.152542e-02	9.987119e-01	8.241227e-01	7.671100e+00	
56  24.5827	-7.877225e+00	2.515840e-01	-1.392369e+00	1.596354e+00	-2.785788e+00	4.039553e-01	2.930842e-01	2.092927e-01	5.152542e-02	9.987119e-01	8.241244e-01	7.671100e+00	
4  27.1547	-7.877225e+00	6.726218e-01	-2.638594e+00	1.541496e+00	-2.372238e+00	3.335577e-01	3.350234e-01	1.748147e-01	8.639366e-02	8.764964e-01	8.241244e-01	7.671100e+00	
9  27.1405	-8.480537e+00	6.726218e-01	-2.638594e+00	1.541496e+00	-2.372238e+00	3.335577e-01	3.350234e-01	1.748147e-01	8.639366e-02	8.764964e-01	8.241248e-01	7.671100e+00	
27  26.5924	-8.480537e+00	5.347276e-01	-3.184236e+00	1.536957e+00	-2.590917e+00	3.661405e-01	3.156937e-01	2.542892e-01	1.240750e-01	5.858576e-01	8.241248e-01	7.671100e+00	
1  27.6896	-8.480537e+00	7.926587e-01	-3.850034e+00	1.538932e+00	-2.900327e+00	4.466643e-01	3.214134e-01	2.479200e-01	1.442546e-01	4.063825e-01	8.241248e-01	7.671100e+00	
29  27.3872	-8.480537e+00	1.588040e+00	-3.764887e+00	1.585684e+00	-2.106961e+00	4.842307e-01	3.122744e-01	2.752796e-01	1.463970e-01	6.757708e-01	8.241248e-01	7.671100e+00	
13  23.236	-8.480537e+00	1.038121e+00	-4.134586e+00	1.492344e+00	-1.916932e+00	4.055734e-01	3.570136e-01	2.413082e-01	9.094526e-02	4.893313e-01	8.241248e-01	7.671100e+00	
4  22.0671	-8.480537e+00	6.444643e-01	-4.288801e+00	1.283595e+00	-1.725136e+00	3.729300e-01	3.603686e-01	2.414221e-01	4.767872e-02	6.334610e-01	8.241248e-01	7.671100e+00	
128  23.0068	-8.480537e+00	1.864647e+00	-4.618964e+00	1.337568e+00	-1.343691e+00	3.939809e-01	3.756914e-01	2.292768e-01	7.328227e-02	9.617437e-01	8.241248e-01	7.671100e+00	
3  21.8506	-8.480537e+00	1.426200e+00	-4.836675e+00	1.509226e+00	-1.097057e+00	3.730366e-01	3.432672e-01	1.818468e-01	6.771290e-02	7.057328e-01	8.241248e-01	7.671100e+00	
2  22.0642	-8.480537e+00	7.601911e-01	-3.066341e+00	1.482254e+00	-1.772945e+00	3.546177e-01	3.080524e-01	2.513707e-01	1.101284e-01	5.379576e-01	8.241248e-01	7.671100e+00	
18  20.9722	-8.480537e+00	6.423986e-01	-3.370855e+00	1.467358e+00	-1.807962e+00	3.630457e-01	3.090687e-01	2.709755e-01	8.205769e-02	8.805821e-01	8.241248e-01	7.671100e+00	
62  21.4089	-8.480537e+00	6.001798e-01	-3.770221e+00	1.421749e+00	-1.931181e+00	3.831490e-01	3.203559e-01	2.047639e-01	8.973964e-02	5.735589e-01	8.241248e-01	7.671100e+00	
34  22.2647	-8.480537e+00	6.691165e-01	-4.822173e+00	1.475388e+00	-1.599337e+00	3.892454e-01	3.554416e-01	2.701859e-01	9.246555e-02	5.291235e-01	8.241248e-01	7.671100e+00	
80  22.314	-7.925403e+00	6.691165e-01	-4.822173e+00	1.475388e+00	-1.599337e+00	3.892454e-01	3.554416e-01	2.701859e-01	9.246555e-02	5.291235e-01	8.241245e-01	7.671100e+00	
10  22.2647	-8.348888e+00	6.691165e-01	-4.822173e+00	1.475388e+00	-1.599337e+00	3.892454e-01	3.554416e-01	2.701859e-01	9.246555e-02	5.291235e-01	8.241248e-01	7.671100e+00	
55  22.2859	-7.962944e+00	6.691165e-01	-4.822173e+00	1.475388e+00	-1.599337e+00	3.892454e-01	3.554416e-01	2.701859e-01	9.246555e-02	5.291235e-01	8.241246e-01	7.671100e+00	
15  21.0718	-7.962944e+00	6.758485e-01	-3.879404e+00	1.484618e+00	-3.772588e+00	3.748372e-01	3.239597e-01	2.789266e-01	6.399636e-02	7.298180e-01	8.241246e-01	7.671100e+00	
89  20.76	-7.732550e+00	6.758485e-01	-3.879404e+00	1.484618e+00	-3.772588e+00	3.748372e-01	3.239597e-01	2.789266e-01	6.399636e-02	7.298180e-01	8.241240e-01	7.671100e+00	
51  19.394	-7.732550e+00	6.233426e-01	-4.910678e+00	1.460995e+00	-3.225449e+00	3.833885e-01	3.265246e-01	2.773690e-01	1.061243e-01	6.386250e-01	8.241240e-01	7.671100e+00	
140  20.2671	-7.423106e+00	6.233426e-01	-4.910678e+00	1.460995e+00	-3.225449e+00	3.833885e-01	3.265246e-01	2.773690e-01	1.061243e-01	6.386250e-01	8.241216e-01	7.671100e+00	
20  20.4746	-8.350569e+00	6.233426e-01	-4.910678e+00	1.460995e+00	-3.225449e+00	3.833885e-01	3.265246e-01	2.773690e-01	1.061243e-01	6.386250e-01	8.241248e-01	7.671100e+00	
50  20.4614	-8.095951e+00	6.233426e-01	-4.910678e+00	1.460995e+00	-3.225449e+00	3.833885e-01	3.265246e-01	2.773690e-01	1.061243e-01	6.386250e-01	8.241247e-01	7.671100e+00	
6  20.4614	-7.681847e+00	6.233426e-01	-4.910678e+00	1.460995e+00	-3.225449e+00	3.833885e-01	3.265246e-01	2.773690e-01	1.061243e-01	6.386250e-01	8.241238e-01	7.671100e+00	
11  21.3523	-7.681847e+00	3.279044e-01	-3.508133e+00	1.541450e+00	-3.730723e+00	4.121015e-01	3.385111e-01	2.222543e-01	8.318339e-02	7.998799e-01	8.241238e-01	7.671100e+00	
11  23.3566	-7.681847e+00	7.948172e-01	-2.912673e+00	1.495636e+00	-4.157719e+00	4.413462e-01	2.842527e-01	2.543391e-01	9.534817e-02	6.045923e-01	8.241238e-01	7.671100e+00	
36  24.6383	-7.681847e+00	7.686001e-02	-1.106964e+00	1.618537e+00	-2.694526e+00	3.853354e-01	3.507321e-01	3.002985e-01	7.932762e-02	9.405517e-01	8.241238e-01	7.671100e+00	
28  24.7737	-7.681847e+00	1.271382e-01	-8.765244e-01	1.535726e+00	-2.198812e+00	3.845778e-01	3.959616e-01	2.706394e-01	7.653268e-02	8.162885e-01	8.241238e-01	7.671100e+00	
20  23.5848	-7.681847e+00	2.268452e-01	-1.714716e+00	1.485921e+00	-1.398876e+00	4.064276e-01	4.127790e-01	2.530316e-01	5.207313e-02	8.527732e-01	8.241238e-01	7.671100e+00	
4  24.5699	-7.681847e+00	2.537767e-01	-2.942579e-01	1.319330e+00	-5.801433e-01	3.850685e-01	4.109693e-01	1.967283e-01	3.336885e-02	9.634869e-01	8.241238e-01	7.671100e+00	
28  26.5214	-7.681847e+00	4.429553e-01	-1.324643e+00	1.287905e+00	-1.802364e+00	3.933385e-01	3.989650e-01	1.762372e-01	7.369831e-02	6.144765e-01	8.241238e-01	7.671100e+00	
9  24.2401	-7.681847e+00	6.885855e-01	-2.183625e+00	1.330268e+00	-1.952169e-01	3.766388e-01	3.723716e-01	2.078773e-01	4.707171e-02	3.002280e-01	8.241238e-01	7.671100e+00	
11  25.1478	-7.681847e+00	4.730327e-01	-1.407713e+00	1.345329e+00	-1.115646e+00	3.648354e-01	3.853700e-01	1.743764e-01	4.220654e-02	6.752550e-01	8.241238e-01	7.671100e+00	
26  26.6723	-7.681847e+00	5.862954e-01	-1.973174e+00	1.266103e+00	-1.715839e-01	3.464564e-01	3.663431e-01	2.242788e-01	5.172450e-02	8.311107e-01	8.241238e-01	7.671100e+00	
26  23.8453	-7.919840e+00	5.862954e-01	-1.973174e+00	1.266103e+00	-1.715839e-01	3.464564e-01	3.663431e-01	2.242788e-01	5.172450e-02	8.311107e-01	8.241245e-01	7.671100e+00	
44  24.3489	-7.919840e+00	8.831777e-01	-3.163862e+00	1.335800e+00	9.202810e-01	3.750355e-01	3.713134e-01	1.798000e-01	7.255225e-02	8.210668e-01	8.241245e-01	7.671100e+00	
31  28.279	-7.763214e+00	8.831777e-01	-3.163862e+00	1.335800e+00	9.202810e-01	3.750355e-01	3.713134e-01	1.798000e-01	7.255225e-02	8.210668e-01	8.241241e-01	7.671100e+00	
9  27.334	-7.763214e+00	6.787079e-01	-2.864959e+00	1.331211e+00	2.311264e+00	3.865133e-01	3.605663e-01	1.872922e-01	5.290814e-02	8.557168e-01	8.241241e-01	7.671100e+00	
30  23.865	-8.337931e+00	6.787079e-01	-2.864959e+00	1.331211e+00	2.311264e+00	3.865133e-01	3.605663e-01	1.872922e-01	5.290814e-02	8.557168e-01	8.241248e-01	7.671100e+00	
30  24.4127	-7.857922e+00	6.787079e-01	-2.864959e+00	1.331211e+00	2.311264e+00	3.865133e-01	3.605663e-01	1.872922e-01	5.290814e-02	8.557168e-01	8.241244e-01	7.671100e+00	
74  23.865	-8.395704e+00	6.787079e-01	-2.864959e+00	1.331211e+00	2.311264e+00	3.865133e-01	3.605663e-01	1.872922e-01	5.290814e-02	8.557168e-01	8.241248e-01	7.671100e+00	
11  22.4509	-8.395704e+00	1.083851e+00	-3.007441e+00	1.402556e+00	2.615720e+00	3.828406e-01	3.526930e-01	2.144533e-01	6.548755e-02	5.888164e-01	8.241248e-01	7.671100e+00	
15  23.7309	-8.395704e+00	6.684431e-01	-3.838679e+00	1.446138e+00	2.363862e+00	3.895242e-01	3.579063e-01	1.757670e-01	8.894307e-02	7.342410e-01	8.241248e-01	7.671100e+00	
23  23.7294	-8.170381e+00	6.684431e-01	-3.838679e+00	1.446138e+00	2.363862e+00	3.895242e-01	3.579063e-01	1.757670e-01	8.894307e-02	7.342410e-01	8.241247e-01	7.671100e+00	
67  22.2339	-8.170381e+00	5.615936e-01	-3.562136e+00	1.312686e+00	7.990651e-01	3.929678e-01	3.646700e-01	1.911779e-01	8.201270e-02	7.847909e-01	8.241247e-01	7.671100e+00	
7  23.7656	-7.718446e+00	5.615936e-01	-3.562136e+00	1.312686e+00	7.990651e-01	3.929678e-01	3.646700e-01	1.911779e-01	8.201270e-02	7.847909e-01	8.241240e-01	7.671100e+00	
153  23.679	-7.718446e+00	3.396876e-01	-3.691699e+00	1.230742e+00	6.347251e-01	3.721063e-01	3.984390e-01	1.834572e-01	7.731869e-02	9.812703e-01	8.241240e-01	7.671100e+00	
10  25.3059	-7.529525e+00	3.396876e-01	-3.691699e+00	1.230742e+00	6.347251e-01	3.721063e-01	3.984390e-01	1.834572e-01	7.731869e-02	9.812703e-01	8.241228e-01	7.671100e+00	
10  23.9948	-7.491288e+00	3.396876e-01	-3.691699e+00	1.230742e+00	6.347251e-01	3.721063e-01	3.984390e-01	1.834572e-01	7.731869e-02	9.812703e-01	8.241224e-01	7.671100e+00	
10  24.7068	-7.964371e+00	3.396876e-01	-3.691699e+00	1.230742e+00	6.347251e-01	3.721063e-01	3.984390e-01	1.834572e-01	7.731869e-02	9.812703e-01	8.241246e-01	7.671100e+00	
60  24.8461	-8.141228e+00	3.396876e-01	-3.691699e+00	1.230742e+00	6.347251e-01	3.721063e-01	3.984390e-01	1.834572e-01	7.731869e-02	9.812703e-01	8.241247e-01	7.671100e+00	
50  24.8529	-8.404862e+00	3.396876e-01	-3.691699e+00	1.230742e+00	6.347251e-01	3.721063e-01	3.984390e-01	1.834572e-01	7.731869e-02	9.812703e-01	8.241248e-01	7.671100e+00	
24  25.368	-7.363934e+00	3.396876e-01	-3.691699e+00	1.230742e+00	6.347251e-01	3.721063e-01	3.984390e-01	1.834572e-01	7.731869e-02	9.812703e-01	8.241206e-01	7.671100e+00	
10  26.1608	-7.363934e+00	4.885780e-01	-4.608094e+00	1.159411e+00	-8.001327e-01	3.619674e-01	3.834986e-01	2.028742e-01	1.681008e-01	8.821622e-01	8.241206e-01	7.671100e+00	
42  25.4161	-7.363934e+00	6.514344e-01	-3.977425e+00	1.225727e+00	-7.118753e-01	3.763870e-01	3.872989e-01	2.849828e-01	1.188011e-01	6.382480e-01	8.241206e-01	7.671100e+00	
74  24.3216	-7.363934e+00	5.066185e-01	-4.131039e+00	1.276819e+00	-6.436161e-01	4.012221e-01	3.292268e-01	2.539909e-01	7.950119e-02	5.498136e-01	8.241206e-01	7.671100e+00	
9  24.6313	-7.459653e+00	5.066185e-01	-4.131039e+00	1.276819e+00	-6.436161e-01	4.012221e-01	3.292268e-01	2.539909e-01	7.950119e-02	5.498136e-01	8.241221e-01	7.671100e+00	
3  26.9218	-7.459653e+00	4.071229e-01	-3.363001e+00	1.313275e+00	-4.353619e-01	4.218243e-01	3.302152e-01	2.680981e-01	1.242773e-01	7.852332e-01	8.241221e-01	7.671100e+00	
31  27.2505	-7.459653e+00	4.461869e-01	-3.370160e+00	1.199139e+00	-2.396648e-01	4.314847e-01	3.588320e-01	2.567140e-01	9.989311e-02	9.202226e-01	8.241221e-01	7.671100e+00	
28  26.6504	-7.459653e+00	7.342150e-01	-3.348212e+00	1.229565e+00	2.191420e-01	3.845848e-01	2.828921e-01	2.110819e-01	5.041194e-02	2.115431e-01	8.241221e-01	7.671100e+00	
11  26.7346	-7.459653e+00	5.494033e-01	-2.707301e+00	1.153706e+00	-2.283617e-01	3.403626e-01	3.053989e-01	1.969379e-01	3.394952e-02	9.064345e-01	8.241221e-01	7.671100e+00	
118  22.0053	-7.459653e+00	6.849875e-01	-2.352247e+00	1.381588e+00	-5.892424e-01	3.931813e-01	3.201730e-01	1.880275e-01	4.570182e-02	2.507738e-01	8.241221e-01	7.671100e+00	
79  21.7455	-7.721653e+00	6.849875e-01	-2.352247e+00	1.381588e+00	-5.892424e-01	3.931813e-01	3.201730e-01	1.880275e-01	4.570182e-02	2.507738e-01	8.241240e-01	7.671100e+00	
22  23.0444	-7.721653e+00	9.368383e-01	-3.517323e+00	1.346393e+00	-5.738464e-01	3.644158e-01	2.826653e-01	1.715460e-01	5.154458e-02	2.415464e-01	8.241240e-01	7.671100e+00	
32  23.0567	-7.721653e+00	9.900208e-01	-4.202855e+00	1.512943e+00	-1.623312e-01	3.733277e-01	2.803976e-01	1.677953e-01	5.988380e-02	1.776746e-01	8.241240e-01	7.671100e+00	
37  22.9949	-7.721653e+00	5.737049e-01	-4.501824e+00	1.417145e+00	-1.851167e+00	3.670056e-01	2.562623e-01	2.039156e-01	5.841150e-02	9.476320e-01	8.241240e-01	7.671100e+00	
110  23.6757	-7.449598e+00	5.737049e-01	-4.501824e+00	1.417145e+00	-1.851167e+00	3.670056e-01	2.562623e-01	2.039156e-01	5.841150e-02	9.476320e-01	8.241219e-01	7.671100e+00	
121  24.3275	-7.622048e+00	5.737049e-01	-4.501824e+00	1.417145e+00	-1.851167e+00	3.670056e-01	2.562623e-01	2.039156e-01	5.841150e-02	9.476320e-01	8.241235e-01	7.671100e+00	
19  21.5548	-7.622048e+00	6.135866e-01	-4.581360e+00	1.450971e+00	-4.019607e+00	3.792685e-01	2.921253e-01	2.915183e-01	8.125122e-02	6.486741e-01	8.241235e-01	7.671100e+00	
36  21.8069	-7.380408e+00	6.135866e-01	-4.581360e+00	1.450971e+00	-4.019607e+00	3.792685e-01	2.921253e-01	2.915183e-01	8.125122e-02	6.486741e-01	8.241209e-01	7.671100e+00	
22  22.26	-7.380408e+00	2.905338e-01	-4.416789e+00	1.530023e+00	-3.977583e+00	4.105509e-01	2.810551e-01	2.641055e-01	9.346144e-02	9.598585e-01	8.241209e-01	7.671100e+00	
2  22.932	-7.380408e+00	4.205315e-01	-4.914770e+00	1.551418e+00	-2.981208e+00	4.154153e-01	3.445641e-01	1.998599e-01	1.294663e-01	7.104821e-01	8.241209e-01	7.671100e+00	
1  22.6863	-7.607978e+00	4.205315e-01	-4.914770e+00	1.551418e+00	-2.981208e+00	4.154153e-01	3.445641e-01	1.998599e-01	1.294663e-01	7.104821e-01	8.241234e-01	7.671100e+00	
49  21.6986	-7.607978e+00	2.517524e-01	-4.051696e+00	1.493856e+00	-3.078827e+00	4.022871e-01	3.256612e-01	2.070027e-01	8.798500e-02	9.367346e-01	8.241234e-01	7.671100e+00	
81  21.4533	-7.663870e+00	2.517524e-01	-4.051696e+00	1.493856e+00	-3.078827e+00	4.022871e-01	3.256612e-01	2.070027e-01	8.798500e-02	9.367346e-01	8.241237e-01	7.671100e+00	
16  22.5947	-7.663870e+00	2.726076e-01	-3.224839e+00	1.414457e+00	-3.992153e+00	3.949940e-01	3.604032e-01	2.177838e-01	1.167185e-01	9.726274e-01	8.241237e-01	7.671100e+00	
133  22.9103	-7.663870e+00	4.017424e-01	-1.853313e+00	1.276065e+00	-2.849110e+00	3.761949e-01	4.090202e-01	2.502619e-01	9.823921e-02	7.061380e-01	8.241237e-01	7.671100e+00	
20  25.3195	-7.317765e+00	4.017424e-01	-1.853313e+00	1.276065e+00	-2.849110e+00	3.761949e-01	4.090202e-01	2.502619e-01	9.823921e-02	7.061380e-01	8.241196e-01	7.671100e+00	
63  23.3079	-7.374289e+00	4.017424e-01	-1.853313e+00	1.276065e+00	-2.849110e+00	3.761949e-01	4.090202e-01	2.502619e-01	9.823921e-02	7.061380e-01	8.241208e-01	7.671100e+00	
27  23.294	-7.374289e+00	3.185200e-01	-2.477196e+00	1.292290e+00	-3.187738e+00	3.864597e-01	4.012725e-01	2.413037e-01	1.158599e-01	9.070372e-01	8.241208e-01	7.671100e+00	
5  23.7861	-7.343610e+00	3.185200e-01	-2.477196e+00	1.292290e+00	-3.187738e+00	3.864597e-01	4.012725e-01	2.413037e-01	1.158599e-01	9.070372e-01	8.241202e-01	7.671100e+00	
200  23.6527	-7.343610e+00	1.938838e-01	-3.076340e+00	1.327022e+00	-3.462244e+00	3.709768e-01	3.914369e-01	2.919266e-01	1.311759e-01	8.787904e-01	8.241202e-01	7.671100e+00	
15  23.8965	-7.343610e+00	2.899533e-01	-2.307737e+00	1.299951e+00	-2.996431e+00	3.545553e-01	4.015520e-01	2.483583e-01	4.335672e-02	8.511252e-01	8.241202e-01	7.671100e+00	
179  23.9048	-7.342885e+00	2.899533e-01	-2.307737e+00	1.299951e+00	-2.996431e+00	3.545553e-01	4.015520e-01	2.483583e-01	4.335672e-02	8.511252e-01	8.241201e-01	7.671100e+00	
11  24.205	-7.342885e+00	6.191188e-01	-4.203994e+00	1.392200e+00	-3.307116e+00	3.692532e-01	3.669703e-01	2.242011e-01	5.683161e-02	7.083125e-01	8.241201e-01	7.671100e+00	
54  23.1942	-8.494375e+00	6.191188e-01	-4.203994e+00	1.392200e+00	-3.307116e+00	3.692532e-01	3.669703e-01	2.242011e-01	5.683161e-02	7.083125e-01	8.241248e-01	7.671100e+00	
3  24.363	-8.494375e+00	6.934031e-01	-4.225496e+00	1.429449e+00	-1.710893e+00	3.594907e-01	3.664343e-01	1.841724e-01	1.086849e-01	5.097632e-01	8.241248e-01	7.671100e+00	
43  24.7963	-8.494375e+00	4.788463e-01	-4.098195e+00	1.392329e+00	-1.241160e+00	3.610460e-01	3.161018e-01	1.925489e-01	1.471770e-01	8.259270e-01	8.241248e-01	7.671100e+00	
60  23.8398	-7.857666e+00	4.788463e-01	-4.098195e+00	1.392329e+00	-1.241160e+00	3.610460e-01	3.161018e-01	1.925489e-01	1.471770e-01	8.259270e-01	8.241244e-01	7.671100e+00	
81  23.1087	-7.809736e+00	4.788463e-01	-4.098195e+00	1.392329e+00	-1.241160e+00	3.610460e-01	3.161018e-01	1.925489e-01	1.471770e-01	8.259270e-01	8.241243e-01	7.671100e+00	
43  22.6782	-7.809736e+00	6.904254e-01	-2.799088e+00	1.425259e+00	-8.046592e-01	3.846387e-01	3.456301e-01	2.133717e-01	9.232130e-02	5.535360e-01	8.241243e-01	7.671100e+00	
54  21.5123	-7.809736e+00	6.982099e-01	-3.302152e+00	1.339736e+00	-1.386092e+00	3.568272e-01	3.102361e-01	1.914654e-01	6.657134e-02	6.135467e-01	8.241243e-01	7.671100e+00	
62  22.0886	-7.809736e+00	6.225515e-01	-4.252451e+00	1.355507e+00	-8.728858e-01	3.427970e-01	3.079652e-01	2.370760e-01	2.666135e-02	8.770202e-01	8.241243e-01	7.671100e+00	
13  22.2602	-8.478855e+00	6.225515e-01	-4.252451e+00	1.355507e+00	-8.728858e-01	3.427970e-01	3.079652e-01	2.370760e-01	2.666135e-02	8.770202e-01	8.241248e-01	7.671100e+00	
97  19.7666	-8.478855e+00	7.714004e-01	-3.762563e+00	1.333444e+00	-1.541723e+00	3.791457e-01	3.246181e-01	2.537215e-01	5.501369e-02	7.376101e-01	8.241248e-01	7.671100e+00	
30  19.7665	-8.334472e+00	7.714004e-01	-3.762563e+00	1.333444e+00	-1.541723e+00	3.791457e-01	3.246181e-01	2.537215e-01	5.501369e-02	7.376101e-01	8.241248e-01	7.671100e+00	
20  19.4839	-7.862423e+00	7.714004e-01	-3.762563e+00	1.333444e+00	-1.541723e+00	3.791457e-01	3.246181e-01	2.537215e-01	5.501369e-02	7.376101e-01	8.241244e-01	7.671100e+00	
16  19.4319	-7.840879e+00	7.714004e-01	-3.762563e+00	1.333444e+00	-1.541723e+00	3.791457e-01	3.246181e-01	2.537215e-01	5.501369e-02	7.376101e-01	8.241244e-01	7.671100e+00	
10  21.3184	-7.840879e+00	1.318095e+00	-3.462053e+00	1.247310e+00	-5.740613e-01	3.984159e-01	3.553601e-01	2.702862e-01	8.997082e-02	7.806440e-01	8.241244e-01	7.671100e+00	
14  22.4203	-7.840879e+00	1.394233e+00	-2.682703e+00	1.254219e+00	-9.791872e-01	3.997315e-01	3.888483e-01	2.464964e-01	1.069280e-01	7.132469e-01	8.241244e-01	7.671100e+00	
69  21.5674	-8.373833e+00	1.394233e+00	-2.682703e+00	1.254219e+00	-9.791872e-01	3.997315e-01	3.888483e-01	2.464964e-01	1.069280e-01	7.132469e-01	8.241248e-01	7.671100e+00	
6  21.5962	-8.373833e+00	1.140503e+00	-3.757618e+00	1.169828e+00	-6.026120e-01	4.323658e-01	4.094544e-01	2.744785e-01	5.182185e-02	6.785886e-01	8.241248e-01	7.671100e+00	
65  22.2832	-8.373833e+00	1.030052e+00	-3.692901e+00	1.108744e+00	-4.585260e-01	4.325230e-01	4.120384e-01	2.703570e-01	4.696879e-02	6.989219e-01	8.241248e-01	7.671100e+00	
12  22.2818	-8.146948e+00	1.030052e+00	-3.692901e+00	1.108744e+00	-4.585260e-01	4.325230e-01	4.120384e-01	2.703570e-01	4.696879e-02	6.989219e-01	8.241247e-01	7.671100e+00	
4  23.1365	-8.146948e+00	6.542058e-01	-4.181522e+00	1.250700e+00	-1.700478e+00	3.858467e-01	3.761180e-01	2.228274e-01	5.456940e-02	9.141276e-01	8.241247e-01	7.671100e+00	
41  24.1204	-8.146948e+00	1.067489e+00	-4.538265e+00	1.201280e+00	-2.254070e+00	4.050068e-01	4.173367e-01	2.314397e-01	3.495370e-02	7.631227e-01	8.241247e-01	7.671100e+00	
36  24.7849	-8.146948e+00	8.071024e-01	-4.934229e+00	1.237924e+00	-1.481950e+00	4.035153e-01	3.582720e-01	2.074506e-01	5.980914e-02	5.959871e-01	8.241247e-01	7.671100e+00	
3  25.9724	-8.146948e+00	1.077135e+00	-4.447246e+00	1.294979e+00	-1.117020e+00	3.863451e-01	3.489874e-01	1.499568e-01	4.640159e-02	8.849548e-01	8.241247e-01	7.671100e+00	
24  21.6724	-8.146948e+00	1.318694e+00	-4.482802e+00	1.404947e+00	-9.531526e-01	4.001883e-01	3.828129e-01	1.972459e-01	5.917339e-02	8.511107e-01	8.241247e-01	7.671100e+00	
67  21.6739	-8.489700e+00	1.318694e+00	-4.482802e+00	1.404947e+00	-9.531526e-01	4.001883e-01	3.828129e-01	1.972459e-01	5.917339e-02	8.511107e-01	8.241248e-01	7.671100e+00	
14  22.3445	-8.489700e+00	1.581182e+00	-4.862137e+00	1.393269e+00	-4.016797e-02	4.359304e-01	3.479195e-01	2.062515e-01	5.567544e-02	9.176919e-01	8.241248e-01	7.671100e+00	
68  19.9982	-8.489700e+00	1.459388e+00	-4.951215e+00	1.426640e+00	-6.624285e-01	4.079683e-01	3.200314e-01	1.725512e-01	5.992145e-02	8.722743e-01	8.241248e-01	7.671100e+00	
2  19.9626	-8.489700e+00	1.502707e+00	-3.580075e+00	1.526786e+00	-1.217855e+00	4.464355e-01	3.647326e-01	2.053508e-01	6.199815e-02	7.700085e-01	8.241248e-01	7.671100e+00	
109  22.2292	-8.489700e+00	1.670284e+00	-3.514227e+00	1.617056e+00	-1.175738e+00	4.530868e-01	3.534823e-01	2.549608e-01	8.491705e-02	6.621817e-01	8.241248e-01	7.671100e+00	
21  22.5166	-7.916208e+00	1.670284e+00	-3.514227e+00	1.617056e+00	-1.175738e+00	4.530868e-01	3.534823e-01	2.549608e-01	8.491705e-02	6.621817e-01	8.241245e-01	7.671100e+00	
68  21.8957	-7.916208e+00	1.933892e+00	-2.942971e+00	1.617833e+00	-1.860404e+00	4.477313e-01	3.964717e-01	2.561532e-01	6.653784e-02	9.378619e-01	8.241245e-01	7.671100e+00	
9  22.0829	-7.916208e+00	1.859614e+00	-4.176187e+00	1.653943e+00	-1.381083e+00	4.950849e-01	3.769732e-01	2.446129e-01	7.034440e-02	9.879800e-01	8.241245e-01	7.671100e+00	
32  20.8204	-7.916208e+00	1.957910e+00	-4.632499e+00	1.672292e+00	-1.950016e+00	4.411404e-01	4.068238e-01	2.295696e-01	6.745087e-02	8.256192e-01	8.241245e-01	7.671100e+00	
10  22.7852	-7.790067e+00	1.957910e+00	-4.632499e+00	1.672292e+00	-1.950016e+00	4.411404e-01	4.068238e-01	2.295696e-01	6.745087e-02	8.256192e-01	8.241242e-01	7.671100e+00	
10  20.6496	-8.191834e+00	1.957910e+00	-4.632499e+00	1.672292e+00	-1.950016e+00	4.411404e-01	4.068238e-01	2.295696e-01	6.745087e-02	8.256192e-01	8.241247e-01	7.671100e+00	
4  20.6592	-8.067245e+00	1.957910e+00	-4.632499e+00	1.672292e+00	-1.950016e+00	4.411404e-01	4.068238e-01	2.295696e-01	6.745087e-02	8.256192e-01	8.241247e-01	7.671100e+00	
5  22.5806	-8.067245e+00	1.551218e+00	-3.937091e+00	1.476816e+00	-2.638894e+00	4.433145e-01	4.108487e-01	2.216576e-01	5.191328e-02	7.384531e-01	8.241247e-01	7.671100e+00	
111  22.1079	-8.067245e+00	1.638253e+00	-4.083247e+00	1.414752e+00	-9.773534e-01	4.239546e-01	4.180143e-01	2.270920e-01	3.718135e-02	7.371693e-01	8.241247e-01	7.671100e+00	
70  22.1732	-7.986031e+00	1.638253e+00	-4.083247e+00	1.414752e+00	-9.773534e-01	4.239546e-01	4.180143e-01	2.270920e-01	3.718135e-02	7.371693e-01	8.241246e-01	7.671100e+00	
5  22.0936	-8.149822e+00	1.638253e+00	-4.083247e+00	1.414752e+00	-9.773534e-01	4.239546e-01	4.180143e-01	2.270920e-01	3.718135e-02	7.371693e-01	8.241247e-01	7.671100e+00	
187  21.9007	-8.149822e+00	1.055517e+00	-4.840319e+00	1.332416e+00	-1.023495e+00	3.858807e-01	3.527126e-01	1.724130e-01	7.244093e-02	8.141248e-01	8.241247e-01	7.671100e+00	
5  21.3284	-8.149822e+00	1.180690e+00	-4.010114e+00	1.291883e+00	-1.701003e+00	4.026463e-01	3.469483e-01	2.214448e-01	5.934393e-02	6.304396e-01	8.241247e-01	7.671100e+00	
65  21.5848	-8.149822e+00	1.667471e+00	-4.287889e+00	1.407418e+00	-2.243280e+00	4.684644e-01	3.541636e-01	2.502550e-01	6.779984e-02	8.352672e-01	8.241247e-01	7.671100e+00	
2  22.1332	-8.149822e+00	1.696632e+00	-4.598899e+00	1.476069e+00	-1.759386e+00	4.617204e-01	3.551943e-01	1.983893e-01	3.734400e-02	8.202297e-01	8.241247e-01	7.671100e+00	
106  22.3489	-8.149822e+00	1.540653e+00	-4.378889e+00	1.498916e+00	-2.781315e+00	4.324190e-01	3.492271e-01	2.540281e-01	8.232863e-02	4.921091e-01	8.241247e-01	7.671100e+00	
10  22.3407	-8.398368e+00	1.540653e+00	-4.378889e+00	1.498916e+00	-2.781315e+00	4.324190e-01	3.492271e-01	2.540281e-01	8.232863e-02	4.921091e-01	8.241248e-01	7.671100e+00	
77  22.3413	-8.213615e+00	1.540653e+00	-4.378889e+00	1.498916e+00	-2.781315e+00	4.324190e-01	3.492271e-01	2.540281e-01	8.232863e-02	4.921091e-01	8.241248e-01	7.671100e+00	
13  22.5315	-8.213615e+00	4.892946e-01	-4.103122e+00	1.487723e+00	-2.309985e+00	3.676897e-01	3.850764e-01	2.968257e-01	9.956989e-02	8.192806e-01	8.241248e-01	7.671100e+00	
50  22.5316	-8.474245e+00	4.892946e-01	-4.103122e+00	1.487723e+00	-2.309985e+00	3.676897e-01	3.850764e-01	2.968257e-01	9.956989e-02	8.192806e-01	8.241248e-01	7.671100e+00	
147  22.5316	-8.394470e+00	4.892946e-01	-4.103122e+00	1.487723e+00	-2.309985e+00	3.676897e-01	3.850764e-01	2.968257e-01	9.956989e-02	8.192806e-01	8.241248e-01	7.671100e+00	
72  21.3884	-8.394470e+00	9.314818e-01	-3.149978e+00	1.349696e+00	-2.037848e+00	3.685599e-01	3.618878e-01	2.825444e-01	1.237030e-01	7.197664e-01	8.241248e-01	7.671100e+00	
11  20.1756	-8.394470e+00	9.541172e-01	-3.568514e+00	1.337368e+00	-2.205229e+00	3.615616e-01	3.217842e-01	2.837999e-01	9.802206e-02	7.904736e-01	8.241248e-01	7.671100e+00	
80  20.1756	-8.478898e+00	9.541172e-01	-3.568514e+00	1.337368e+00	-2.205229e+00	3.615616e-01	3.217842e-01	2.837999e-01	9.802206e-02	7.904736e-01	8.241248e-01	7.671100e+00	
90  20.1756	-8.441215e+00	9.541172e-01	-3.568514e+00	1.337368e+00	-2.205229e+00	3.615616e-01	3.217842e-01	2.837999e-01	9.802206e-02	7.904736e-01	8.241248e-01	7.671100e+00	
6  20.1746	-8.147499e+00	9.541172e-01	-3.568514e+00	1.337368e+00	-2.205229e+00	3.615616e-01	3.217842e-01	2.837999e-01	9.802206e-02	7.904736e-01	8.241247e-01	7.671100e+00	
31  21.2111	-8.147499e+00	5.239570e-01	-2.495674e+00	1.345612e+00	-1.344177e+00	3.861759e-01	3.453261e-01	2.930936e-01	6.795544e-02	8.416908e-01	8.241247e-01	7.671100e+00	
283  21.6164	-8.147499e+00	4.973168e-01	-2.573837e+00	1.401230e+00	-1.954155e+00	3.672369e-01	3.730039e-01	2.927791e-01	8.094322e-02	7.953932e-01	8.241247e-01	7.671100e+00	
40  21.6191	-8.395604e+00	4.973168e-01	-2.573837e+00	1.401230e+00	-1.954155e+00	3.672369e-01	3.730039e-01	2.927791e-01	8.094322e-02	7.953932e-01	8.241248e-01	7.671100e+00	
24  21.619	-8.243241e+00	4.973168e-01	-2.573837e+00	1.401230e+00	-1.954155e+00	3.672369e-01	3.730039e-01	2.927791e-01	8.094322e-02	7.953932e-01	8.241248e-01	7.671100e+00	
130  20.6845	-8.243241e+00	5.416153e-01	-3.171398e+00	1.377561e+00	-2.430120e+00	3.852990e-01	3.546683e-01	2.920854e-01	1.085829e-01	8.674680e-01	8.241248e-01	7.671100e+00	
6  22.1815	-8.243241e+00	1.249182e+00	-3.938407e+00	1.362988e+00	-2.259116e+00	4.174243e-01	3.593749e-01	2.716058e-01	1.059347e-01	4.143918e-01	8.241248e-01	7.671100e+00	
14  22.1813	-8.306268e+00	1.249182e+00	-3.938407e+00	1.362988e+00	-2.259116e+00	4.174243e-01	3.593749e-01	2.716058e-01	1.059347e-01	4.143918e-01	8.241248e-01	7.671100e+00	
1  22.9947	-8.306268e+00	1.089400e+00	-3.095228e+00	1.394282e+00	-3.369135e+00	4.133067e-01	3.668313e-01	3.056438e-01	1.281600e-01	5.703490e-01	8.241248e-01	7.671100e+00	
158  21.8835	-8.306268e+00	1.350068e+00	-3.018005e+00	1.419720e+00	-3.243305e+00	4.229954e-01	3.719032e-01	2.716287e-01	6.073929e-02	7.693426e-01	8.241248e-01	7.671100e+00	
7  21.3352	-8.306268e+00	1.438380e+00	-3.472949e+00	1.291802e+00	-2.383382e+00	4.072676e-01	3.789950e-01	2.918184e-01	8.924592e-02	6.561085e-01	8.241248e-01	7.671100e+00	
4  21.3853	-8.014562e+00	1.438380e+00	-3.472949e+00	1.291802e+00	-2.383382e+00	4.072676e-01	3.789950e-01	2.918184e-01	8.924592e-02	6.561085e-01	8.241246e-01	7.671100e+00	
46  25.0087	-8.014562e+00	8.056774e-01	-4.660268e+00	1.307463e+00	-1.753250e+00	3.898509e-01	3.499966e-01	2.890049e-01	1.096840e-01	9.360196e-01	8.241246e-01	7.671100e+00	
6  24.9659	-8.141272e+00	8.056774e-01	-4.660268e+00	1.307463e+00	-1.753250e+00	3.898509e-01	3.499966e-01	2.890049e-01	1.096840e-01	9.360196e-01	8.241247e-01	7.671100e+00	
45  25.5802	-8.141272e+00	4.608621e-01	-3.999796e+00	1.276578e+00	-1.511588e+00	4.130948e-01	3.734432e-01	3.081247e-01	1.160766e-01	8.696074e-01	8.241247e-01	7.671100e+00	
6  23.8344	-8.141272e+00	7.965693e-01	-3.277701e+00	1.392406e+00	-1.394782e+00	3.889714e-01	3.883383e-01	2.756368e-01	8.432304e-02	7.185788e-01	8.241247e-01	7.671100e+00	
78  19.4489	-8.141272e+00	1.056734e+00	-4.087525e+00	1.427175e+00	-2.033635e+00	3.890167e-01	3.344038e-01	2.110903e-01	8.523774e-02	3.984063e-01	8.241247e-01	7.671100e+00	
24  19.8347	-8.141272e+00	8.226985e-01	-4.545157e+00	1.384703e+00	-1.788032e+00	3.693931e-01	2.931816e-01	2.696823e-01	1.079007e-01	8.511122e-01	8.241247e-01	7.671100e+00	
61  19.8781	-8.141272e+00	1.131178e+00	-4.706663e+00	1.330981e+00	-3.229936e+00	3.688503e-01	3.127788e-01	2.901158e-01	1.197019e-01	9.066956e-01	8.241247e-01	7.671100e+00	
50  19.8781	-8.138968e+00	1.131178e+00	-4.706663e+00	1.330981e+00	-3.229936e+00	3.688503e-01	3.127788e-01	2.901158e-01	1.197019e-01	9.066956e-01	8.241247e-01	7.671100e+00	
67  19.8766	-8.192418e+00	1.131178e+00	-4.706663e+00	1.330981e+00	-3.229936e+00	3.688503e-01	3.127788e-01	2.901158e-01	1.197019e-01	9.066956e-01	8.241247e-01	7.671100e+00	
13  21.8025	-8.192418e+00	1.386743e+00	-4.572836e+00	1.344126e+00	-3.950579e+00	4.202698e-01	3.354653e-01	2.670832e-01	1.344844e-01	7.438330e-01	8.241247e-01	7.671100e+00	
10  21.8141	-7.925612e+00	1.386743e+00	-4.572836e+00	1.344126e+00	-3.950579e+00	4.202698e-01	3.354653e-01	2.670832e-01	1.344844e-01	7.438330e-01	8.241245e-01	7.671100e+00	
5  21.802	-7.982302e+00	1.386743e+00	-4.572836e+00	1.344126e+00	-3.950579e+00	4.202698e-01	3.354653e-01	2.670832e-01	1.344844e-01	7.438330e-01	8.241246e-01	7.671100e+00	
33  21.7091	-7.982302e+00	8.494901e-01	-4.598441e+00	1.336870e+00	-3.423866e+00	4.016252e-01	3.598161e-01	2.718685e-01	1.487584e-01	7.109911e-01	8.241246e-01	7.671100e+00	
42  20.9571	-7.982302e+00	1.043558e+00	-4.869193e+00	1.346148e+00	-3.672169e+00	4.297949e-01	3.552157e-01	2.804707e-01	1.057666e-01	5.406815e-01	8.241246e-01	7.671100e+00	
80  20.9376	-8.197185e+00	1.043558e+00	-4.869193e+00	1.346148e+00	-3.672169e+00	4.297949e-01	3.552157e-01	2.804707e-01	1.057666e-01	5.406815e-01	8.241248e-01	7.671100e+00	
10  21.0245	-7.909810e+00	1.043558e+00	-4.869193e+00	1.346148e+00	-3.672169e+00	4.297949e-01	3.552157e-01	2.804707e-01	1.057666e-01	5.406815e-01	8.241245e-01	7.671100e+00	
20  20.937	-8.442858e+00	1.043558e+00	-4.869193e+00	1.346148e+00	-3.672169e+00	4.297949e-01	3.552157e-01	2.804707e-01	1.057666e-01	5.406815e-01	8.241248e-01	7.671100e+00	
20  20.937	-8.476234e+00	1.043558e+00	-4.869193e+00	1.346148e+00	-3.672169e+00	4.297949e-01	3.552157e-01	2.804707e-01	1.057666e-01	5.406815e-01	8.241248e-01	7.671100e+00	
64  20.9644	-7.965975e+00	1.043558e+00	-4.869193e+00	1.346148e+00	-3.672169e+00	4.297949e-01	3.552157e-01	2.804707e-01	1.057666e-01	5.406815e-01	8.241246e-01	7.671100e+00	
31  21.467	-7.965975e+00	1.559429e+00	-4.648903e+00	1.345860e+00	-2.699037e+00	4.124848e-01	3.646135e-01	2.913582e-01	1.413543e-01	8.338517e-01	8.241246e-01	7.671100e+00	
22  23.4625	-7.965975e+00	1.225111e+00	-4.282373e+00	1.373954e+00	-2.968962e+00	3.573562e-01	3.604188e-01	2.959902e-01	9.264315e-02	9.107079e-01	8.241246e-01	7.671100e+00	
1  23.6319	-7.965975e+00	1.438662e+00	-3.854438e+00	1.418643e+00	-2.562752e+00	4.081019e-01	3.061223e-01	2.915653e-01	1.100264e-01	5.851165e-01	8.241246e-01	7.671100e+00	
51  21.2963	-7.965975e+00	9.527496e-01	-4.867004e+00	1.417798e+00	-2.760120e+00	3.659312e-01	3.154735e-01	2.685699e-01	1.428407e-01	6.487438e-01	8.241246e-01	7.671100e+00	
19  21.1681	-7.965975e+00	9.299007e-01	-3.733540e+00	1.412944e+00	-2.376929e+00	3.889890e-01	3.584465e-01	2.611314e-01	1.099591e-01	7.600544e-01	8.241246e-01	7.671100e+00	
46  20.8585	-7.965975e+00	1.008275e+00	-4.194306e+00	1.426981e+00	-2.261537e+00	4.185675e-01	3.183966e-01	2.507573e-01	8.133195e-02	6.263674e-01	8.241246e-01	7.671100e+00	
26  19.9191	-7.965975e+00	7.870014e-01	-3.987381e+00	1.447049e+00	-2.951053e+00	4.029556e-01	3.201111e-01	2.623700e-01	8.197289e-02	7.940833e-01	8.241246e-01	7.671100e+00	
49  19.9223	-8.094879e+00	7.870014e-01	-3.987381e+00	1.447049e+00	-2.951053e+00	4.029556e-01	3.201111e-01	2.623700e-01	8.197289e-02	7.940833e-01	8.241247e-01	7.671100e+00	
51  20.7902	-8.094879e+00	5.122009e-01	-4.497607e+00	1.508059e+00	-1.950942e+00	3.817846e-01	3.425616e-01	2.629409e-01	8.435919e-02	7.460643e-01	8.241247e-01	7.671100e+00	
13  20.7255	-7.988560e+00	5.122009e-01	-4.497607e+00	1.508059e+00	-1.950942e+00	3.817846e-01	3.425616e-01	2.629409e-01	8.435919e-02	7.460643e-01	8.241246e-01	7.671100e+00	
41  20.9952	-7.988560e+00	1.290146e+00	-4.296444e+00	1.566174e+00	-2.028974e+00	3.950368e-01	3.592595e-01	2.121954e-01	1.004630e-01	4.608107e-01	8.241246e-01	7.671100e+00	
26  21.1413	-7.988560e+00	1.404082e+00	-4.074225e+00	1.677396e+00	-3.027298e+00	3.970788e-01	3.760894e-01	2.010704e-01	8.801528e-02	6.797442e-01	8.241246e-01	7.671100e+00	
54  21.4017	-7.855520e+00	1.404082e+00	-4.074225e+00	1.677396e+00	-3.027298e+00	3.970788e-01	3.760894e-01	2.010704e-01	8.801528e-02	6.797442e-01	8.241244e-01	7.671100e+00	
16  23.8485	-7.855520e+00	1.293167e+00	-4.621196e+00	1.682397e+00	-3.893807e+00	3.816861e-01	3.322180e-01	2.052346e-01	1.308565e-01	5.269163e-01	8.241244e-01	7.671100e+00	
70  23.8615	-8.057330e+00	1.293167e+00	-4.621196e+00	1.682397e+00	-3.893807e+00	3.816861e-01	3.322180e-01	2.052346e-01	1.308565e-01	5.269163e-01	8.241247e-01	7.671100e+00	
13  23.865	-8.141690e+00	1.293167e+00	-4.621196e+00	1.682397e+00	-3.893807e+00	3.816861e-01	3.322180e-01	2.052346e-01	1.308565e-01	5.269163e-01	8.241247e-01	7.671100e+00	
7  23.1287	-8.141690e+00	1.446220e+00	-4.977277e+00	1.636844e+00	-3.679105e+00	3.868062e-01	3.510791e-01	1.873768e-01	1.546216e-01	9.354853e-01	8.241247e-01	7.671100e+00	
80  23.128	-8.312225e+00	1.446220e+00	-4.977277e+00	1.636844e+00	-3.679105e+00	3.868062e-01	3.510791e-01	1.873768e-01	1.546216e-01	9.354853e-01	8.241248e-01	7.671100e+00	
30  23.1299	-8.087374e+00	1.446220e+00	-4.977277e+00	1.636844e+00	-3.679105e+00	3.868062e-01	3.510791e-01	1.873768e-01	1.546216e-01	9.354853e-01	8.241247e-01	7.671100e+00	
22  23.1348	-8.020057e+00	1.446220e+00	-4.977277e+00	1.636844e+00	-3.679105e+00	3.868062e-01	3.510791e-01	1.873768e-01	1.546216e-01	9.354853e-01	8.241246e-01	7.671100e+00	
8  23.4977	-8.020057e+00	1.516571e+00	-4.765258e+00	1.581942e+00	-2.297447e+00	4.051906e-01	4.207502e-01	2.315918e-01	1.443523e-01	7.846986e-01	8.241246e-01	7.671100e+00	
212  23.9754	-7.875763e+00	1.516571e+00	-4.765258e+00	1.581942e+00	-2.297447e+00	4.051906e-01	4.207502e-01	2.315918e-01	1.443523e-01	7.846986e-01	8.241244e-01	7.671100e+00	
10  23.6506	-7.875763e+00	1.293241e+00	-2.776694e+00	1.635431e+00	-2.013347e+00	3.662324e-01	3.922076e-01	2.096798e-01	5.786359e-02	7.700003e-01	8.241244e-01	7.671100e+00	
24  23.3152	-7.875763e+00	1.532944e+00	-2.324362e+00	1.604568e+00	-6.592532e-01	4.082513e-01	3.623722e-01	2.433145e-01	7.288081e-02	5.032778e-01	8.241244e-01	7.671100e+00	
4  23.2206	-7.875763e+00	1.255994e+00	-4.102783e+00	1.652203e+00	-8.815150e-01	4.032156e-01	3.471180e-01	2.158325e-01	8.057234e-02	1.255216e-01	8.241244e-01	7.671100e+00	
80  22.6838	-8.448215e+00	1.255994e+00	-4.102783e+00	1.652203e+00	-8.815150e-01	4.032156e-01	3.471180e-01	2.158325e-01	8.057234e-02	1.255216e-01	8.241248e-01	7.671100e+00	
99  22.6839	-8.435957e+00	1.255994e+00	-4.102783e+00	1.652203e+00	-8.815150e-01	4.032156e-01	3.471180e-01	2.158325e-01	8.057234e-02	1.255216e-01	8.241248e-01	7.671100e+00	
52  21.6663	-8.435957e+00	1.860605e+00	-4.438393e+00	1.677505e+00	-2.147059e+00	4.427878e-01	3.637504e-01	2.440034e-01	5.048552e-02	7.220637e-01	8.241248e-01	7.671100e+00	
62  22.1999	-8.435957e+00	1.738956e+00	-3.722285e+00	1.663835e+00	-2.792456e+00	4.903046e-01	3.628434e-01	2.567467e-01	4.056323e-02	8.002917e-01	8.241248e-01	7.671100e+00	
47  21.6222	-8.435957e+00	1.859020e+00	-3.655131e+00	1.664949e+00	-2.092496e+00	4.850865e-01	3.982219e-01	2.184798e-01	4.845132e-02	8.559805e-01	8.241248e-01	7.671100e+00	
10  21.6527	-7.991479e+00	1.859020e+00	-3.655131e+00	1.664949e+00	-2.092496e+00	4.850865e-01	3.982219e-01	2.184798e-01	4.845132e-02	8.559805e-01	8.241246e-01	7.671100e+00	
30  21.6475	-8.001036e+00	1.859020e+00	-3.655131e+00	1.664949e+00	-2.092496e+00	4.850865e-01	3.982219e-01	2.184798e-01	4.845132e-02	8.559805e-01	8.241246e-01	7.671100e+00	
20  21.7556	-7.915196e+00	1.859020e+00	-3.655131e+00	1.664949e+00	-2.092496e+00	4.850865e-01	3.982219e-01	2.184798e-01	4.845132e-02	8.559805e-01	8.241245e-01	7.671100e+00	
10  21.7451	-7.918870e+00	1.859020e+00	-3.655131e+00	1.664949e+00	-2.092496e+00	4.850865e-01	3.982219e-01	2.184798e-01	4.845132e-02	8.559805e-01	8.241245e-01	7.671100e+00	
120  21.6222	-8.482082e+00	1.859020e+00	-3.655131e+00	1.664949e+00	-2.092496e+00	4.850865e-01	3.982219e-01	2.184798e-01	4.845132e-02	8.559805e-01	8.241248e-01	7.671100e+00	
68  21.6414	-8.016570e+00	1.859020e+00	-3.655131e+00	1.664949e+00	-2.092496e+00	4.850865e-01	3.982219e-01	2.184798e-01	4.845132e-02	8.559805e-01	8.241246e-01	7.671100e+00	
92  21.5217	-8.016570e+00	1.729121e+00	-3.386367e+00	1.540655e+00	-1.280003e+00	4.216283e-01	3.521729e-01	2.317005e-01	8.244599e-02	9.204524e-01	8.241246e-01	7.671100e+00	
10  21.5122	-8.306990e+00	1.729121e+00	-3.386367e+00	1.540655e+00	-1.280003e+00	4.216283e-01	3.521729e-01	2.317005e-01	8.244599e-02	9.204524e-01	8.241248e-01	7.671100e+00	
40  21.5129	-8.164135e+00	1.729121e+00	-3.386367e+00	1.540655e+00	-1.280003e+00	4.216283e-01	3.521729e-01	2.317005e-01	8.244599e-02	9.204524e-01	8.241247e-01	7.671100e+00	
65  21.513	-8.175855e+00	1.729121e+00	-3.386367e+00	1.540655e+00	-1.280003e+00	4.216283e-01	3.521729e-01	2.317005e-01	8.244599e-02	9.204524e-01	8.241247e-01	7.671100e+00	
65  22.2362	-8.175855e+00	1.793328e+00	-3.690226e+00	1.542111e+00	-1.577523e+00	4.106036e-01	4.165262e-01	2.950573e-01	5.582625e-02	8.114778e-01	8.241247e-01	7.671100e+00	
30  22.2321	-8.415796e+00	1.793328e+00	-3.690226e+00	1.542111e+00	-1.577523e+00	4.106036e-01	4.165262e-01	2.950573e-01	5.582625e-02	8.114778e-01	8.241248e-01	7.671100e+00	
100  22.2322	-8.343892e+00	1.793328e+00	-3.690226e+00	1.542111e+00	-1.577523e+00	4.106036e-01	4.165262e-01	2.950573e-01	5.582625e-02	8.114778e-01	8.241248e-01	7.671100e+00	
50  22.2323	-8.292670e+00	1.793328e+00	-3.690226e+00	1.542111e+00	-1.577523e+00	4.106036e-01	4.165262e-01	2.950573e-01	5.582625e-02	8.114778e-01	8.241248e-01	7.671100e+00	
20  22.2365	-8.151094e+00	1.793328e+00	-3.690226e+00	1.542111e+00	-1.577523e+00	4.106036e-01	4.165262e-01	2.950573e-01	5.582625e-02	8.114778e-01	8.241247e-01	7.671100e+00	
10  22.4142	-7.940884e+00	1.793328e+00	-3.690226e+00	1.542111e+00	-1.577523e+00	4.106036e-01	4.165262e-01	2.950573e-01	5.582625e-02	8.114778e-01	8.241245e-01	7.671100e+00	
117  22.2356	-8.190831e+00	1.793328e+00	-3.690226e+00	1.542111e+00	-1.577523e+00	4.106036e-01	4.165262e-01	2.950573e-01	5.582625e-02	8.114778e-01	8.241247e-01	7.671100e+00	
30  21.6035	-8.190831e+00	1.615666e+00	-4.386919e+00	1.548086e+00	-3.060811e+00	3.851759e-01	3.882766e-01	2.183991e-01	5.616863e-02	9.991486e-01	8.241247e-01	7.671100e+00	
29  20.4882	-8.190831e+00	1.373403e+00	-4.703843e+00	1.372020e+00	-2.446061e+00	4.219914e-01	3.558323e-01	2.500488e-01	4.916456e-02	8.687366e-01	8.241247e-01	7.671100e+00	
17  21.8607	-8.190831e+00	1.256913e+00	-3.335232e+00	1.417105e+00	-2.831925e+00	4.064424e-01	3.625227e-01	2.509046e-01	5.714067e-02	6.469691e-01	8.241247e-01	7.671100e+00	
25  21.0824	-8.190831e+00	1.429738e+00	-3.800678e+00	1.455368e+00	-3.377013e+00	4.040133e-01	3.471366e-01	3.028048e-01	8.495809e-02	9.681266e-01	8.241247e-01	7.671100e+00	
20  21.7702	-8.190831e+00	8.368335e-01	-3.717257e+00	1.365166e+00	-3.361603e+00	3.981968e-01	3.810050e-01	2.892772e-01	6.606477e-02	7.263274e-01	8.241247e-01	7.671100e+00	
32  18.7513	-8.190831e+00	4.851592e-01	-2.858570e+00	1.416140e+00	-1.929169e+00	3.719289e-01	3.066627e-01	2.373327e-01	7.799359e-02	9.617126e-01	8.241247e-01	7.671100e+00	
20  18.7524	-8.398766e+00	4.851592e-01	-2.858570e+00	1.416140e+00	-1.929169e+00	3.719289e-01	3.066627e-01	2.373327e-01	7.799359e-02	9.617126e-01	8.241248e-01	7.671100e+00	
110  18.745	-8.051918e+00	4.851592e-01	-2.858570e+00	1.416140e+00	-1.929169e+00	3.719289e-01	3.066627e-01	2.373327e-01	7.799359e-02	9.617126e-01	8.241247e-01	7.671100e+00	
34  18.752	-8.201819e+00	4.851592e-01	-2.858570e+00	1.416140e+00	-1.929169e+00	3.719289e-01	3.066627e-01	2.373327e-01	7.799359e-02	9.617126e-01	8.241248e-01	7.671100e+00	
56  21.2546	-8.201819e+00	4.882853e-01	-4.125669e+00	1.454227e+00	-2.231666e+00	3.674408e-01	2.944576e-01	2.939373e-01	2.820659e-02	8.735612e-01	8.241248e-01	7.671100e+00	
80  20.3012	-7.791769e+00	4.882853e-01	-4.125669e+00	1.454227e+00	-2.231666e+00	3.674408e-01	2.944576e-01	2.939373e-01	2.820659e-02	8.735612e-01	8.241242e-01	7.671100e+00	
10  20.4192	-7.766292e+00	4.882853e-01	-4.125669e+00	1.454227e+00	-2.231666e+00	3.674408e-01	2.944576e-01	2.939373e-01	2.820659e-02	8.735612e-01	8.241242e-01	7.671100e+00	
37  23.3328	-7.606595e+00	4.882853e-01	-4.125669e+00	1.454227e+00	-2.231666e+00	3.674408e-01	2.944576e-01	2.939373e-01	2.820659e-02	8.735612e-01	8.241234e-01	7.671100e+00	
43  21.0206	-7.606595e+00	3.992046e-01	-3.366748e+00	1.431552e+00	-3.697028e+00	3.735894e-01	3.123431e-01	3.009838e-01	8.305875e-02	9.068012e-01	8.241234e-01	7.671100e+00	
20  21.0901	-7.556655e+00	3.992046e-01	-3.366748e+00	1.431552e+00	-3.697028e+00	3.735894e-01	3.123431e-01	3.009838e-01	8.305875e-02	9.068012e-01	8.241231e-01	7.671100e+00	
334  20.1469	-7.462644e+00	3.992046e-01	-3.366748e+00	1.431552e+00	-3.697028e+00	3.735894e-01	3.123431e-01	3.009838e-01	8.305875e-02	9.068012e-01	8.241221e-01	7.671100e+00	
76  20.524	-7.462644e+00	4.010932e-01	-3.825977e+00	1.496469e+00	-3.153416e+00	3.610340e-01	2.911650e-01	2.433107e-01	5.684909e-02	9.816795e-01	8.241221e-01	7.671100e+00	
4  21.0743	-7.900506e+00	4.010932e-01	-3.825977e+00	1.496469e+00	-3.153416e+00	3.610340e-01	2.911650e-01	2.433107e-01	5.684909e-02	9.816795e-01	8.241245e-01	7.671100e+00	
46  20.0517	-7.900506e+00	6.030784e-01	-4.674171e+00	1.373929e+00	-4.725252e+00	3.873888e-01	3.122342e-01	2.624666e-01	1.079243e-01	9.000517e-01	8.241245e-01	7.671100e+00	
40  20.3675	-8.170207e+00	6.030784e-01	-4.674171e+00	1.373929e+00	-4.725252e+00	3.873888e-01	3.122342e-01	2.624666e-01	1.079243e-01	9.000517e-01	8.241247e-01	7.671100e+00	
10  20.3705	-8.233010e+00	6.030784e-01	-4.674171e+00	1.373929e+00	-4.725252e+00	3.873888e-01	3.122342e-01	2.624666e-01	1.079243e-01	9.000517e-01	8.241248e-01	7.671100e+00	
80  20.3668	-8.158705e+00	6.030784e-01	-4.674171e+00	1.373929e+00	-4.725252e+00	3.873888e-01	3.122342e-01	2.624666e-01	1.079243e-01	9.000517e-01	8.241247e-01	7.671100e+00	
100  19.7186	-7.849366e+00	6.030784e-01	-4.674171e+00	1.373929e+00	-4.725252e+00	3.873888e-01	3.122342e-01	2.624666e-01	1.079243e-01	9.000517e-01	8.241244e-01	7.671100e+00	
50  19.4158	-7.803027e+00	6.030784e-01	-4.674171e+00	1.373929e+00	-4.725252e+00	3.873888e-01	3.122342e-01	2.624666e-01	1.079243e-01	9.000517e-01	8.241243e-01	7.671100e+00	
80  19.8785	-7.870686e+00	6.030784e-01	-4.674171e+00	1.373929e+00	-4.725252e+00	3.873888e-01	3.122342e-01	2.624666e-01	1.079243e-01	9.000517e-01	8.241244e-01	7.671100e+00	
