10  1e+30	-5.578743e+00	7.400000e-01	-4.380000e+00	1.450000e+00	-1.930000e+00	3.500000e-01	2.600000e-01	1.800000e-01	7.000000e-02	0.000000e+00	8.341809e-01	7.671100e+00	
1  32.8446	-7.549130e+00	7.400000e-01	-4.380000e+00	1.450000e+00	-1.930000e+00	3.500000e-01	2.600000e-01	1.800000e-01	7.000000e-02	0.000000e+00	8.241230e-01	7.671100e+00	
8  30.2851	-7.549130e+00	4.325913e-01	-4.832113e+00	1.336371e+00	-2.471518e+00	3.559523e-01	2.600585e-01	2.299340e-01	3.073849e-02	7.896664e-01	8.241230e-01	7.671100e+00	
28  30.7092	-7.549130e+00	4.108786e-01	-4.459813e+00	1.449921e+00	-2.231457e+00	3.432004e-01	2.621101e-01	1.548210e-01	4.747456e-02	8.505249e-01	8.241230e-01	7.671100e+00	
13  22.3305	-7.549130e+00	7.561257e-01	-3.780144e+00	1.463903e+00	-2.083297e+00	3.840318e-01	2.838257e-01	1.894288e-01	4.947789e-02	3.161023e-01	8.241230e-01	7.671100e+00	
10  24.3396	-7.234976e+00	7.561257e-01	-3.780144e+00	1.463903e+00	-2.083297e+00	3.840318e-01	2.838257e-01	1.894288e-01	4.947789e-02	3.161023e-01	8.241172e-01	7.671100e+00	
44  22.0685	-7.419487e+00	7.561257e-01	-3.780144e+00	1.463903e+00	-2.083297e+00	3.840318e-01	2.838257e-01	1.894288e-01	4.947789e-02	3.161023e-01	8.241215e-01	7.671100e+00	
36  21.0996	-7.419487e+00	5.671960e-01	-4.431936e+00	1.548311e+00	-3.523686e+00	3.835821e-01	3.154174e-01	2.315095e-01	2.695040e-02	7.338060e-01	8.241215e-01	7.671100e+00	
17  23.901	-8.274312e+00	5.671960e-01	-4.431936e+00	1.548311e+00	-3.523686e+00	3.835821e-01	3.154174e-01	2.315095e-01	2.695040e-02	7.338060e-01	8.241248e-01	7.671100e+00	
2  22.5411	-8.274312e+00	1.257689e+00	-3.530174e+00	1.467956e+00	-2.560181e+00	3.830772e-01	3.334025e-01	2.610144e-01	5.221428e-02	9.195831e-01	8.241248e-01	7.671100e+00	
1  22.5352	-8.274312e+00	1.186432e+00	-4.666098e+00	1.516699e+00	-2.823831e+00	3.792026e-01	3.512970e-01	2.358869e-01	6.816085e-02	5.151062e-01	8.241248e-01	7.671100e+00	
5  22.5357	-8.200059e+00	1.186432e+00	-4.666098e+00	1.516699e+00	-2.823831e+00	3.792026e-01	3.512970e-01	2.358869e-01	6.816085e-02	5.151062e-01	8.241248e-01	7.671100e+00	
46  23.5438	-8.200059e+00	1.253586e+00	-3.426723e+00	1.524675e+00	-3.062976e+00	3.871806e-01	3.605563e-01	2.494504e-01	1.509845e-01	8.434614e-01	8.241248e-01	7.671100e+00	
26  25.9044	-8.200059e+00	8.267445e-01	-2.698471e+00	1.538807e+00	-3.114439e+00	4.268795e-01	3.494659e-01	2.615475e-01	1.066947e-01	8.490952e-01	8.241248e-01	7.671100e+00	
28  21.7821	-8.200059e+00	1.370783e+00	-3.741158e+00	1.550081e+00	-2.990216e+00	4.485575e-01	3.717331e-01	2.455631e-01	5.862678e-02	6.309814e-01	8.241248e-01	7.671100e+00	
34  23.351	-8.200059e+00	1.037588e+00	-3.075008e+00	1.684874e+00	-3.692744e+00	4.332375e-01	3.168441e-01	2.029839e-01	1.083255e-01	3.859276e-01	8.241248e-01	7.671100e+00	
19  24.065	-8.200059e+00	9.456574e-01	-3.786571e+00	1.639426e+00	-3.669676e+00	4.811199e-01	2.788503e-01	2.345185e-01	1.172156e-01	7.627830e-01	8.241248e-01	7.671100e+00	
2  20.2884	-8.200059e+00	9.774648e-01	-2.583083e+00	1.592563e+00	-3.347366e+00	3.818366e-01	2.860220e-01	2.066268e-01	7.201577e-02	8.925921e-01	8.241248e-01	7.671100e+00	
50  20.2764	-8.015116e+00	9.774648e-01	-2.583083e+00	1.592563e+00	-3.347366e+00	3.818366e-01	2.860220e-01	2.066268e-01	7.201577e-02	8.925921e-01	8.241246e-01	7.671100e+00	
70  20.2137	-7.865582e+00	9.774648e-01	-2.583083e+00	1.592563e+00	-3.347366e+00	3.818366e-01	2.860220e-01	2.066268e-01	7.201577e-02	8.925921e-01	8.241244e-01	7.671100e+00	
30  20.3673	-7.818180e+00	9.774648e-01	-2.583083e+00	1.592563e+00	-3.347366e+00	3.818366e-01	2.860220e-01	2.066268e-01	7.201577e-02	8.925921e-01	8.241243e-01	7.671100e+00	
64  20.2887	-8.236521e+00	9.774648e-01	-2.583083e+00	1.592563e+00	-3.347366e+00	3.818366e-01	2.860220e-01	2.066268e-01	7.201577e-02	8.925921e-01	8.241248e-01	7.671100e+00	
36  21.1353	-8.236521e+00	9.198233e-01	-2.437683e+00	1.591575e+00	-2.392477e+00	4.189711e-01	3.126687e-01	2.048896e-01	7.819299e-02	5.486490e-01	8.241248e-01	7.671100e+00	
52  21.1353	-8.310718e+00	9.198233e-01	-2.437683e+00	1.591575e+00	-2.392477e+00	4.189711e-01	3.126687e-01	2.048896e-01	7.819299e-02	5.486490e-01	8.241248e-01	7.671100e+00	
48  22.2899	-8.310718e+00	1.476543e+00	-1.350955e+00	1.586644e+00	-2.477800e+00	4.477529e-01	3.902970e-01	2.277264e-01	7.720006e-02	8.960135e-01	8.241248e-01	7.671100e+00	
19  22.2899	-8.297488e+00	1.476543e+00	-1.350955e+00	1.586644e+00	-2.477800e+00	4.477529e-01	3.902970e-01	2.277264e-01	7.720006e-02	8.960135e-01	8.241248e-01	7.671100e+00	
1  23.7899	-8.297488e+00	1.248854e+00	-1.664794e+00	1.631996e+00	-3.381573e+00	4.615238e-01	3.757157e-01	2.093772e-01	7.259779e-02	7.968694e-01	8.241248e-01	7.671100e+00	
50  23.79	-8.227513e+00	1.248854e+00	-1.664794e+00	1.631996e+00	-3.381573e+00	4.615238e-01	3.757157e-01	2.093772e-01	7.259779e-02	7.968694e-01	8.241248e-01	7.671100e+00	
42  23.7899	-8.266370e+00	1.248854e+00	-1.664794e+00	1.631996e+00	-3.381573e+00	4.615238e-01	3.757157e-01	2.093772e-01	7.259779e-02	7.968694e-01	8.241248e-01	7.671100e+00	
8  24.7654	-8.266370e+00	8.953201e-01	-5.538343e-01	1.694449e+00	-3.910001e+00	4.188431e-01	3.200518e-01	2.283532e-01	1.141541e-01	5.001180e-01	8.241248e-01	7.671100e+00	
3  24.7342	-7.943230e+00	8.953201e-01	-5.538343e-01	1.694449e+00	-3.910001e+00	4.188431e-01	3.200518e-01	2.283532e-01	1.141541e-01	5.001180e-01	8.241245e-01	7.671100e+00	
227  25.0401	-7.943230e+00	9.105369e-01	9.004645e-01	1.638923e+00	-3.979763e+00	4.680483e-01	2.721661e-01	2.266322e-01	1.879910e-01	9.727505e-01	8.241245e-01	7.671100e+00	
5  25.0299	-7.908931e+00	9.105369e-01	9.004645e-01	1.638923e+00	-3.979763e+00	4.680483e-01	2.721661e-01	2.266322e-01	1.879910e-01	9.727505e-01	8.241245e-01	7.671100e+00	
90  25.1312	-7.908931e+00	1.048782e+00	-2.870381e-01	1.582694e+00	-3.745822e+00	4.584253e-01	2.829357e-01	2.177738e-01	1.648353e-01	8.702493e-01	8.241245e-01	7.671100e+00	
25  27.0198	-7.908931e+00	6.890219e-01	-1.183268e-01	1.641027e+00	-4.279253e+00	5.149534e-01	3.278670e-01	1.987040e-01	1.504460e-01	9.080977e-01	8.241245e-01	7.671100e+00	
20  26.9076	-8.005923e+00	6.890219e-01	-1.183268e-01	1.641027e+00	-4.279253e+00	5.149534e-01	3.278670e-01	1.987040e-01	1.504460e-01	9.080977e-01	8.241246e-01	7.671100e+00	
22  26.921	-8.253313e+00	6.890219e-01	-1.183268e-01	1.641027e+00	-4.279253e+00	5.149534e-01	3.278670e-01	1.987040e-01	1.504460e-01	9.080977e-01	8.241248e-01	7.671100e+00	
61  27.4096	-8.253313e+00	6.493549e-01	2.514415e-01	1.550251e+00	-3.935271e+00	5.018227e-01	3.504011e-01	2.350846e-01	1.062068e-01	7.789183e-01	8.241248e-01	7.671100e+00	
7  28.3802	-8.253313e+00	8.614032e-01	7.851700e-01	1.575469e+00	-4.516136e+00	4.567352e-01	3.507228e-01	2.348234e-01	7.393300e-02	6.795351e-01	8.241248e-01	7.671100e+00	
30  28.4169	-7.929972e+00	8.614032e-01	7.851700e-01	1.575469e+00	-4.516136e+00	4.567352e-01	3.507228e-01	2.348234e-01	7.393300e-02	6.795351e-01	8.241245e-01	7.671100e+00	
10  28.352	-8.299910e+00	8.614032e-01	7.851700e-01	1.575469e+00	-4.516136e+00	4.567352e-01	3.507228e-01	2.348234e-01	7.393300e-02	6.795351e-01	8.241248e-01	7.671100e+00	
10  28.3519	-8.494671e+00	8.614032e-01	7.851700e-01	1.575469e+00	-4.516136e+00	4.567352e-01	3.507228e-01	2.348234e-01	7.393300e-02	6.795351e-01	8.241248e-01	7.671100e+00	
4  28.3519	-8.315107e+00	8.614032e-01	7.851700e-01	1.575469e+00	-4.516136e+00	4.567352e-01	3.507228e-01	2.348234e-01	7.393300e-02	6.795351e-01	8.241248e-01	7.671100e+00	
16  25.1174	-8.315107e+00	6.816789e-01	-6.608551e-01	1.664367e+00	-4.251898e+00	4.164872e-01	3.455741e-01	2.646510e-01	5.255366e-02	6.710385e-01	8.241248e-01	7.671100e+00	
49  25.0821	-7.981163e+00	6.816789e-01	-6.608551e-01	1.664367e+00	-4.251898e+00	4.164872e-01	3.455741e-01	2.646510e-01	5.255366e-02	6.710385e-01	8.241246e-01	7.671100e+00	
58  23.2505	-7.981163e+00	9.046182e-01	-2.625831e-01	1.640739e+00	-3.093161e+00	3.941086e-01	3.003878e-01	2.380541e-01	3.420682e-02	8.310921e-01	8.241246e-01	7.671100e+00	
12  25.7125	-7.981163e+00	8.279785e-01	-6.600938e-01	1.521990e+00	-3.489636e+00	3.620502e-01	3.538466e-01	2.522695e-01	6.081535e-02	8.075738e-01	8.241246e-01	7.671100e+00	
91  23.4636	-7.981163e+00	7.189447e-01	8.323041e-02	1.501448e+00	-3.055092e+00	3.538641e-01	2.714488e-01	2.608882e-01	5.775919e-02	8.873337e-01	8.241246e-01	7.671100e+00	
26  23.5096	-8.088714e+00	7.189447e-01	8.323041e-02	1.501448e+00	-3.055092e+00	3.538641e-01	2.714488e-01	2.608882e-01	5.775919e-02	8.873337e-01	8.241247e-01	7.671100e+00	
64  23.1997	-8.088714e+00	8.650661e-01	9.976173e-01	1.530495e+00	-2.856065e+00	4.019393e-01	3.368528e-01	2.394443e-01	5.746733e-02	7.800055e-01	8.241247e-01	7.671100e+00	
12  23.1943	-8.328861e+00	8.650661e-01	9.976173e-01	1.530495e+00	-2.856065e+00	4.019393e-01	3.368528e-01	2.394443e-01	5.746733e-02	7.800055e-01	8.241248e-01	7.671100e+00	
8  22.9092	-8.328861e+00	5.262712e-01	9.513928e-02	1.555275e+00	-3.155252e+00	4.100820e-01	3.341756e-01	2.424772e-01	3.498573e-02	9.275243e-01	8.241248e-01	7.671100e+00	
90  22.9093	-8.270046e+00	5.262712e-01	9.513928e-02	1.555275e+00	-3.155252e+00	4.100820e-01	3.341756e-01	2.424772e-01	3.498573e-02	9.275243e-01	8.241248e-01	7.671100e+00	
7  22.9092	-8.415875e+00	5.262712e-01	9.513928e-02	1.555275e+00	-3.155252e+00	4.100820e-01	3.341756e-01	2.424772e-01	3.498573e-02	9.275243e-01	8.241248e-01	7.671100e+00	
23  25.3029	-8.415875e+00	8.335403e-01	2.543085e-01	1.402175e+00	-3.185701e+00	4.129570e-01	3.317115e-01	2.987254e-01	1.030994e-01	8.534643e-01	8.241248e-01	7.671100e+00	
52  25.3028	-8.445856e+00	8.335403e-01	2.543085e-01	1.402175e+00	-3.185701e+00	4.129570e-01	3.317115e-01	2.987254e-01	1.030994e-01	8.534643e-01	8.241248e-01	7.671100e+00	
62  21.5133	-8.445856e+00	4.330380e-01	-6.625670e-01	1.418743e+00	-3.022331e+00	3.518790e-01	3.195933e-01	2.840944e-01	1.038954e-01	9.294603e-01	8.241248e-01	7.671100e+00	
27  21.8577	-8.445856e+00	8.990492e-01	-3.711505e+00	1.470979e+00	-4.145961e+00	3.703299e-01	3.069974e-01	2.467827e-01	8.558951e-02	7.560904e-01	8.241248e-01	7.671100e+00	
116  22.2975	-8.445856e+00	4.043408e-01	-3.635813e+00	1.499082e+00	-4.226076e+00	4.051788e-01	2.813532e-01	2.628610e-01	7.758967e-02	9.960296e-01	8.241248e-01	7.671100e+00	
43  23.845	-8.445856e+00	1.339141e+00	-3.806362e+00	1.540247e+00	-3.614955e+00	4.744281e-01	2.806965e-01	2.536310e-01	4.035183e-02	9.689641e-01	8.241248e-01	7.671100e+00	
9  23.8447	-8.201043e+00	1.339141e+00	-3.806362e+00	1.540247e+00	-3.614955e+00	4.744281e-01	2.806965e-01	2.536310e-01	4.035183e-02	9.689641e-01	8.241248e-01	7.671100e+00	
21  22.3161	-8.201043e+00	1.245232e+00	-3.768535e+00	1.446210e+00	-2.947786e+00	4.156757e-01	3.385647e-01	2.257239e-01	2.458184e-02	8.692510e-01	8.241248e-01	7.671100e+00	
20  22.3155	-8.478179e+00	1.245232e+00	-3.768535e+00	1.446210e+00	-2.947786e+00	4.156757e-01	3.385647e-01	2.257239e-01	2.458184e-02	8.692510e-01	8.241248e-01	7.671100e+00	
36  22.3156	-8.283906e+00	1.245232e+00	-3.768535e+00	1.446210e+00	-2.947786e+00	4.156757e-01	3.385647e-01	2.257239e-01	2.458184e-02	8.692510e-01	8.241248e-01	7.671100e+00	
50  20.0241	-8.283906e+00	1.158605e+00	-4.717619e+00	1.407558e+00	-2.620698e+00	4.039418e-01	3.619069e-01	2.455900e-01	8.629415e-02	7.001948e-01	8.241248e-01	7.671100e+00	
28  20.3479	-8.283906e+00	1.277455e+00	-4.844313e+00	1.392360e+00	-1.765057e+00	4.250822e-01	3.460494e-01	2.596121e-01	6.784855e-02	6.020835e-01	8.241248e-01	7.671100e+00	
25  23.5956	-8.283906e+00	1.152726e+00	-4.214152e+00	1.448920e+00	-1.809966e+00	3.753194e-01	3.354142e-01	2.984042e-01	6.944922e-02	7.003323e-01	8.241248e-01	7.671100e+00	
64  22.4001	-8.283906e+00	1.128195e+00	-4.544426e+00	1.377961e+00	-1.761230e+00	3.859059e-01	3.554151e-01	2.226594e-01	8.339887e-02	8.902561e-01	8.241248e-01	7.671100e+00	
27  19.2492	-8.283906e+00	8.108943e-01	-4.018612e+00	1.364946e+00	-9.494893e-01	3.774597e-01	3.254346e-01	2.259725e-01	4.378984e-02	4.430088e-01	8.241248e-01	7.671100e+00	
120  19.24	-8.072226e+00	8.108943e-01	-4.018612e+00	1.364946e+00	-9.494893e-01	3.774597e-01	3.254346e-01	2.259725e-01	4.378984e-02	4.430088e-01	8.241247e-01	7.671100e+00	
70  19.2492	-8.282748e+00	8.108943e-01	-4.018612e+00	1.364946e+00	-9.494893e-01	3.774597e-01	3.254346e-01	2.259725e-01	4.378984e-02	4.430088e-01	8.241248e-01	7.671100e+00	
20  19.0148	-7.800014e+00	8.108943e-01	-4.018612e+00	1.364946e+00	-9.494893e-01	3.774597e-01	3.254346e-01	2.259725e-01	4.378984e-02	4.430088e-01	8.241243e-01	7.671100e+00	
60  19.2492	-8.267248e+00	8.108943e-01	-4.018612e+00	1.364946e+00	-9.494893e-01	3.774597e-01	3.254346e-01	2.259725e-01	4.378984e-02	4.430088e-01	8.241248e-01	7.671100e+00	
136  18.9785	-7.806223e+00	8.108943e-01	-4.018612e+00	1.364946e+00	-9.494893e-01	3.774597e-01	3.254346e-01	2.259725e-01	4.378984e-02	4.430088e-01	8.241243e-01	7.671100e+00	
4  20.928	-7.806223e+00	4.222174e-01	-2.679107e+00	1.339345e+00	-1.035366e+00	3.740939e-01	2.971758e-01	2.555014e-01	2.963164e-02	9.509808e-01	8.241243e-01	7.671100e+00	
43  24.0976	-7.360167e+00	4.222174e-01	-2.679107e+00	1.339345e+00	-1.035366e+00	3.740939e-01	2.971758e-01	2.555014e-01	2.963164e-02	9.509808e-01	8.241205e-01	7.671100e+00	
11  26.0299	-7.360167e+00	5.417771e-01	-1.840703e+00	1.336253e+00	-1.208277e+00	3.989126e-01	3.541635e-01	2.764366e-01	3.269672e-02	6.460522e-01	8.241205e-01	7.671100e+00	
9  25.4975	-7.360167e+00	5.407790e-01	-3.716475e+00	1.390952e+00	-5.422710e-01	3.667890e-01	3.453246e-01	2.826517e-01	4.898171e-02	5.406759e-01	8.241205e-01	7.671100e+00	
6  23.3731	-7.360167e+00	4.824279e-01	-4.261513e+00	1.234563e+00	-1.089514e+00	3.601881e-01	2.838356e-01	2.700348e-01	7.447695e-02	9.560949e-01	8.241205e-01	7.671100e+00	
37  25.2104	-7.360167e+00	4.768798e-01	-3.514984e+00	1.119510e+00	-8.732775e-01	3.423221e-01	3.312234e-01	2.630459e-01	1.061534e-01	9.538926e-01	8.241205e-01	7.671100e+00	
79  28.5949	-7.360167e+00	2.478604e-01	-4.244742e+00	1.122381e+00	-1.449070e+00	3.598554e-01	3.418219e-01	2.600729e-01	1.501146e-01	9.394138e-01	8.241205e-01	7.671100e+00	
53  25.5423	-7.360167e+00	7.141891e-01	-4.061982e+00	1.202385e+00	-1.273223e+00	3.638171e-01	3.509541e-01	2.122915e-01	8.678773e-02	7.528096e-02	8.241205e-01	7.671100e+00	
12  26.0019	-7.360167e+00	8.180363e-01	-4.235309e+00	1.211032e+00	-1.035592e+00	3.875156e-01	4.023007e-01	2.056527e-01	8.654889e-02	7.032875e-01	8.241205e-01	7.671100e+00	
9  25.9183	-7.548775e+00	8.180363e-01	-4.235309e+00	1.211032e+00	-1.035592e+00	3.875156e-01	4.023007e-01	2.056527e-01	8.654889e-02	7.032875e-01	8.241230e-01	7.671100e+00	
11  23.7067	-7.548775e+00	4.482431e-01	-3.338570e+00	1.259055e+00	-1.556081e+00	3.539871e-01	3.798737e-01	2.551257e-01	1.077971e-01	8.865617e-01	8.241230e-01	7.671100e+00	
10  22.863	-8.041920e+00	4.482431e-01	-3.338570e+00	1.259055e+00	-1.556081e+00	3.539871e-01	3.798737e-01	2.551257e-01	1.077971e-01	8.865617e-01	8.241247e-01	7.671100e+00	
5  22.8981	-8.455194e+00	4.482431e-01	-3.338570e+00	1.259055e+00	-1.556081e+00	3.539871e-01	3.798737e-01	2.551257e-01	1.077971e-01	8.865617e-01	8.241248e-01	7.671100e+00	
19  22.2325	-8.455194e+00	7.734998e-01	-2.265546e+00	1.223494e+00	-2.529792e+00	3.720802e-01	3.951173e-01	2.732796e-01	3.926812e-02	8.367452e-01	8.241248e-01	7.671100e+00	
29  22.3662	-8.455194e+00	9.159647e-01	-4.560022e+00	1.351774e+00	-2.149645e+00	3.972875e-01	3.725572e-01	2.548694e-01	5.332171e-02	5.990549e-01	8.241248e-01	7.671100e+00	
17  19.931	-8.455194e+00	7.805284e-01	-3.323822e+00	1.421018e+00	-3.155537e+00	3.868012e-01	3.223594e-01	3.017645e-01	6.986107e-02	8.301773e-01	8.241248e-01	7.671100e+00	
290  20.6582	-7.816332e+00	7.805284e-01	-3.323822e+00	1.421018e+00	-3.155537e+00	3.868012e-01	3.223594e-01	3.017645e-01	6.986107e-02	8.301773e-01	8.241243e-01	7.671100e+00	
10  19.9311	-8.349800e+00	7.805284e-01	-3.323822e+00	1.421018e+00	-3.155537e+00	3.868012e-01	3.223594e-01	3.017645e-01	6.986107e-02	8.301773e-01	8.241248e-01	7.671100e+00	
48  19.931	-8.477176e+00	7.805284e-01	-3.323822e+00	1.421018e+00	-3.155537e+00	3.868012e-01	3.223594e-01	3.017645e-01	6.986107e-02	8.301773e-01	8.241248e-01	7.671100e+00	
146  19.3852	-8.477176e+00	6.984703e-01	-3.663324e+00	1.520812e+00	-3.369250e+00	4.066375e-01	2.956061e-01	2.584212e-01	1.086945e-01	8.703253e-01	8.241248e-01	7.671100e+00	
96  19.5564	-8.477176e+00	8.368049e-01	-3.645635e+00	1.433958e+00	-3.505552e+00	3.867809e-01	2.905100e-01	2.692382e-01	1.129827e-01	8.218365e-01	8.241248e-01	7.671100e+00	
150  19.5371	-8.030868e+00	8.368049e-01	-3.645635e+00	1.433958e+00	-3.505552e+00	3.867809e-01	2.905100e-01	2.692382e-01	1.129827e-01	8.218365e-01	8.241246e-01	7.671100e+00	
110  19.5564	-8.446858e+00	8.368049e-01	-3.645635e+00	1.433958e+00	-3.505552e+00	3.867809e-01	2.905100e-01	2.692382e-01	1.129827e-01	8.218365e-01	8.241248e-01	7.671100e+00	
22  19.5564	-8.457866e+00	8.368049e-01	-3.645635e+00	1.433958e+00	-3.505552e+00	3.867809e-01	2.905100e-01	2.692382e-01	1.129827e-01	8.218365e-01	8.241248e-01	7.671100e+00	
23  20.8605	-8.457866e+00	7.167844e-01	-3.526328e+00	1.404841e+00	-2.695812e+00	3.848220e-01	3.125011e-01	2.402534e-01	1.288635e-01	9.389726e-01	8.241248e-01	7.671100e+00	
1  22.3976	-8.457866e+00	1.400305e+00	-2.880876e+00	1.397470e+00	-2.268979e+00	3.578090e-01	3.408462e-01	2.507897e-01	5.228455e-02	9.558339e-01	8.241248e-01	7.671100e+00	
4  22.1057	-8.457866e+00	8.971183e-01	-3.069237e+00	1.530711e+00	-9.091188e-01	3.674132e-01	3.163083e-01	2.257699e-01	4.594679e-02	7.121258e-01	8.241248e-01	7.671100e+00	
11  22.1057	-8.499056e+00	8.971183e-01	-3.069237e+00	1.530711e+00	-9.091188e-01	3.674132e-01	3.163083e-01	2.257699e-01	4.594679e-02	7.121258e-01	8.241248e-01	7.671100e+00	
19  20.7379	-8.499056e+00	4.657394e-01	-3.908853e+00	1.499781e+00	-1.555062e+00	3.508354e-01	3.152613e-01	2.284954e-01	7.276970e-02	9.970359e-01	8.241248e-01	7.671100e+00	
72  20.7277	-7.968985e+00	4.657394e-01	-3.908853e+00	1.499781e+00	-1.555062e+00	3.508354e-01	3.152613e-01	2.284954e-01	7.276970e-02	9.970359e-01	8.241246e-01	7.671100e+00	
78  19.8469	-7.968985e+00	6.207045e-01	-4.219031e+00	1.446253e+00	-1.469816e+00	3.869568e-01	3.364501e-01	2.331018e-01	4.957580e-02	7.885558e-01	8.241246e-01	7.671100e+00	
33  19.915	-7.832594e+00	6.207045e-01	-4.219031e+00	1.446253e+00	-1.469816e+00	3.869568e-01	3.364501e-01	2.331018e-01	4.957580e-02	7.885558e-01	8.241243e-01	7.671100e+00	
30  19.4255	-7.832594e+00	7.287745e-01	-3.952167e+00	1.493674e+00	-2.774178e+00	3.865537e-01	3.202662e-01	2.278197e-01	7.800857e-02	8.209426e-01	8.241243e-01	7.671100e+00	
67  19.5095	-7.832594e+00	7.899180e-01	-4.965452e+00	1.475682e+00	-2.966462e+00	3.681877e-01	2.904472e-01	2.880388e-01	1.129129e-01	8.341405e-01	8.241243e-01	7.671100e+00	
70  19.6038	-7.926759e+00	7.899180e-01	-4.965452e+00	1.475682e+00	-2.966462e+00	3.681877e-01	2.904472e-01	2.880388e-01	1.129129e-01	8.341405e-01	8.241245e-01	7.671100e+00	
60  19.5013	-7.839224e+00	7.899180e-01	-4.965452e+00	1.475682e+00	-2.966462e+00	3.681877e-01	2.904472e-01	2.880388e-01	1.129129e-01	8.341405e-01	8.241244e-01	7.671100e+00	
10  19.6893	-8.460611e+00	7.899180e-01	-4.965452e+00	1.475682e+00	-2.966462e+00	3.681877e-01	2.904472e-01	2.880388e-01	1.129129e-01	8.341405e-01	8.241248e-01	7.671100e+00	
10  19.6893	-8.412714e+00	7.899180e-01	-4.965452e+00	1.475682e+00	-2.966462e+00	3.681877e-01	2.904472e-01	2.880388e-01	1.129129e-01	8.341405e-01	8.241248e-01	7.671100e+00	
10  19.6846	-8.098202e+00	7.899180e-01	-4.965452e+00	1.475682e+00	-2.966462e+00	3.681877e-01	2.904472e-01	2.880388e-01	1.129129e-01	8.341405e-01	8.241247e-01	7.671100e+00	
10  19.6835	-8.085838e+00	7.899180e-01	-4.965452e+00	1.475682e+00	-2.966462e+00	3.681877e-01	2.904472e-01	2.880388e-01	1.129129e-01	8.341405e-01	8.241247e-01	7.671100e+00	
16  19.6235	-7.943794e+00	7.899180e-01	-4.965452e+00	1.475682e+00	-2.966462e+00	3.681877e-01	2.904472e-01	2.880388e-01	1.129129e-01	8.341405e-01	8.241245e-01	7.671100e+00	
144  19.1026	-7.943794e+00	6.158009e-01	-4.572346e+00	1.475907e+00	-3.443734e+00	3.726012e-01	3.199470e-01	2.575763e-01	8.272670e-02	9.265090e-01	8.241245e-01	7.671100e+00	
25  19.1025	-7.942575e+00	6.158009e-01	-4.572346e+00	1.475907e+00	-3.443734e+00	3.726012e-01	3.199470e-01	2.575763e-01	8.272670e-02	9.265090e-01	8.241245e-01	7.671100e+00	
6  21.6705	-7.942575e+00	7.526086e-01	-4.301286e+00	1.465118e+00	-4.587528e+00	3.689976e-01	3.320034e-01	2.664448e-01	1.343789e-01	8.027331e-01	8.241245e-01	7.671100e+00	
39  20.7475	-7.942575e+00	8.776099e-01	-4.398917e+00	1.408041e+00	-4.990301e+00	3.835226e-01	3.317860e-01	2.700129e-01	1.063411e-01	7.224570e-01	8.241245e-01	7.671100e+00	
130  20.3168	-7.843437e+00	8.776099e-01	-4.398917e+00	1.408041e+00	-4.990301e+00	3.835226e-01	3.317860e-01	2.700129e-01	1.063411e-01	7.224570e-01	8.241244e-01	7.671100e+00	
27  20.3439	-7.847391e+00	8.776099e-01	-4.398917e+00	1.408041e+00	-4.990301e+00	3.835226e-01	3.317860e-01	2.700129e-01	1.063411e-01	7.224570e-01	8.241244e-01	7.671100e+00	
43  21.0641	-7.847391e+00	9.813609e-01	-4.734617e+00	1.385969e+00	-4.938524e+00	3.872407e-01	3.305552e-01	2.938434e-01	8.846839e-02	9.531194e-01	8.241244e-01	7.671100e+00	
44  20.6961	-8.459863e+00	9.813609e-01	-4.734617e+00	1.385969e+00	-4.938524e+00	3.872407e-01	3.305552e-01	2.938434e-01	8.846839e-02	9.531194e-01	8.241248e-01	7.671100e+00	
26  19.8804	-8.459863e+00	1.090008e+00	-4.787139e+00	1.471256e+00	-4.517337e+00	3.976490e-01	3.274593e-01	2.913906e-01	1.050503e-01	7.541305e-01	8.241248e-01	7.671100e+00	
80  19.9657	-7.830632e+00	1.090008e+00	-4.787139e+00	1.471256e+00	-4.517337e+00	3.976490e-01	3.274593e-01	2.913906e-01	1.050503e-01	7.541305e-01	8.241243e-01	7.671100e+00	
30  19.8804	-8.456368e+00	1.090008e+00	-4.787139e+00	1.471256e+00	-4.517337e+00	3.976490e-01	3.274593e-01	2.913906e-01	1.050503e-01	7.541305e-01	8.241248e-01	7.671100e+00	
50  19.8627	-7.972778e+00	1.090008e+00	-4.787139e+00	1.471256e+00	-4.517337e+00	3.976490e-01	3.274593e-01	2.913906e-01	1.050503e-01	7.541305e-01	8.241246e-01	7.671100e+00	
130  19.8795	-8.165612e+00	1.090008e+00	-4.787139e+00	1.471256e+00	-4.517337e+00	3.976490e-01	3.274593e-01	2.913906e-01	1.050503e-01	7.541305e-01	8.241247e-01	7.671100e+00	
30  19.8491	-7.868515e+00	1.090008e+00	-4.787139e+00	1.471256e+00	-4.517337e+00	3.976490e-01	3.274593e-01	2.913906e-01	1.050503e-01	7.541305e-01	8.241244e-01	7.671100e+00	
12  19.8782	-8.098289e+00	1.090008e+00	-4.787139e+00	1.471256e+00	-4.517337e+00	3.976490e-01	3.274593e-01	2.913906e-01	1.050503e-01	7.541305e-01	8.241247e-01	7.671100e+00	
9  21.8495	-8.098289e+00	1.045059e+00	-4.363741e+00	1.453377e+00	-3.685700e+00	3.830424e-01	3.497036e-01	2.519829e-01	8.708345e-02	8.277891e-01	8.241247e-01	7.671100e+00	
7  23.5426	-8.098289e+00	1.138823e+00	-3.696797e+00	1.463530e+00	-2.285389e+00	4.228773e-01	3.353784e-01	2.864850e-01	4.819875e-02	6.003013e-01	8.241247e-01	7.671100e+00	
82  20.67	-8.098289e+00	9.400513e-01	-3.798076e+00	1.374538e+00	-3.909944e+00	3.744943e-01	3.331031e-01	2.701916e-01	8.540205e-02	5.369137e-01	8.241247e-01	7.671100e+00	
71  20.5934	-7.803324e+00	9.400513e-01	-3.798076e+00	1.374538e+00	-3.909944e+00	3.744943e-01	3.331031e-01	2.701916e-01	8.540205e-02	5.369137e-01	8.241243e-01	7.671100e+00	
59  21.9269	-7.803324e+00	8.875305e-01	-4.092794e+00	1.341303e+00	-4.455433e+00	3.912314e-01	2.809638e-01	2.953444e-01	1.727264e-01	9.501209e-01	8.241243e-01	7.671100e+00	
10  21.8658	-7.845668e+00	8.875305e-01	-4.092794e+00	1.341303e+00	-4.455433e+00	3.912314e-01	2.809638e-01	2.953444e-01	1.727264e-01	9.501209e-01	8.241244e-01	7.671100e+00	
25  22.1601	-8.291392e+00	8.875305e-01	-4.092794e+00	1.341303e+00	-4.455433e+00	3.912314e-01	2.809638e-01	2.953444e-01	1.727264e-01	9.501209e-01	8.241248e-01	7.671100e+00	
5  19.8849	-8.291392e+00	7.745049e-01	-4.939172e+00	1.306670e+00	-2.854415e+00	3.584672e-01	3.018703e-01	2.600017e-01	1.080383e-01	8.648715e-01	8.241248e-01	7.671100e+00	
70  19.6473	-7.910291e+00	7.745049e-01	-4.939172e+00	1.306670e+00	-2.854415e+00	3.584672e-01	3.018703e-01	2.600017e-01	1.080383e-01	8.648715e-01	8.241245e-01	7.671100e+00	
170  19.3594	-7.853553e+00	7.745049e-01	-4.939172e+00	1.306670e+00	-2.854415e+00	3.584672e-01	3.018703e-01	2.600017e-01	1.080383e-01	8.648715e-01	8.241244e-01	7.671100e+00	
90  19.3482	-7.764889e+00	7.745049e-01	-4.939172e+00	1.306670e+00	-2.854415e+00	3.584672e-01	3.018703e-01	2.600017e-01	1.080383e-01	8.648715e-01	8.241242e-01	7.671100e+00	
84  19.3754	-7.763105e+00	7.745049e-01	-4.939172e+00	1.306670e+00	-2.854415e+00	3.584672e-01	3.018703e-01	2.600017e-01	1.080383e-01	8.648715e-01	8.241241e-01	7.671100e+00	
76  20.7212	-7.763105e+00	7.350040e-01	-4.486871e+00	1.295355e+00	-2.376858e+00	3.470157e-01	2.880576e-01	2.410613e-01	6.917479e-02	8.880537e-01	8.241241e-01	7.671100e+00	
30  21.8268	-7.496494e+00	7.350040e-01	-4.486871e+00	1.295355e+00	-2.376858e+00	3.470157e-01	2.880576e-01	2.410613e-01	6.917479e-02	8.880537e-01	8.241225e-01	7.671100e+00	
200  22.1059	-8.006569e+00	7.350040e-01	-4.486871e+00	1.295355e+00	-2.376858e+00	3.470157e-01	2.880576e-01	2.410613e-01	6.917479e-02	8.880537e-01	8.241246e-01	7.671100e+00	
20  22.1632	-8.181799e+00	7.350040e-01	-4.486871e+00	1.295355e+00	-2.376858e+00	3.470157e-01	2.880576e-01	2.410613e-01	6.917479e-02	8.880537e-01	8.241247e-01	7.671100e+00	
19  22.1712	-8.486416e+00	7.350040e-01	-4.486871e+00	1.295355e+00	-2.376858e+00	3.470157e-01	2.880576e-01	2.410613e-01	6.917479e-02	8.880537e-01	8.241248e-01	7.671100e+00	
3  23.2122	-8.486416e+00	8.815447e-01	-4.291792e+00	1.383714e+00	-3.864940e+00	3.847001e-01	2.739817e-01	2.157122e-01	1.459892e-01	9.266391e-01	8.241248e-01	7.671100e+00	
12  22.777	-8.486416e+00	8.856909e-01	-4.282377e+00	1.552992e+00	-3.204514e+00	4.130751e-01	3.038627e-01	2.602651e-01	1.451954e-01	9.312574e-01	8.241248e-01	7.671100e+00	
6  20.2812	-8.486416e+00	1.148647e+00	-3.148083e+00	1.506342e+00	-3.907216e+00	4.024447e-01	2.879550e-01	2.599407e-01	1.052934e-01	9.091587e-01	8.241248e-01	7.671100e+00	
21  20.2538	-7.918052e+00	1.148647e+00	-3.148083e+00	1.506342e+00	-3.907216e+00	4.024447e-01	2.879550e-01	2.599407e-01	1.052934e-01	9.091587e-01	8.241245e-01	7.671100e+00	
139  20.1518	-7.918052e+00	9.379979e-01	-3.864510e+00	1.587150e+00	-4.693354e+00	4.134642e-01	2.829925e-01	2.692960e-01	1.344277e-01	8.720734e-01	8.241245e-01	7.671100e+00	
257  20.0779	-7.878254e+00	9.379979e-01	-3.864510e+00	1.587150e+00	-4.693354e+00	4.134642e-01	2.829925e-01	2.692960e-01	1.344277e-01	8.720734e-01	8.241244e-01	7.671100e+00	
25  21.8894	-7.878254e+00	6.635028e-01	-4.353052e+00	1.655110e+00	-4.392770e+00	3.848345e-01	2.855507e-01	2.411676e-01	1.671773e-01	9.366589e-01	8.241244e-01	7.671100e+00	
55  21.9756	-7.878254e+00	7.047705e-01	-3.926345e+00	1.684003e+00	-3.132603e+00	3.973958e-01	3.057091e-01	2.374787e-01	1.056299e-01	6.677696e-01	8.241244e-01	7.671100e+00	
14  23.406	-7.878254e+00	1.274811e+00	-3.172158e+00	1.628804e+00	-3.397610e+00	3.862953e-01	2.975466e-01	2.435122e-01	1.227475e-01	7.832378e-01	8.241244e-01	7.671100e+00	
9  23.4214	-7.878254e+00	2.320567e-01	-2.882787e+00	1.566214e+00	-2.641030e+00	3.930060e-01	3.642619e-01	2.711997e-01	1.426227e-01	9.550456e-01	8.241244e-01	7.671100e+00	
39  24.0267	-8.213113e+00	2.320567e-01	-2.882787e+00	1.566214e+00	-2.641030e+00	3.930060e-01	3.642619e-01	2.711997e-01	1.426227e-01	9.550456e-01	8.241248e-01	7.671100e+00	
11  23.1565	-8.213113e+00	6.663213e-01	-3.844145e+00	1.529366e+00	-2.508669e+00	3.722193e-01	3.475692e-01	2.066528e-01	1.239760e-01	6.297755e-01	8.241248e-01	7.671100e+00	
18  22.6183	-7.814933e+00	6.663213e-01	-3.844145e+00	1.529366e+00	-2.508669e+00	3.722193e-01	3.475692e-01	2.066528e-01	1.239760e-01	6.297755e-01	8.241243e-01	7.671100e+00	
54  24.2075	-7.814933e+00	1.359699e+00	-3.828926e+00	1.449644e+00	-3.887251e+00	4.078262e-01	3.386354e-01	2.478065e-01	1.143062e-01	4.057851e-01	8.241243e-01	7.671100e+00	
4  21.3126	-7.814933e+00	8.995682e-01	-4.401621e+00	1.570908e+00	-4.255180e+00	4.526108e-01	3.123108e-01	2.791215e-01	1.162080e-01	5.788134e-01	8.241243e-01	7.671100e+00	
4  21.6746	-7.814933e+00	1.224968e+00	-4.523215e+00	1.530888e+00	-4.299689e+00	4.531151e-01	2.920843e-01	2.916903e-01	1.178015e-01	7.874283e-01	8.241243e-01	7.671100e+00	
55  21.6903	-8.468290e+00	1.224968e+00	-4.523215e+00	1.530888e+00	-4.299689e+00	4.531151e-01	2.920843e-01	2.916903e-01	1.178015e-01	7.874283e-01	8.241248e-01	7.671100e+00	
70  21.4229	-8.468290e+00	7.392183e-01	-3.536854e+00	1.488349e+00	-2.516152e+00	3.853394e-01	3.101942e-01	2.605517e-01	3.622177e-02	4.906033e-01	8.241248e-01	7.671100e+00	
16  20.4448	-8.468290e+00	5.200724e-01	-4.201465e+00	1.472920e+00	-2.906424e+00	3.648991e-01	3.275914e-01	2.798749e-01	3.225129e-02	8.450301e-01	8.241248e-01	7.671100e+00	
89  21.1921	-8.468290e+00	6.898069e-01	-4.798223e+00	1.434708e+00	-2.788992e+00	3.718919e-01	3.467329e-01	2.994944e-01	4.919157e-02	6.121875e-01	8.241248e-01	7.671100e+00	
30  21.0507	-7.887549e+00	6.898069e-01	-4.798223e+00	1.434708e+00	-2.788992e+00	3.718919e-01	3.467329e-01	2.994944e-01	4.919157e-02	6.121875e-01	8.241245e-01	7.671100e+00	
130  21.0307	-7.874424e+00	6.898069e-01	-4.798223e+00	1.434708e+00	-2.788992e+00	3.718919e-01	3.467329e-01	2.994944e-01	4.919157e-02	6.121875e-01	8.241244e-01	7.671100e+00	
22  21.1584	-7.984145e+00	6.898069e-01	-4.798223e+00	1.434708e+00	-2.788992e+00	3.718919e-01	3.467329e-01	2.994944e-01	4.919157e-02	6.121875e-01	8.241246e-01	7.671100e+00	
8  22.4044	-7.984145e+00	5.756233e-01	-3.569600e+00	1.445240e+00	-2.696558e+00	4.131070e-01	3.674854e-01	2.856455e-01	1.110211e-01	7.142338e-01	8.241246e-01	7.671100e+00	
18  22.441	-8.233540e+00	5.756233e-01	-3.569600e+00	1.445240e+00	-2.696558e+00	4.131070e-01	3.674854e-01	2.856455e-01	1.110211e-01	7.142338e-01	8.241248e-01	7.671100e+00	
2  21.4093	-8.233540e+00	6.200965e-01	-3.034201e+00	1.502137e+00	-1.795539e+00	4.016938e-01	3.489400e-01	2.525921e-01	5.319650e-02	7.633029e-01	8.241248e-01	7.671100e+00	
10  21.4093	-8.428829e+00	6.200965e-01	-3.034201e+00	1.502137e+00	-1.795539e+00	4.016938e-01	3.489400e-01	2.525921e-01	5.319650e-02	7.633029e-01	8.241248e-01	7.671100e+00	
35  21.4093	-8.223570e+00	6.200965e-01	-3.034201e+00	1.502137e+00	-1.795539e+00	4.016938e-01	3.489400e-01	2.525921e-01	5.319650e-02	7.633029e-01	8.241248e-01	7.671100e+00	
25  22.0281	-8.223570e+00	2.646577e-01	-2.210421e+00	1.501181e+00	-2.678791e+00	4.141072e-01	3.358359e-01	2.578007e-01	5.567740e-02	9.676104e-01	8.241248e-01	7.671100e+00	
40  22.0283	-8.280743e+00	2.646577e-01	-2.210421e+00	1.501181e+00	-2.678791e+00	4.141072e-01	3.358359e-01	2.578007e-01	5.567740e-02	9.676104e-01	8.241248e-01	7.671100e+00	
130  20.6618	-7.797560e+00	2.646577e-01	-2.210421e+00	1.501181e+00	-2.678791e+00	4.141072e-01	3.358359e-01	2.578007e-01	5.567740e-02	9.676104e-01	8.241242e-01	7.671100e+00	
29  21.5601	-7.400399e+00	2.646577e-01	-2.210421e+00	1.501181e+00	-2.678791e+00	4.141072e-01	3.358359e-01	2.578007e-01	5.567740e-02	9.676104e-01	8.241212e-01	7.671100e+00	
19  23.1436	-7.400399e+00	6.410944e-01	-3.355509e+00	1.505606e+00	-2.797409e+00	4.047322e-01	2.763245e-01	2.807132e-01	7.346385e-02	8.047211e-01	8.241212e-01	7.671100e+00	
74  23.8954	-7.400399e+00	6.873885e-01	-3.247872e+00	1.488756e+00	-3.213732e+00	4.082796e-01	3.076122e-01	2.616031e-01	1.307856e-01	8.442816e-01	8.241212e-01	7.671100e+00	
89  22.4477	-7.400399e+00	8.020783e-01	-4.187779e+00	1.468094e+00	-2.687333e+00	3.879541e-01	2.821549e-01	2.115000e-01	1.410888e-01	4.414206e-01	8.241212e-01	7.671100e+00	
129  22.4903	-7.400399e+00	3.649377e-01	-4.765805e+00	1.488736e+00	-3.575025e+00	3.813886e-01	3.150084e-01	1.998875e-01	1.520609e-01	9.727100e-01	8.241212e-01	7.671100e+00	
39  23.6627	-7.970171e+00	3.649377e-01	-4.765805e+00	1.488736e+00	-3.575025e+00	3.813886e-01	3.150084e-01	1.998875e-01	1.520609e-01	9.727100e-01	8.241246e-01	7.671100e+00	
4  23.4027	-7.970171e+00	7.061992e-01	-4.273715e+00	1.383725e+00	-3.395639e+00	3.610219e-01	3.896203e-01	2.312246e-01	9.773435e-02	5.854832e-01	8.241246e-01	7.671100e+00	
7  23.0875	-7.970171e+00	9.849463e-01	-3.001753e+00	1.289797e+00	-3.091265e+00	3.459655e-01	3.519494e-01	2.529649e-01	9.581263e-02	8.275998e-01	8.241246e-01	7.671100e+00	
40  23.1193	-8.237813e+00	9.849463e-01	-3.001753e+00	1.289797e+00	-3.091265e+00	3.459655e-01	3.519494e-01	2.529649e-01	9.581263e-02	8.275998e-01	8.241248e-01	7.671100e+00	
20  23.1194	-8.481737e+00	9.849463e-01	-3.001753e+00	1.289797e+00	-3.091265e+00	3.459655e-01	3.519494e-01	2.529649e-01	9.581263e-02	8.275998e-01	8.241248e-01	7.671100e+00	
6  23.0933	-7.982614e+00	9.849463e-01	-3.001753e+00	1.289797e+00	-3.091265e+00	3.459655e-01	3.519494e-01	2.529649e-01	9.581263e-02	8.275998e-01	8.241246e-01	7.671100e+00	
34  23.2356	-7.982614e+00	7.518777e-01	-3.248174e+00	1.237434e+00	-2.289974e+00	3.739248e-01	3.677453e-01	2.787137e-01	1.860601e-01	7.921648e-01	8.241246e-01	7.671100e+00	
51  25.1857	-7.400538e+00	7.518777e-01	-3.248174e+00	1.237434e+00	-2.289974e+00	3.739248e-01	3.677453e-01	2.787137e-01	1.860601e-01	7.921648e-01	8.241212e-01	7.671100e+00	
6  26.9034	-7.400538e+00	7.149813e-01	-3.216199e+00	1.185041e+00	-2.042641e+00	3.589603e-01	3.674888e-01	2.272815e-01	1.854146e-01	7.373035e-01	8.241212e-01	7.671100e+00	
5  26.155	-7.400538e+00	8.484731e-01	-1.991027e+00	1.245212e+00	-1.196206e+00	3.571952e-01	3.404859e-01	2.177172e-01	1.406670e-01	8.889299e-01	8.241212e-01	7.671100e+00	
28  24.5832	-7.400538e+00	6.280150e-01	-2.415398e+00	1.208160e+00	-1.300406e+00	4.041455e-01	4.045820e-01	2.399196e-01	1.008689e-01	7.678040e-01	8.241212e-01	7.671100e+00	
70  26.2591	-7.379104e+00	6.280150e-01	-2.415398e+00	1.208160e+00	-1.300406e+00	4.041455e-01	4.045820e-01	2.399196e-01	1.008689e-01	7.678040e-01	8.241208e-01	7.671100e+00	
23  24.1354	-8.304755e+00	6.280150e-01	-2.415398e+00	1.208160e+00	-1.300406e+00	4.041455e-01	4.045820e-01	2.399196e-01	1.008689e-01	7.678040e-01	8.241248e-01	7.671100e+00	
3  21.7921	-8.304755e+00	8.484917e-01	-1.570091e+00	1.119032e+00	-1.491684e+00	3.865289e-01	3.919211e-01	2.768077e-01	9.025682e-02	9.803992e-01	8.241248e-01	7.671100e+00	
34  22.1603	-8.304755e+00	7.037104e-01	-1.527680e+00	1.109590e+00	-6.568794e-01	3.885892e-01	3.954119e-01	2.877370e-01	1.009164e-01	9.173037e-01	8.241248e-01	7.671100e+00	
133  22.1603	-8.263092e+00	7.037104e-01	-1.527680e+00	1.109590e+00	-6.568794e-01	3.885892e-01	3.954119e-01	2.877370e-01	1.009164e-01	9.173037e-01	8.241248e-01	7.671100e+00	
285  23.0198	-8.263092e+00	6.449905e-01	-7.875275e-01	1.085969e+00	-5.653016e-01	3.736037e-01	4.222002e-01	2.799248e-01	1.026427e-01	9.825769e-01	8.241248e-01	7.671100e+00	
85  23.7017	-8.263092e+00	7.784034e-01	-1.104479e+00	1.042533e+00	-1.182921e+00	3.707227e-01	4.080462e-01	3.029589e-01	7.261734e-02	9.263563e-01	8.241248e-01	7.671100e+00	
32  23.5616	-8.263092e+00	8.269365e-01	-1.645380e+00	1.141150e+00	-1.593216e+00	3.721932e-01	4.074317e-01	3.001969e-01	1.111410e-01	6.703504e-01	8.241248e-01	7.671100e+00	
15  25.1011	-8.263092e+00	8.201615e-01	-1.522892e+00	1.069483e+00	-1.178720e+00	3.675223e-01	4.269317e-01	2.225911e-01	8.791488e-02	9.074011e-01	8.241248e-01	7.671100e+00	
2  25.1013	-8.334243e+00	8.201615e-01	-1.522892e+00	1.069483e+00	-1.178720e+00	3.675223e-01	4.269317e-01	2.225911e-01	8.791488e-02	9.074011e-01	8.241248e-01	7.671100e+00	
60  23.7447	-8.334243e+00	9.597188e-01	-1.131793e+00	1.139594e+00	4.693620e-01	4.030018e-01	4.019356e-01	2.776395e-01	6.388505e-02	8.471927e-01	8.241248e-01	7.671100e+00	
42  22.6512	-8.334243e+00	1.226180e+00	-4.113710e-01	1.214704e+00	5.488142e-01	4.029474e-01	4.049088e-01	2.424775e-01	4.608771e-02	8.426519e-01	8.241248e-01	7.671100e+00	
8  21.6265	-8.334243e+00	1.228465e+00	-4.220658e-01	1.192876e+00	1.271308e+00	3.956994e-01	4.039842e-01	2.234131e-01	5.981891e-02	7.533967e-01	8.241248e-01	7.671100e+00	
2  22.6233	-8.334243e+00	1.309626e+00	-8.350742e-01	1.160455e+00	1.775895e+00	4.510101e-01	3.504643e-01	2.121923e-01	5.694459e-02	7.371706e-01	8.241248e-01	7.671100e+00	
46  22.1511	-8.334243e+00	1.224139e+00	1.979825e-02	1.066734e+00	3.447738e+00	4.625304e-01	4.254708e-01	1.800365e-01	7.748903e-02	9.504441e-01	8.241248e-01	7.671100e+00	
160  22.146	-7.999342e+00	1.224139e+00	1.979825e-02	1.066734e+00	3.447738e+00	4.625304e-01	4.254708e-01	1.800365e-01	7.748903e-02	9.504441e-01	8.241246e-01	7.671100e+00	
110  22.1503	-8.118724e+00	1.224139e+00	1.979825e-02	1.066734e+00	3.447738e+00	4.625304e-01	4.254708e-01	1.800365e-01	7.748903e-02	9.504441e-01	8.241247e-01	7.671100e+00	
70  22.1506	-8.140804e+00	1.224139e+00	1.979825e-02	1.066734e+00	3.447738e+00	4.625304e-01	4.254708e-01	1.800365e-01	7.748903e-02	9.504441e-01	8.241247e-01	7.671100e+00	
30  22.1511	-8.431658e+00	1.224139e+00	1.979825e-02	1.066734e+00	3.447738e+00	4.625304e-01	4.254708e-01	1.800365e-01	7.748903e-02	9.504441e-01	8.241248e-01	7.671100e+00	
3  22.1493	-8.065720e+00	1.224139e+00	1.979825e-02	1.066734e+00	3.447738e+00	4.625304e-01	4.254708e-01	1.800365e-01	7.748903e-02	9.504441e-01	8.241247e-01	7.671100e+00	
9  22.3024	-8.065720e+00	1.463069e+00	-1.182091e+00	1.052742e+00	2.950437e+00	4.760071e-01	3.556181e-01	2.309939e-01	6.614759e-02	9.740013e-01	8.241247e-01	7.671100e+00	
7  26.1144	-8.065720e+00	1.301195e+00	-1.634130e+00	1.087830e+00	2.348594e+00	4.410682e-01	3.767119e-01	2.818406e-01	5.691543e-02	8.861435e-01	8.241247e-01	7.671100e+00	
17  25.8055	-8.065720e+00	1.905497e+00	-1.772894e+00	1.129591e+00	3.175511e+00	4.829544e-01	3.459829e-01	2.456767e-01	9.024644e-02	8.601608e-01	8.241247e-01	7.671100e+00	
8  27.2444	-8.065720e+00	1.889999e+00	-1.537264e+00	1.144204e+00	3.388400e+00	5.116487e-01	3.404756e-01	2.294608e-01	6.587817e-02	8.711063e-01	8.241247e-01	7.671100e+00	
33  28.1055	-8.065720e+00	1.296969e+00	-1.681693e+00	1.097822e+00	2.861217e+00	5.248074e-01	3.415318e-01	2.059325e-01	6.446215e-02	4.905571e-01	8.241247e-01	7.671100e+00	
22  25.0982	-8.065720e+00	1.470491e+00	-2.168971e+00	1.114604e+00	2.938004e+00	5.302869e-01	3.450078e-01	2.090570e-01	9.352963e-02	7.468375e-01	8.241247e-01	7.671100e+00	
10  22.3532	-8.065720e+00	1.088351e+00	-1.366040e+00	1.170724e+00	3.516094e+00	4.236915e-01	3.432993e-01	2.067085e-01	1.079464e-01	7.126984e-01	8.241247e-01	7.671100e+00	
29  21.7675	-8.065720e+00	1.365392e+00	-2.120473e+00	1.211218e+00	4.198590e+00	4.749867e-01	3.470288e-01	1.929136e-01	8.129032e-02	7.698989e-01	8.241247e-01	7.671100e+00	
35  21.6963	-8.065720e+00	1.548911e+00	-1.840026e+00	1.257038e+00	3.417280e+00	4.566766e-01	3.681464e-01	2.178368e-01	5.432009e-02	7.522601e-01	8.241247e-01	7.671100e+00	
5  21.394	-8.065720e+00	1.632225e+00	-2.598782e+00	1.282863e+00	3.900725e+00	4.830461e-01	3.705185e-01	2.745447e-01	1.036738e-01	7.166257e-01	8.241247e-01	7.671100e+00	
2  22.7509	-8.065720e+00	1.890097e+00	-3.591379e+00	1.230635e+00	4.453510e+00	4.690983e-01	3.418643e-01	2.857796e-01	1.000739e-01	9.664159e-01	8.241247e-01	7.671100e+00	
15  22.749	-8.253155e+00	1.890097e+00	-3.591379e+00	1.230635e+00	4.453510e+00	4.690983e-01	3.418643e-01	2.857796e-01	1.000739e-01	9.664159e-01	8.241248e-01	7.671100e+00	
15  22.8852	-8.253155e+00	1.942295e+00	-3.047523e+00	1.176034e+00	4.177603e+00	4.619383e-01	3.584668e-01	2.704486e-01	1.102708e-01	8.762296e-01	8.241248e-01	7.671100e+00	
20  22.8852	-8.212990e+00	1.942295e+00	-3.047523e+00	1.176034e+00	4.177603e+00	4.619383e-01	3.584668e-01	2.704486e-01	1.102708e-01	8.762296e-01	8.241248e-01	7.671100e+00	
19  22.8852	-8.240388e+00	1.942295e+00	-3.047523e+00	1.176034e+00	4.177603e+00	4.619383e-01	3.584668e-01	2.704486e-01	1.102708e-01	8.762296e-01	8.241248e-01	7.671100e+00	
16  22.1816	-8.240388e+00	1.755789e+00	-3.344835e+00	1.196117e+00	4.373481e+00	4.667809e-01	3.566578e-01	2.497036e-01	1.480713e-01	7.522379e-01	8.241248e-01	7.671100e+00	
1  23.8075	-8.240388e+00	1.810932e+00	-2.690428e+00	1.232029e+00	4.191313e+00	4.684764e-01	3.734459e-01	2.710375e-01	1.775126e-01	6.818883e-01	8.241248e-01	7.671100e+00	
4  22.1255	-8.240388e+00	1.681905e+00	-2.207337e+00	1.330622e+00	3.010849e+00	4.582182e-01	3.912457e-01	2.708910e-01	1.431401e-01	7.541431e-01	8.241248e-01	7.671100e+00	
12  22.1253	-8.364368e+00	1.681905e+00	-2.207337e+00	1.330622e+00	3.010849e+00	4.582182e-01	3.912457e-01	2.708910e-01	1.431401e-01	7.541431e-01	8.241248e-01	7.671100e+00	
47  23.8188	-8.364368e+00	1.538375e+00	-2.629510e+00	1.327343e+00	3.393012e+00	4.883923e-01	3.729032e-01	2.888430e-01	1.402717e-01	6.471971e-01	8.241248e-01	7.671100e+00	
14  23.8471	-8.364368e+00	1.340019e+00	-2.463195e+00	1.247445e+00	3.313338e+00	4.405924e-01	3.247503e-01	2.716937e-01	9.266292e-02	4.739488e-01	8.241248e-01	7.671100e+00	
7  22.2711	-8.364368e+00	1.426206e+00	-2.258257e+00	1.409826e+00	3.824900e+00	4.599277e-01	3.218027e-01	2.971401e-01	1.722053e-01	9.125201e-01	8.241248e-01	7.671100e+00	
106  22.2712	-8.223310e+00	1.426206e+00	-2.258257e+00	1.409826e+00	3.824900e+00	4.599277e-01	3.218027e-01	2.971401e-01	1.722053e-01	9.125201e-01	8.241248e-01	7.671100e+00	
36  22.0391	-8.223310e+00	1.530285e+00	-2.268965e+00	1.432242e+00	3.989561e+00	4.851379e-01	3.477873e-01	2.736879e-01	9.455940e-02	9.779356e-01	8.241248e-01	7.671100e+00	
12  21.9415	-8.223310e+00	1.561136e+00	-2.594458e+00	1.420508e+00	4.710439e+00	4.806197e-01	3.650655e-01	2.894736e-01	1.219294e-01	6.747648e-01	8.241248e-01	7.671100e+00	
6  21.836	-8.223310e+00	1.845328e+00	-1.826447e+00	1.345897e+00	4.770250e+00	4.715615e-01	4.228000e-01	2.900043e-01	1.642652e-01	8.905912e-01	8.241248e-01	7.671100e+00	
30  21.8381	-8.155465e+00	1.845328e+00	-1.826447e+00	1.345897e+00	4.770250e+00	4.715615e-01	4.228000e-01	2.900043e-01	1.642652e-01	8.905912e-01	8.241247e-01	7.671100e+00	
100  21.8393	-8.492308e+00	1.845328e+00	-1.826447e+00	1.345897e+00	4.770250e+00	4.715615e-01	4.228000e-01	2.900043e-01	1.642652e-01	8.905912e-01	8.241248e-01	7.671100e+00	
9  21.8835	-7.983523e+00	1.845328e+00	-1.826447e+00	1.345897e+00	4.770250e+00	4.715615e-01	4.228000e-01	2.900043e-01	1.642652e-01	8.905912e-01	8.241246e-01	7.671100e+00	
91  20.8062	-7.983523e+00	1.379693e+00	-1.291662e+00	1.238280e+00	4.694597e+00	4.210734e-01	3.676181e-01	2.486398e-01	7.970645e-02	6.216192e-01	8.241246e-01	7.671100e+00	
20  20.7517	-8.282619e+00	1.379693e+00	-1.291662e+00	1.238280e+00	4.694597e+00	4.210734e-01	3.676181e-01	2.486398e-01	7.970645e-02	6.216192e-01	8.241248e-01	7.671100e+00	
20  20.7553	-8.132474e+00	1.379693e+00	-1.291662e+00	1.238280e+00	4.694597e+00	4.210734e-01	3.676181e-01	2.486398e-01	7.970645e-02	6.216192e-01	8.241247e-01	7.671100e+00	
20  20.7517	-8.236571e+00	1.379693e+00	-1.291662e+00	1.238280e+00	4.694597e+00	4.210734e-01	3.676181e-01	2.486398e-01	7.970645e-02	6.216192e-01	8.241248e-01	7.671100e+00	
34  20.7517	-8.247616e+00	1.379693e+00	-1.291662e+00	1.238280e+00	4.694597e+00	4.210734e-01	3.676181e-01	2.486398e-01	7.970645e-02	6.216192e-01	8.241248e-01	7.671100e+00	
16  22.9717	-8.247616e+00	1.026361e+00	-1.569704e+00	1.288055e+00	4.022724e+00	4.294316e-01	3.554205e-01	2.412642e-01	4.433985e-02	6.591831e-01	8.241248e-01	7.671100e+00	
5  22.9732	-8.136013e+00	1.026361e+00	-1.569704e+00	1.288055e+00	4.022724e+00	4.294316e-01	3.554205e-01	2.412642e-01	4.433985e-02	6.591831e-01	8.241247e-01	7.671100e+00	
25  22.5367	-8.136013e+00	1.265047e+00	-2.111423e+00	1.364276e+00	4.358665e+00	4.350302e-01	3.709254e-01	2.780450e-01	3.464840e-02	4.368995e-01	8.241247e-01	7.671100e+00	
10  22.5499	-8.078841e+00	1.265047e+00	-2.111423e+00	1.364276e+00	4.358665e+00	4.350302e-01	3.709254e-01	2.780450e-01	3.464840e-02	4.368995e-01	8.241247e-01	7.671100e+00	
50  22.529	-8.366175e+00	1.265047e+00	-2.111423e+00	1.364276e+00	4.358665e+00	4.350302e-01	3.709254e-01	2.780450e-01	3.464840e-02	4.368995e-01	8.241248e-01	7.671100e+00	
40  22.529	-8.336551e+00	1.265047e+00	-2.111423e+00	1.364276e+00	4.358665e+00	4.350302e-01	3.709254e-01	2.780450e-01	3.464840e-02	4.368995e-01	8.241248e-01	7.671100e+00	
4  22.5294	-8.211058e+00	1.265047e+00	-2.111423e+00	1.364276e+00	4.358665e+00	4.350302e-01	3.709254e-01	2.780450e-01	3.464840e-02	4.368995e-01	8.241248e-01	7.671100e+00	
59  21.0861	-8.211058e+00	1.163207e+00	-3.329722e+00	1.356684e+00	4.412903e+00	4.535576e-01	3.120283e-01	2.723856e-01	2.504460e-02	6.869065e-01	8.241248e-01	7.671100e+00	
116  20.7691	-8.211058e+00	1.330164e+00	-4.093338e+00	1.275655e+00	4.058664e+00	4.304668e-01	3.162724e-01	2.468006e-01	5.794034e-02	7.613928e-01	8.241248e-01	7.671100e+00	
9  20.6269	-8.211058e+00	1.306522e+00	-4.092527e+00	1.346059e+00	3.413463e+00	4.381012e-01	3.311400e-01	2.036543e-01	9.817565e-02	6.918780e-01	8.241248e-01	7.671100e+00	
22  21.2061	-8.211058e+00	1.029237e+00	-3.678538e+00	1.263913e+00	2.809902e+00	4.086778e-01	3.264151e-01	1.825288e-01	6.930489e-02	3.068391e-01	8.241248e-01	7.671100e+00	
29  21.2062	-8.419995e+00	1.029237e+00	-3.678538e+00	1.263913e+00	2.809902e+00	4.086778e-01	3.264151e-01	1.825288e-01	6.930489e-02	3.068391e-01	8.241248e-01	7.671100e+00	
95  21.3783	-8.419995e+00	1.546682e+00	-2.547140e+00	1.152835e+00	3.080786e+00	4.860120e-01	3.518059e-01	2.217011e-01	6.960937e-02	7.587800e-01	8.241248e-01	7.671100e+00	
24  21.353	-8.419995e+00	1.750564e+00	-3.776037e+00	1.143690e+00	2.397201e+00	4.907277e-01	3.964888e-01	2.141741e-01	5.614348e-02	7.707043e-01	8.241248e-01	7.671100e+00	
16  21.8137	-8.419995e+00	1.599681e+00	-4.002647e+00	1.174156e+00	3.301338e+00	4.344004e-01	4.174633e-01	1.619849e-01	4.101471e-02	8.232127e-01	8.241248e-01	7.671100e+00	
42  20.9445	-8.419995e+00	1.367434e+00	-3.745894e+00	1.217803e+00	3.289084e+00	4.715987e-01	4.146594e-01	1.999342e-01	4.877681e-02	7.529671e-01	8.241248e-01	7.671100e+00	
4  21.5597	-8.419995e+00	1.272987e+00	-3.681021e+00	1.089268e+00	3.071364e+00	4.652329e-01	3.453722e-01	1.709029e-01	4.937787e-02	6.506447e-01	8.241248e-01	7.671100e+00	
100  21.5507	-8.021513e+00	1.272987e+00	-3.681021e+00	1.089268e+00	3.071364e+00	4.652329e-01	3.453722e-01	1.709029e-01	4.937787e-02	6.506447e-01	8.241246e-01	7.671100e+00	
2  21.5597	-8.424229e+00	1.272987e+00	-3.681021e+00	1.089268e+00	3.071364e+00	4.652329e-01	3.453722e-01	1.709029e-01	4.937787e-02	6.506447e-01	8.241248e-01	7.671100e+00	
25  20.3159	-8.424229e+00	1.341997e+00	-3.143489e+00	1.199813e+00	4.476861e+00	4.461950e-01	3.481819e-01	2.130162e-01	4.359962e-02	6.892329e-01	8.241248e-01	7.671100e+00	
80  21.8949	-8.424229e+00	1.164916e+00	-2.386222e+00	1.223470e+00	4.159575e+00	4.490125e-01	3.462691e-01	2.515369e-01	6.921988e-02	7.829517e-01	8.241248e-01	7.671100e+00	
53  24.1302	-8.424229e+00	7.044522e-01	-2.530975e+00	1.214950e+00	4.907850e+00	4.581864e-01	3.184413e-01	2.436575e-01	8.097620e-02	9.501315e-01	8.241248e-01	7.671100e+00	
41  24.1302	-8.393350e+00	7.044522e-01	-2.530975e+00	1.214950e+00	4.907850e+00	4.581864e-01	3.184413e-01	2.436575e-01	8.097620e-02	9.501315e-01	8.241248e-01	7.671100e+00	
59  23.5766	-8.393350e+00	9.018028e-01	-2.889647e+00	1.222798e+00	4.998216e+00	4.533380e-01	3.238443e-01	1.844140e-01	1.107767e-01	9.572690e-01	8.241248e-01	7.671100e+00	
13  23.5817	-8.037981e+00	9.018028e-01	-2.889647e+00	1.222798e+00	4.998216e+00	4.533380e-01	3.238443e-01	1.844140e-01	1.107767e-01	9.572690e-01	8.241246e-01	7.671100e+00	
18  22.9648	-8.037981e+00	9.618331e-01	-3.201389e+00	1.186231e+00	4.284653e+00	4.658309e-01	2.988460e-01	2.036453e-01	4.958456e-02	8.647557e-01	8.241246e-01	7.671100e+00	
29  23.7331	-8.037981e+00	8.908590e-01	-2.876821e+00	1.303953e+00	4.973959e+00	4.274067e-01	3.114739e-01	1.898266e-01	4.026626e-02	9.322315e-01	8.241246e-01	7.671100e+00	
36  23.7368	-8.178816e+00	8.908590e-01	-2.876821e+00	1.303953e+00	4.973959e+00	4.274067e-01	3.114739e-01	1.898266e-01	4.026626e-02	9.322315e-01	8.241247e-01	7.671100e+00	
4  21.9056	-8.178816e+00	9.333532e-01	-1.920865e+00	1.336953e+00	3.705661e+00	4.355510e-01	3.120628e-01	2.368880e-01	2.742447e-02	7.840961e-01	8.241247e-01	7.671100e+00	
12  21.908	-7.967889e+00	9.333532e-01	-1.920865e+00	1.336953e+00	3.705661e+00	4.355510e-01	3.120628e-01	2.368880e-01	2.742447e-02	7.840961e-01	8.241246e-01	7.671100e+00	
38  22.6936	-7.967889e+00	1.364152e+00	-2.273800e+00	1.354823e+00	3.956353e+00	4.491093e-01	3.965338e-01	2.224431e-01	2.861754e-02	8.388486e-01	8.241246e-01	7.671100e+00	
71  22.7118	-7.954829e+00	1.364152e+00	-2.273800e+00	1.354823e+00	3.956353e+00	4.491093e-01	3.965338e-01	2.224431e-01	2.861754e-02	8.388486e-01	8.241246e-01	7.671100e+00	
20  21.9426	-7.954829e+00	1.608799e+00	-1.972260e+00	1.281344e+00	4.503321e+00	4.190950e-01	3.782019e-01	2.559375e-01	4.886786e-02	6.929040e-01	8.241246e-01	7.671100e+00	
4  24.5143	-7.954829e+00	1.827751e+00	-2.610093e+00	1.276550e+00	4.442543e+00	4.504829e-01	4.140903e-01	1.978749e-01	7.099482e-02	8.792784e-01	8.241246e-01	7.671100e+00	
2  22.4839	-7.954829e+00	1.264172e+00	-1.368803e+00	1.291505e+00	4.409532e+00	4.451868e-01	3.434839e-01	2.155580e-01	8.211709e-02	6.607817e-01	8.241246e-01	7.671100e+00	
13  23.8114	-7.954829e+00	1.594271e+00	-1.505577e+00	1.307964e+00	3.768072e+00	4.543413e-01	3.286287e-01	1.917801e-01	8.481579e-02	9.767399e-01	8.241246e-01	7.671100e+00	
7  23.8594	-8.494765e+00	1.594271e+00	-1.505577e+00	1.307964e+00	3.768072e+00	4.543413e-01	3.286287e-01	1.917801e-01	8.481579e-02	9.767399e-01	8.241248e-01	7.671100e+00	
7  24.419	-8.494765e+00	1.178491e+00	-1.667852e+00	1.383290e+00	2.963839e+00	4.631256e-01	3.439629e-01	2.196432e-01	1.103692e-01	6.306899e-01	8.241248e-01	7.671100e+00	
19  21.5083	-8.494765e+00	1.208755e+00	-6.365442e-01	1.406140e+00	3.584259e+00	4.261149e-01	3.325643e-01	2.575916e-01	8.759708e-02	5.312171e-01	8.241248e-01	7.671100e+00	
48  20.8385	-8.494765e+00	1.302563e+00	-6.295004e-01	1.378818e+00	3.615582e+00	4.086254e-01	3.587699e-01	2.586592e-01	9.305265e-02	7.652903e-01	8.241248e-01	7.671100e+00	
19  21.5993	-8.494765e+00	1.542252e+00	-1.011590e+00	1.468239e+00	2.656087e+00	4.088515e-01	3.571531e-01	2.364671e-01	3.950591e-02	9.448951e-01	8.241248e-01	7.671100e+00	
44  21.5993	-8.366755e+00	1.542252e+00	-1.011590e+00	1.468239e+00	2.656087e+00	4.088515e-01	3.571531e-01	2.364671e-01	3.950591e-02	9.448951e-01	8.241248e-01	7.671100e+00	
7  23.6964	-8.366755e+00	1.398586e+00	-1.352579e+00	1.462381e+00	2.401660e+00	3.703260e-01	3.439283e-01	1.632349e-01	4.893297e-02	9.752917e-01	8.241248e-01	7.671100e+00	
19  23.6296	-8.366755e+00	1.319889e+00	-9.245458e-01	1.611095e+00	2.438129e+00	3.743642e-01	3.599675e-01	1.913011e-01	7.148736e-02	9.746223e-01	8.241248e-01	7.671100e+00	
5  23.63	-8.094561e+00	1.319889e+00	-9.245458e-01	1.611095e+00	2.438129e+00	3.743642e-01	3.599675e-01	1.913011e-01	7.148736e-02	9.746223e-01	8.241247e-01	7.671100e+00	
61  22.0469	-8.094561e+00	1.391634e+00	-4.380521e-01	1.575133e+00	7.708827e-02	3.662116e-01	3.694122e-01	2.539504e-01	8.059645e-02	9.721114e-01	8.241247e-01	7.671100e+00	
91  22.4607	-8.094561e+00	1.239508e+00	-8.242388e-01	1.591378e+00	1.495918e+00	3.614809e-01	3.478147e-01	2.434498e-01	4.489565e-02	7.121338e-01	8.241247e-01	7.671100e+00	
53  21.2791	-8.094561e+00	1.583732e+00	-7.550144e-01	1.533420e+00	1.663224e+00	3.758711e-01	3.968077e-01	2.637830e-01	4.559784e-02	9.816487e-01	8.241247e-01	7.671100e+00	
40  21.2813	-8.059524e+00	1.583732e+00	-7.550144e-01	1.533420e+00	1.663224e+00	3.758711e-01	3.968077e-01	2.637830e-01	4.559784e-02	9.816487e-01	8.241247e-01	7.671100e+00	
100  21.2778	-8.128121e+00	1.583732e+00	-7.550144e-01	1.533420e+00	1.663224e+00	3.758711e-01	3.968077e-01	2.637830e-01	4.559784e-02	9.816487e-01	8.241247e-01	7.671100e+00	
66  21.2765	-8.300989e+00	1.583732e+00	-7.550144e-01	1.533420e+00	1.663224e+00	3.758711e-01	3.968077e-01	2.637830e-01	4.559784e-02	9.816487e-01	8.241248e-01	7.671100e+00	
12  24.7041	-8.300989e+00	1.614870e+00	-8.309387e-02	1.455175e+00	3.317658e+00	3.870473e-01	3.631236e-01	2.474549e-01	7.731805e-02	7.083246e-01	8.241248e-01	7.671100e+00	
22  23.2855	-8.300989e+00	1.084043e+00	1.522509e+00	1.521772e+00	3.723026e+00	3.972376e-01	3.456297e-01	2.697326e-01	5.349621e-02	8.385156e-01	8.241248e-01	7.671100e+00	
67  23.2855	-8.332365e+00	1.084043e+00	1.522509e+00	1.521772e+00	3.723026e+00	3.972376e-01	3.456297e-01	2.697326e-01	5.349621e-02	8.385156e-01	8.241248e-01	7.671100e+00	
13  25.8606	-8.332365e+00	6.917791e-01	2.343316e+00	1.507231e+00	3.847494e+00	3.804302e-01	3.632626e-01	2.351691e-01	7.986072e-02	7.460689e-01	8.241248e-01	7.671100e+00	
17  25.8587	-8.149298e+00	6.917791e-01	2.343316e+00	1.507231e+00	3.847494e+00	3.804302e-01	3.632626e-01	2.351691e-01	7.986072e-02	7.460689e-01	8.241247e-01	7.671100e+00	
33  26.2579	-8.149298e+00	3.161511e-01	1.617640e+00	1.516851e+00	2.835346e+00	4.077645e-01	3.361364e-01	2.517986e-01	9.836920e-02	8.385858e-01	8.241247e-01	7.671100e+00	
1  24.2016	-7.803601e+00	3.161511e-01	1.617640e+00	1.516851e+00	2.835346e+00	4.077645e-01	3.361364e-01	2.517986e-01	9.836920e-02	8.385858e-01	8.241243e-01	7.671100e+00	
70  23.7109	-7.803601e+00	7.139949e-01	-7.086699e-02	1.593567e+00	2.341405e+00	3.824046e-01	3.659917e-01	2.630571e-01	1.224859e-01	5.249428e-01	8.241243e-01	7.671100e+00	
12  22.8918	-7.803601e+00	1.006006e+00	-6.697247e-01	1.524142e+00	2.456846e+00	3.801267e-01	3.436633e-01	2.325583e-01	1.124382e-01	7.994664e-01	8.241243e-01	7.671100e+00	
137  23.4593	-7.803601e+00	8.018084e-01	-8.708646e-01	1.493352e+00	2.114189e+00	3.807023e-01	3.102054e-01	1.796755e-01	5.046341e-02	5.128066e-01	8.241243e-01	7.671100e+00	
1  23.4163	-7.807511e+00	8.018084e-01	-8.708646e-01	1.493352e+00	2.114189e+00	3.807023e-01	3.102054e-01	1.796755e-01	5.046341e-02	5.128066e-01	8.241243e-01	7.671100e+00	
169  22.6231	-7.807511e+00	1.382716e+00	-1.782009e+00	1.526527e+00	1.242665e+00	4.127394e-01	3.329020e-01	1.696660e-01	7.069006e-02	9.204041e-01	8.241243e-01	7.671100e+00	
209  22.132	-7.850005e+00	1.382716e+00	-1.782009e+00	1.526527e+00	1.242665e+00	4.127394e-01	3.329020e-01	1.696660e-01	7.069006e-02	9.204041e-01	8.241244e-01	7.671100e+00	
30  22.1272	-7.850005e+00	1.071597e+00	-1.201558e+00	1.511146e+00	2.074509e+00	3.763796e-01	3.570303e-01	2.521480e-01	6.753365e-02	6.713299e-01	8.241244e-01	7.671100e+00	
21  22.583	-7.850005e+00	1.299780e+00	-5.103750e-01	1.535040e+00	2.773737e+00	4.017657e-01	3.253131e-01	2.913521e-01	8.676277e-02	4.462875e-01	8.241244e-01	7.671100e+00	
30  21.7093	-8.349549e+00	1.299780e+00	-5.103750e-01	1.535040e+00	2.773737e+00	4.017657e-01	3.253131e-01	2.913521e-01	8.676277e-02	4.462875e-01	8.241248e-01	7.671100e+00	
20  22.0843	-7.893760e+00	1.299780e+00	-5.103750e-01	1.535040e+00	2.773737e+00	4.017657e-01	3.253131e-01	2.913521e-01	8.676277e-02	4.462875e-01	8.241245e-01	7.671100e+00	
59  21.7093	-8.325006e+00	1.299780e+00	-5.103750e-01	1.535040e+00	2.773737e+00	4.017657e-01	3.253131e-01	2.913521e-01	8.676277e-02	4.462875e-01	8.241248e-01	7.671100e+00	
16  21.6896	-8.325006e+00	1.238477e+00	-1.008025e+00	1.574225e+00	3.360699e+00	4.009596e-01	3.231536e-01	2.882865e-01	9.187317e-02	6.340388e-01	8.241248e-01	7.671100e+00	
19  23.7253	-8.325006e+00	8.333276e-01	-1.288355e+00	1.537764e+00	3.264616e+00	3.865494e-01	2.772020e-01	3.041720e-01	8.384340e-02	5.399185e-01	8.241248e-01	7.671100e+00	
26  22.593	-8.325006e+00	9.909689e-01	-1.701803e+00	1.493896e+00	3.473296e+00	3.496398e-01	2.838648e-01	2.405400e-01	8.060913e-02	8.585607e-01	8.241248e-01	7.671100e+00	
40  22.5931	-8.439076e+00	9.909689e-01	-1.701803e+00	1.493896e+00	3.473296e+00	3.496398e-01	2.838648e-01	2.405400e-01	8.060913e-02	8.585607e-01	8.241248e-01	7.671100e+00	
10  22.5931	-8.497504e+00	9.909689e-01	-1.701803e+00	1.493896e+00	3.473296e+00	3.496398e-01	2.838648e-01	2.405400e-01	8.060913e-02	8.585607e-01	8.241248e-01	7.671100e+00	
71  22.5444	-7.990292e+00	9.909689e-01	-1.701803e+00	1.493896e+00	3.473296e+00	3.496398e-01	2.838648e-01	2.405400e-01	8.060913e-02	8.585607e-01	8.241246e-01	7.671100e+00	
40  22.5374	-7.990292e+00	1.125733e+00	-1.935312e+00	1.478555e+00	3.657768e+00	3.825941e-01	3.698509e-01	2.532438e-01	6.660170e-02	3.540787e-01	8.241246e-01	7.671100e+00	
39  20.5068	-7.990292e+00	1.442689e+00	-1.971911e+00	1.410255e+00	2.843648e+00	4.281713e-01	3.861680e-01	2.658096e-01	7.238644e-02	8.029964e-01	8.241246e-01	7.671100e+00	
55  20.4547	-8.230000e+00	1.442689e+00	-1.971911e+00	1.410255e+00	2.843648e+00	4.281713e-01	3.861680e-01	2.658096e-01	7.238644e-02	8.029964e-01	8.241248e-01	7.671100e+00	
85  20.1127	-8.230000e+00	1.519155e+00	-2.601018e+00	1.407899e+00	2.485761e+00	4.245712e-01	3.841629e-01	2.230087e-01	4.888814e-02	8.478371e-01	8.241248e-01	7.671100e+00	
60  20.1126	-8.247354e+00	1.519155e+00	-2.601018e+00	1.407899e+00	2.485761e+00	4.245712e-01	3.841629e-01	2.230087e-01	4.888814e-02	8.478371e-01	8.241248e-01	7.671100e+00	
89  20.1155	-8.131127e+00	1.519155e+00	-2.601018e+00	1.407899e+00	2.485761e+00	4.245712e-01	3.841629e-01	2.230087e-01	4.888814e-02	8.478371e-01	8.241247e-01	7.671100e+00	
61  21.2703	-8.131127e+00	1.721457e+00	-2.126405e+00	1.380399e+00	2.127738e+00	4.679084e-01	3.950924e-01	2.405326e-01	7.671403e-02	8.525914e-01	8.241247e-01	7.671100e+00	
10  21.2662	-8.297164e+00	1.721457e+00	-2.126405e+00	1.380399e+00	2.127738e+00	4.679084e-01	3.950924e-01	2.405326e-01	7.671403e-02	8.525914e-01	8.241248e-01	7.671100e+00	
12  21.4094	-7.935570e+00	1.721457e+00	-2.126405e+00	1.380399e+00	2.127738e+00	4.679084e-01	3.950924e-01	2.405326e-01	7.671403e-02	8.525914e-01	8.241245e-01	7.671100e+00	
8  21.3638	-7.935570e+00	1.507463e+00	-2.100984e+00	1.321273e+00	2.384180e+00	4.365527e-01	4.086703e-01	2.221675e-01	8.219126e-02	9.774077e-01	8.241245e-01	7.671100e+00	
71  21.9143	-7.855489e+00	1.507463e+00	-2.100984e+00	1.321273e+00	2.384180e+00	4.365527e-01	4.086703e-01	2.221675e-01	8.219126e-02	9.774077e-01	8.241244e-01	7.671100e+00	
13  21.4314	-7.855489e+00	1.575518e+00	-1.930730e+00	1.335163e+00	2.920559e+00	4.362686e-01	4.292362e-01	2.318808e-01	8.316217e-02	8.194173e-01	8.241244e-01	7.671100e+00	
41  23.9777	-7.855489e+00	1.245547e+00	-5.058596e-01	1.399291e+00	3.223043e+00	4.078836e-01	3.799246e-01	2.294296e-01	1.258483e-01	8.534586e-01	8.241244e-01	7.671100e+00	
85  23.8238	-7.855489e+00	1.213099e+00	6.653413e-01	1.482365e+00	2.179041e+00	3.762505e-01	3.221014e-01	2.064668e-01	1.081282e-01	7.379108e-01	8.241244e-01	7.671100e+00	
5  23.8882	-8.399389e+00	1.213099e+00	6.653413e-01	1.482365e+00	2.179041e+00	3.762505e-01	3.221014e-01	2.064668e-01	1.081282e-01	7.379108e-01	8.241248e-01	7.671100e+00	
72  20.3306	-8.399389e+00	9.982321e-01	-5.897831e-03	1.539964e+00	1.838965e+00	3.707804e-01	2.996184e-01	2.116317e-01	1.052888e-01	8.957661e-01	8.241248e-01	7.671100e+00	
66  22.2698	-8.399389e+00	1.142771e+00	-6.216134e-01	1.525140e+00	1.547421e+00	3.498824e-01	2.917397e-01	1.954155e-01	7.620284e-02	8.409022e-01	8.241248e-01	7.671100e+00	
87  20.7354	-8.399389e+00	7.433412e-01	-9.690535e-01	1.494788e+00	2.408100e+00	3.833930e-01	2.977867e-01	2.193622e-01	6.788410e-02	6.242347e-01	8.241248e-01	7.671100e+00	
60  20.7322	-8.142071e+00	7.433412e-01	-9.690535e-01	1.494788e+00	2.408100e+00	3.833930e-01	2.977867e-01	2.193622e-01	6.788410e-02	6.242347e-01	8.241247e-01	7.671100e+00	
20  20.7352	-8.242205e+00	7.433412e-01	-9.690535e-01	1.494788e+00	2.408100e+00	3.833930e-01	2.977867e-01	2.193622e-01	6.788410e-02	6.242347e-01	8.241248e-01	7.671100e+00	
20  20.5404	-7.785881e+00	7.433412e-01	-9.690535e-01	1.494788e+00	2.408100e+00	3.833930e-01	2.977867e-01	2.193622e-01	6.788410e-02	6.242347e-01	8.241242e-01	7.671100e+00	
81  20.674	-7.970152e+00	7.433412e-01	-9.690535e-01	1.494788e+00	2.408100e+00	3.833930e-01	2.977867e-01	2.193622e-01	6.788410e-02	6.242347e-01	8.241246e-01	7.671100e+00	
9  21.1156	-7.970152e+00	7.705819e-01	-5.764080e-01	1.568654e+00	2.217514e+00	3.725728e-01	3.172961e-01	2.154156e-01	1.379286e-01	8.844322e-01	8.241246e-01	7.671100e+00	
124  21.0763	-8.375031e+00	7.705819e-01	-5.764080e-01	1.568654e+00	2.217514e+00	3.725728e-01	3.172961e-01	2.154156e-01	1.379286e-01	8.844322e-01	8.241248e-01	7.671100e+00	
196  21.0602	-8.375031e+00	6.818654e-01	-3.087999e-01	1.578694e+00	1.666747e+00	3.619737e-01	3.050777e-01	2.119983e-01	1.320035e-01	8.712537e-01	8.241248e-01	7.671100e+00	
160  21.0602	-8.113973e+00	6.818654e-01	-3.087999e-01	1.578694e+00	1.666747e+00	3.619737e-01	3.050777e-01	2.119983e-01	1.320035e-01	8.712537e-01	8.241247e-01	7.671100e+00	
13  21.0606	-8.014613e+00	6.818654e-01	-3.087999e-01	1.578694e+00	1.666747e+00	3.619737e-01	3.050777e-01	2.119983e-01	1.320035e-01	8.712537e-01	8.241246e-01	7.671100e+00	
37  22.082	-8.014613e+00	8.032834e-01	-4.045142e-01	1.544598e+00	2.117638e+00	3.721046e-01	3.024620e-01	1.683246e-01	1.363473e-01	9.262065e-01	8.241246e-01	7.671100e+00	
40  22.0778	-8.318365e+00	8.032834e-01	-4.045142e-01	1.544598e+00	2.117638e+00	3.721046e-01	3.024620e-01	1.683246e-01	1.363473e-01	9.262065e-01	8.241248e-01	7.671100e+00	
14  22.1538	-7.891908e+00	8.032834e-01	-4.045142e-01	1.544598e+00	2.117638e+00	3.721046e-01	3.024620e-01	1.683246e-01	1.363473e-01	9.262065e-01	8.241245e-01	7.671100e+00	
15  23.4299	-7.891908e+00	8.973271e-01	2.537414e-01	1.460442e+00	1.791352e+00	3.865006e-01	3.001166e-01	1.647206e-01	1.309701e-01	7.975460e-01	8.241245e-01	7.671100e+00	
44  24.0285	-7.891908e+00	9.092353e-01	1.870721e-01	1.359656e+00	2.166785e+00	4.113535e-01	2.824665e-01	1.780105e-01	1.192699e-01	7.951909e-01	8.241245e-01	7.671100e+00	
95  21.1232	-7.891908e+00	1.277258e+00	-9.340115e-01	1.421939e+00	2.988529e+00	3.936149e-01	2.868722e-01	2.284725e-01	8.388940e-02	9.446811e-01	8.241245e-01	7.671100e+00	
92  21.0437	-7.891908e+00	7.976788e-01	-2.139816e+00	1.318692e+00	2.659708e+00	4.077441e-01	3.086668e-01	1.791053e-01	7.713529e-02	8.569906e-01	8.241245e-01	7.671100e+00	
73  20.9214	-8.248958e+00	7.976788e-01	-2.139816e+00	1.318692e+00	2.659708e+00	4.077441e-01	3.086668e-01	1.791053e-01	7.713529e-02	8.569906e-01	8.241248e-01	7.671100e+00	
61  22.0488	-8.248958e+00	9.171777e-01	-1.687826e+00	1.340164e+00	2.407665e+00	4.194714e-01	2.974264e-01	2.025561e-01	6.165127e-02	7.194825e-01	8.241248e-01	7.671100e+00	
16  21.5219	-8.248958e+00	1.276485e+00	-2.038125e+00	1.484610e+00	2.218577e+00	4.079322e-01	3.153267e-01	1.818073e-01	9.472064e-02	9.426258e-01	8.241248e-01	7.671100e+00	
21  21.5453	-7.976737e+00	1.276485e+00	-2.038125e+00	1.484610e+00	2.218577e+00	4.079322e-01	3.153267e-01	1.818073e-01	9.472064e-02	9.426258e-01	8.241246e-01	7.671100e+00	
2  24.0472	-7.976737e+00	1.110534e+00	-1.352574e+00	1.350974e+00	3.850122e+00	4.061019e-01	2.849117e-01	2.670145e-01	1.067385e-01	2.960109e-01	8.241246e-01	7.671100e+00	
11  23.8876	-7.976737e+00	9.796346e-01	-2.806462e-01	1.380385e+00	3.744995e+00	3.760885e-01	2.861291e-01	2.645003e-01	5.933282e-02	7.159786e-01	8.241246e-01	7.671100e+00	
171  21.6383	-7.976737e+00	9.193907e-01	-1.143645e-01	1.328684e+00	4.958625e+00	3.928701e-01	2.803154e-01	2.349653e-01	7.230263e-02	9.383976e-01	8.241246e-01	7.671100e+00	
35  23.024	-7.976737e+00	8.929237e-01	-1.281151e+00	1.281829e+00	3.487289e+00	4.033502e-01	2.601083e-01	1.722987e-01	5.828302e-02	9.577155e-01	8.241246e-01	7.671100e+00	
29  24.2835	-7.446233e+00	8.929237e-01	-1.281151e+00	1.281829e+00	3.487289e+00	4.033502e-01	2.601083e-01	1.722987e-01	5.828302e-02	9.577155e-01	8.241219e-01	7.671100e+00	
41  23.927	-7.446233e+00	8.470041e-01	-2.291081e+00	1.317337e+00	3.999478e+00	3.680406e-01	2.866410e-01	1.846966e-01	5.487238e-02	9.878224e-01	8.241219e-01	7.671100e+00	
30  20.6837	-8.329854e+00	8.470041e-01	-2.291081e+00	1.317337e+00	3.999478e+00	3.680406e-01	2.866410e-01	1.846966e-01	5.487238e-02	9.878224e-01	8.241248e-01	7.671100e+00	
10  20.6837	-8.384624e+00	8.470041e-01	-2.291081e+00	1.317337e+00	3.999478e+00	3.680406e-01	2.866410e-01	1.846966e-01	5.487238e-02	9.878224e-01	8.241248e-01	7.671100e+00	
68  20.6837	-8.392791e+00	8.470041e-01	-2.291081e+00	1.317337e+00	3.999478e+00	3.680406e-01	2.866410e-01	1.846966e-01	5.487238e-02	9.878224e-01	8.241248e-01	7.671100e+00	
30  21.267	-8.392791e+00	8.110012e-01	-2.841566e+00	1.309516e+00	4.632884e+00	3.995965e-01	3.071550e-01	2.461010e-01	6.084784e-02	8.469371e-01	8.241248e-01	7.671100e+00	
12  23.2358	-8.392791e+00	8.907712e-01	-2.487982e+00	1.325113e+00	4.697516e+00	4.522336e-01	3.017900e-01	2.151517e-01	5.878702e-02	7.998567e-01	8.241248e-01	7.671100e+00	
13  23.2338	-8.160640e+00	8.907712e-01	-2.487982e+00	1.325113e+00	4.697516e+00	4.522336e-01	3.017900e-01	2.151517e-01	5.878702e-02	7.998567e-01	8.241247e-01	7.671100e+00	
7  23.1221	-8.160640e+00	8.519914e-01	-1.976673e+00	1.374677e+00	4.803938e+00	4.103466e-01	2.710418e-01	2.962294e-01	3.332577e-02	8.045959e-01	8.241247e-01	7.671100e+00	
40  22.8308	-7.719005e+00	8.519914e-01	-1.976673e+00	1.374677e+00	4.803938e+00	4.103466e-01	2.710418e-01	2.962294e-01	3.332577e-02	8.045959e-01	8.241240e-01	7.671100e+00	
30  23.1261	-8.310959e+00	8.519914e-01	-1.976673e+00	1.374677e+00	4.803938e+00	4.103466e-01	2.710418e-01	2.962294e-01	3.332577e-02	8.045959e-01	8.241248e-01	7.671100e+00	
20  23.1349	-7.473599e+00	8.519914e-01	-1.976673e+00	1.374677e+00	4.803938e+00	4.103466e-01	2.710418e-01	2.962294e-01	3.332577e-02	8.045959e-01	8.241222e-01	7.671100e+00	
40  22.6575	-7.881672e+00	8.519914e-01	-1.976673e+00	1.374677e+00	4.803938e+00	4.103466e-01	2.710418e-01	2.962294e-01	3.332577e-02	8.045959e-01	8.241244e-01	7.671100e+00	
33  23.1136	-8.092751e+00	8.519914e-01	-1.976673e+00	1.374677e+00	4.803938e+00	4.103466e-01	2.710418e-01	2.962294e-01	3.332577e-02	8.045959e-01	8.241247e-01	7.671100e+00	
31  25.8571	-8.092751e+00	9.433637e-01	-2.038671e+00	1.530351e+00	4.148194e+00	4.119600e-01	2.644748e-01	2.966430e-01	6.515922e-02	8.557087e-01	8.241247e-01	7.671100e+00	
8  24.518	-8.092751e+00	9.572437e-01	-2.608949e+00	1.448613e+00	4.852841e+00	3.975150e-01	3.397568e-01	2.798081e-01	8.568411e-02	7.384310e-03	8.241247e-01	7.671100e+00	
7  23.5349	-8.092751e+00	1.617673e+00	-4.471637e+00	1.405981e+00	4.855838e+00	4.116510e-01	3.670617e-01	2.265927e-01	1.335386e-01	9.135968e-01	8.241247e-01	7.671100e+00	
19  22.0316	-8.092751e+00	1.432674e+00	-4.227847e+00	1.405758e+00	4.995133e+00	4.517736e-01	3.448190e-01	2.717233e-01	1.700584e-01	5.928191e-01	8.241247e-01	7.671100e+00	
32  20.4294	-8.092751e+00	1.734092e+00	-4.986990e+00	1.475168e+00	3.955584e+00	4.506383e-01	3.958005e-01	2.739772e-01	1.330768e-01	9.960131e-01	8.241247e-01	7.671100e+00	
30  20.4265	-8.309666e+00	1.734092e+00	-4.986990e+00	1.475168e+00	3.955584e+00	4.506383e-01	3.958005e-01	2.739772e-01	1.330768e-01	9.960131e-01	8.241248e-01	7.671100e+00	
40  22.1838	-7.782342e+00	1.734092e+00	-4.986990e+00	1.475168e+00	3.955584e+00	4.506383e-01	3.958005e-01	2.739772e-01	1.330768e-01	9.960131e-01	8.241242e-01	7.671100e+00	
20  20.9396	-7.837281e+00	1.734092e+00	-4.986990e+00	1.475168e+00	3.955584e+00	4.506383e-01	3.958005e-01	2.739772e-01	1.330768e-01	9.960131e-01	8.241243e-01	7.671100e+00	
170  20.4265	-8.431951e+00	1.734092e+00	-4.986990e+00	1.475168e+00	3.955584e+00	4.506383e-01	3.958005e-01	2.739772e-01	1.330768e-01	9.960131e-01	8.241248e-01	7.671100e+00	
30  20.4392	-8.014238e+00	1.734092e+00	-4.986990e+00	1.475168e+00	3.955584e+00	4.506383e-01	3.958005e-01	2.739772e-01	1.330768e-01	9.960131e-01	8.241246e-01	7.671100e+00	
50  20.4272	-8.197696e+00	1.734092e+00	-4.986990e+00	1.475168e+00	3.955584e+00	4.506383e-01	3.958005e-01	2.739772e-01	1.330768e-01	9.960131e-01	8.241248e-01	7.671100e+00	
40  22.2206	-7.781343e+00	1.734092e+00	-4.986990e+00	1.475168e+00	3.955584e+00	4.506383e-01	3.958005e-01	2.739772e-01	1.330768e-01	9.960131e-01	8.241242e-01	7.671100e+00	
65  21.5602	-7.802621e+00	1.734092e+00	-4.986990e+00	1.475168e+00	3.955584e+00	4.506383e-01	3.958005e-01	2.739772e-01	1.330768e-01	9.960131e-01	8.241243e-01	7.671100e+00	
3  23.1206	-7.802621e+00	1.259018e+00	-3.748510e+00	1.340773e+00	3.738906e+00	4.188856e-01	3.831987e-01	2.162028e-01	1.188457e-01	7.209908e-01	8.241243e-01	7.671100e+00	
9  22.1803	-7.802621e+00	1.475145e+00	-3.917683e+00	1.442759e+00	4.489575e+00	4.079487e-01	3.473772e-01	2.615609e-01	2.972504e-02	8.458418e-01	8.241243e-01	7.671100e+00	
71  22.517	-7.802621e+00	1.486873e+00	-2.638538e+00	1.403597e+00	4.443181e+00	4.101454e-01	3.276917e-01	2.990402e-01	3.431891e-02	7.496406e-01	8.241243e-01	7.671100e+00	
22  22.5771	-7.802621e+00	1.543815e+00	-2.287940e+00	1.538402e+00	3.957644e+00	4.035298e-01	3.468102e-01	2.714888e-01	8.112813e-02	8.775227e-01	8.241243e-01	7.671100e+00	
28  22.1652	-7.963832e+00	1.543815e+00	-2.287940e+00	1.538402e+00	3.957644e+00	4.035298e-01	3.468102e-01	2.714888e-01	8.112813e-02	8.775227e-01	8.241246e-01	7.671100e+00	
70  20.3523	-7.963832e+00	1.299527e+00	-3.300925e+00	1.461616e+00	3.272699e+00	3.949766e-01	3.384827e-01	2.843205e-01	9.377004e-02	8.367020e-01	8.241246e-01	7.671100e+00	
42  21.1386	-7.963832e+00	6.291280e-01	-4.048404e+00	1.539402e+00	2.574271e+00	3.841162e-01	3.281798e-01	2.715826e-01	1.192895e-01	5.494254e-01	8.241246e-01	7.671100e+00	
35  21.1567	-7.981476e+00	6.291280e-01	-4.048404e+00	1.539402e+00	2.574271e+00	3.841162e-01	3.281798e-01	2.715826e-01	1.192895e-01	5.494254e-01	8.241246e-01	7.671100e+00	
51  21.738	-7.981476e+00	1.245854e+00	-4.415248e+00	1.583203e+00	2.234432e+00	3.790844e-01	3.338194e-01	2.561755e-01	1.329710e-01	6.551589e-01	8.241246e-01	7.671100e+00	
24  22.1131	-7.981476e+00	1.494102e+00	-4.113998e+00	1.561948e+00	5.919447e-01	4.389530e-01	3.320005e-01	2.288756e-01	8.288415e-02	7.054718e-01	8.241246e-01	7.671100e+00	
9  22.073	-8.353356e+00	1.494102e+00	-4.113998e+00	1.561948e+00	5.919447e-01	4.389530e-01	3.320005e-01	2.288756e-01	8.288415e-02	7.054718e-01	8.241248e-01	7.671100e+00	
11  22.0606	-8.353356e+00	1.591168e+00	-4.516168e+00	1.537725e+00	1.466122e+00	4.554306e-01	3.460788e-01	2.117846e-01	1.187869e-01	8.221223e-01	8.241248e-01	7.671100e+00	
21  22.2532	-7.888809e+00	1.591168e+00	-4.516168e+00	1.537725e+00	1.466122e+00	4.554306e-01	3.460788e-01	2.117846e-01	1.187869e-01	8.221223e-01	8.241245e-01	7.671100e+00	
1  26.8667	-7.888809e+00	1.709474e+00	-4.807457e+00	1.509346e+00	1.288168e+00	3.971600e-01	4.045459e-01	2.444933e-01	9.369985e-02	5.740213e-01	8.241245e-01	7.671100e+00	
70  21.4867	-7.888809e+00	1.787385e+00	-4.887017e+00	1.414557e+00	1.770061e-01	4.187822e-01	4.089614e-01	2.137383e-01	6.836181e-02	7.679526e-01	8.241245e-01	7.671100e+00	
17  22.3483	-7.888809e+00	1.483646e+00	-3.559420e+00	1.567532e+00	-1.223756e-01	4.007899e-01	3.580637e-01	1.944620e-01	5.201149e-02	5.047101e-01	8.241245e-01	7.671100e+00	
5  23.6049	-7.888809e+00	1.426239e+00	-4.881555e+00	1.439530e+00	4.503471e-01	4.441942e-01	3.247494e-01	1.650262e-01	9.456337e-02	8.151541e-01	8.241245e-01	7.671100e+00	
6  24.8431	-7.888809e+00	1.732178e+00	-3.430206e+00	1.570712e+00	-1.014609e+00	4.347224e-01	3.090628e-01	2.382589e-01	8.277155e-02	8.726821e-01	8.241245e-01	7.671100e+00	
3  24.8131	-8.209407e+00	1.732178e+00	-3.430206e+00	1.570712e+00	-1.014609e+00	4.347224e-01	3.090628e-01	2.382589e-01	8.277155e-02	8.726821e-01	8.241248e-01	7.671100e+00	
38  20.7886	-8.209407e+00	1.210102e+00	-4.201281e+00	1.683584e+00	-2.424403e+00	4.372833e-01	3.385197e-01	2.101783e-01	8.478354e-02	2.828496e-01	8.241248e-01	7.671100e+00	
18  20.6144	-8.209407e+00	1.595809e+00	-3.873221e+00	1.646014e+00	-2.232332e+00	4.425420e-01	4.042766e-01	2.154437e-01	4.134104e-02	8.019695e-01	8.241248e-01	7.671100e+00	
7  22.4627	-8.209407e+00	1.339586e+00	-3.717400e+00	1.594870e+00	-2.468092e+00	3.936469e-01	3.725721e-01	1.979687e-01	2.508341e-02	7.308878e-01	8.241248e-01	7.671100e+00	
24  21.2444	-8.209407e+00	1.595942e+00	-4.272611e+00	1.665907e+00	-2.114906e+00	4.074299e-01	3.845491e-01	2.309535e-01	9.584027e-02	7.760441e-01	8.241248e-01	7.671100e+00	
5  21.3247	-7.948498e+00	1.595942e+00	-4.272611e+00	1.665907e+00	-2.114906e+00	4.074299e-01	3.845491e-01	2.309535e-01	9.584027e-02	7.760441e-01	8.241245e-01	7.671100e+00	
5  21.881	-7.948498e+00	1.451263e+00	-3.890761e+00	1.666770e+00	-1.773018e+00	3.930255e-01	4.006478e-01	2.216239e-01	8.717390e-02	6.875026e-01	8.241245e-01	7.671100e+00	
41  21.8113	-8.012153e+00	1.451263e+00	-3.890761e+00	1.666770e+00	-1.773018e+00	3.930255e-01	4.006478e-01	2.216239e-01	8.717390e-02	6.875026e-01	8.241246e-01	7.671100e+00	
3  23.1537	-8.012153e+00	1.503846e+00	-4.043504e+00	1.526695e+00	-2.315268e+00	3.526563e-01	3.467222e-01	2.161852e-01	7.571498e-02	9.066191e-01	8.241246e-01	7.671100e+00	
4  21.2078	-8.012153e+00	1.516609e+00	-4.586105e+00	1.496547e+00	-2.069396e+00	4.070397e-01	3.819430e-01	2.597296e-01	1.038625e-01	6.708568e-01	8.241246e-01	7.671100e+00	
22  21.3553	-8.012153e+00	1.479437e+00	-4.937556e+00	1.473164e+00	-3.053005e+00	3.938479e-01	3.713767e-01	2.078652e-01	9.881778e-02	9.388520e-01	8.241246e-01	7.671100e+00	
19  21.3875	-7.957964e+00	1.479437e+00	-4.937556e+00	1.473164e+00	-3.053005e+00	3.938479e-01	3.713767e-01	2.078652e-01	9.881778e-02	9.388520e-01	8.241246e-01	7.671100e+00	
14  22.5257	-7.957964e+00	1.274930e+00	-3.847943e+00	1.498648e+00	-2.393196e+00	4.131370e-01	3.057348e-01	1.934899e-01	1.092746e-01	4.818066e-01	8.241246e-01	7.671100e+00	
17  22.2323	-7.957964e+00	1.468351e+00	-3.364191e+00	1.450009e+00	-1.844906e+00	4.465140e-01	3.298431e-01	2.152177e-01	1.135244e-01	9.499297e-01	8.241246e-01	7.671100e+00	
20  22.182	-8.242045e+00	1.468351e+00	-3.364191e+00	1.450009e+00	-1.844906e+00	4.465140e-01	3.298431e-01	2.152177e-01	1.135244e-01	9.499297e-01	8.241248e-01	7.671100e+00	
10  23.7604	-7.793565e+00	1.468351e+00	-3.364191e+00	1.450009e+00	-1.844906e+00	4.465140e-01	3.298431e-01	2.152177e-01	1.135244e-01	9.499297e-01	8.241242e-01	7.671100e+00	
40  22.1923	-8.042086e+00	1.468351e+00	-3.364191e+00	1.450009e+00	-1.844906e+00	4.465140e-01	3.298431e-01	2.152177e-01	1.135244e-01	9.499297e-01	8.241246e-01	7.671100e+00	
1  22.1819	-8.316764e+00	1.468351e+00	-3.364191e+00	1.450009e+00	-1.844906e+00	4.465140e-01	3.298431e-01	2.152177e-01	1.135244e-01	9.499297e-01	8.241248e-01	7.671100e+00	
7  21.3265	-8.316764e+00	9.879304e-01	-3.713573e+00	1.445755e+00	-3.038148e+00	4.125463e-01	2.975705e-01	2.495101e-01	1.312959e-01	8.280036e-01	8.241248e-01	7.671100e+00	
12  20.8242	-8.316764e+00	7.881101e-01	-3.916383e+00	1.418380e+00	-3.697392e+00	3.862704e-01	2.910876e-01	2.832030e-01	1.069637e-01	7.705659e-01	8.241248e-01	7.671100e+00	
10  22.6384	-7.599706e+00	7.881101e-01	-3.916383e+00	1.418380e+00	-3.697392e+00	3.862704e-01	2.910876e-01	2.832030e-01	1.069637e-01	7.705659e-01	8.241234e-01	7.671100e+00	
8  20.8225	-8.198612e+00	7.881101e-01	-3.916383e+00	1.418380e+00	-3.697392e+00	3.862704e-01	2.910876e-01	2.832030e-01	1.069637e-01	7.705659e-01	8.241248e-01	7.671100e+00	
37  20.5521	-8.198612e+00	8.873468e-01	-4.085439e+00	1.462111e+00	-3.915621e+00	3.918560e-01	3.234361e-01	2.537221e-01	1.449957e-01	7.767582e-01	8.241248e-01	7.671100e+00	
4  21.4551	-8.198612e+00	1.167983e+00	-4.843672e+00	1.510347e+00	-3.335169e+00	4.375761e-01	3.219125e-01	2.294343e-01	8.295687e-02	9.253504e-01	8.241248e-01	7.671100e+00	
47  21.174	-8.198612e+00	9.502388e-01	-4.837327e+00	1.430267e+00	-2.847500e+00	4.153784e-01	3.400503e-01	2.287488e-01	9.891322e-02	5.438804e-01	8.241248e-01	7.671100e+00	
37  20.6279	-8.198612e+00	1.101562e+00	-4.836284e+00	1.492262e+00	-2.606206e+00	3.883000e-01	2.989519e-01	1.992196e-01	7.170029e-02	6.451571e-02	8.241248e-01	7.671100e+00	
17  20.5209	-8.198612e+00	1.432851e+00	-4.790364e+00	1.496901e+00	-2.651330e+00	4.477583e-01	3.433656e-01	2.445915e-01	1.126266e-01	6.255701e-01	8.241248e-01	7.671100e+00	
18  20.5515	-8.016060e+00	1.432851e+00	-4.790364e+00	1.496901e+00	-2.651330e+00	4.477583e-01	3.433656e-01	2.445915e-01	1.126266e-01	6.255701e-01	8.241246e-01	7.671100e+00	
2  21.0149	-8.016060e+00	1.787869e+00	-4.341268e+00	1.483670e+00	-2.441804e+00	4.394538e-01	3.665996e-01	2.232585e-01	9.111239e-02	9.439728e-01	8.241246e-01	7.671100e+00	
47  21.0064	-8.237260e+00	1.787869e+00	-4.341268e+00	1.483670e+00	-2.441804e+00	4.394538e-01	3.665996e-01	2.232585e-01	9.111239e-02	9.439728e-01	8.241248e-01	7.671100e+00	
50  20.9121	-8.237260e+00	1.629053e+00	-4.997325e+00	1.365540e+00	-1.703340e+00	4.941914e-01	3.953412e-01	1.939517e-01	9.881600e-02	9.528485e-01	8.241248e-01	7.671100e+00	
3  24.671	-8.237260e+00	1.918200e+00	-4.865048e+00	1.366733e+00	-2.441208e+00	5.139103e-01	3.462689e-01	2.349612e-01	5.984763e-02	9.175683e-01	8.241248e-01	7.671100e+00	
107  24.671	-8.242249e+00	1.918200e+00	-4.865048e+00	1.366733e+00	-2.441208e+00	5.139103e-01	3.462689e-01	2.349612e-01	5.984763e-02	9.175683e-01	8.241248e-01	7.671100e+00	
7  23.3971	-8.242249e+00	1.633222e+00	-4.029978e+00	1.489733e+00	-2.820633e-01	5.004509e-01	3.824806e-01	2.032505e-01	6.576275e-02	6.379652e-01	8.241248e-01	7.671100e+00	
23  24.2379	-8.242249e+00	1.722762e+00	-3.333045e+00	1.541690e+00	-9.433253e-01	4.811542e-01	3.976921e-01	2.222204e-01	7.171573e-02	6.125043e-01	8.241248e-01	7.671100e+00	
58  21.8565	-8.242249e+00	1.753033e+00	-3.308810e+00	1.507623e+00	-7.839669e-01	4.717701e-01	3.907035e-01	1.973807e-01	4.853272e-02	9.532893e-01	8.241248e-01	7.671100e+00	
8  22.8428	-8.242249e+00	1.836364e+00	-3.738036e+00	1.574887e+00	-7.019633e-01	4.349950e-01	3.907464e-01	2.868285e-01	4.806636e-02	6.949926e-01	8.241248e-01	7.671100e+00	
43  22.1758	-8.242249e+00	1.896412e+00	-3.733034e+00	1.549683e+00	-9.483750e-01	4.371192e-01	3.642613e-01	2.437667e-01	5.694699e-02	8.283285e-01	8.241248e-01	7.671100e+00	
3  23.865	-8.242249e+00	1.258023e+00	-2.852699e+00	1.567094e+00	-1.245215e+00	3.907724e-01	3.882636e-01	2.274040e-01	9.246549e-02	4.071816e-01	8.241248e-01	7.671100e+00	
1  22.165	-8.242249e+00	1.450264e+00	-3.610967e+00	1.460900e+00	-2.763108e+00	3.941274e-01	3.618017e-01	2.171851e-01	5.622634e-02	8.088744e-01	8.241248e-01	7.671100e+00	
30  22.165	-8.241223e+00	1.450264e+00	-3.610967e+00	1.460900e+00	-2.763108e+00	3.941274e-01	3.618017e-01	2.171851e-01	5.622634e-02	8.088744e-01	8.241248e-01	7.671100e+00	
1  22.165	-8.465188e+00	1.450264e+00	-3.610967e+00	1.460900e+00	-2.763108e+00	3.941274e-01	3.618017e-01	2.171851e-01	5.622634e-02	8.088744e-01	8.241248e-01	7.671100e+00	
16  22.5958	-8.465188e+00	1.503473e+00	-4.509675e+00	1.587369e+00	-2.830615e+00	4.440111e-01	4.012117e-01	2.488980e-01	2.434570e-02	6.451951e-01	8.241248e-01	7.671100e+00	
11  21.5734	-8.465188e+00	1.486730e+00	-3.558126e+00	1.510519e+00	-2.202275e+00	4.300402e-01	3.375299e-01	2.617808e-01	6.162099e-02	6.064326e-01	8.241248e-01	7.671100e+00	
30  22.9799	-8.465188e+00	1.628668e+00	-3.207220e+00	1.585158e+00	-1.924040e+00	4.519091e-01	3.894472e-01	1.731532e-01	1.205083e-01	9.693965e-01	8.241248e-01	7.671100e+00	
12  20.7082	-8.465188e+00	1.531709e+00	-4.010933e+00	1.611746e+00	-2.446399e+00	4.146573e-01	3.635750e-01	1.621767e-01	5.702948e-02	9.774183e-01	8.241248e-01	7.671100e+00	
50  20.7082	-8.423787e+00	1.531709e+00	-4.010933e+00	1.611746e+00	-2.446399e+00	4.146573e-01	3.635750e-01	1.621767e-01	5.702948e-02	9.774183e-01	8.241248e-01	7.671100e+00	
32  20.7082	-8.450799e+00	1.531709e+00	-4.010933e+00	1.611746e+00	-2.446399e+00	4.146573e-01	3.635750e-01	1.621767e-01	5.702948e-02	9.774183e-01	8.241248e-01	7.671100e+00	
18  20.6112	-8.450799e+00	1.500951e+00	-3.676416e+00	1.571355e+00	-2.184637e+00	3.826018e-01	3.586881e-01	1.778769e-01	7.269597e-02	9.862199e-01	8.241248e-01	7.671100e+00	
18  20.6363	-7.956140e+00	1.500951e+00	-3.676416e+00	1.571355e+00	-2.184637e+00	3.826018e-01	3.586881e-01	1.778769e-01	7.269597e-02	9.862199e-01	8.241246e-01	7.671100e+00	
22  21.6664	-7.956140e+00	1.289726e+00	-3.748277e+00	1.548790e+00	-2.076125e+00	4.401069e-01	3.533432e-01	1.825197e-01	7.354704e-02	5.220440e-01	8.241246e-01	7.671100e+00	
26  21.584	-8.298619e+00	1.289726e+00	-3.748277e+00	1.548790e+00	-2.076125e+00	4.401069e-01	3.533432e-01	1.825197e-01	7.354704e-02	5.220440e-01	8.241248e-01	7.671100e+00	
89  22.9511	-8.298619e+00	1.464599e+00	-3.666514e+00	1.594611e+00	-1.237536e+00	3.855924e-01	3.874096e-01	1.666221e-01	9.032221e-02	7.746644e-01	8.241248e-01	7.671100e+00	
25  21.4484	-8.298619e+00	9.104882e-01	-2.777536e+00	1.473126e+00	-1.019186e+00	3.993772e-01	3.211443e-01	1.837764e-01	6.045925e-02	3.298895e-01	8.241248e-01	7.671100e+00	
110  21.4455	-8.166102e+00	9.104882e-01	-2.777536e+00	1.473126e+00	-1.019186e+00	3.993772e-01	3.211443e-01	1.837764e-01	6.045925e-02	3.298895e-01	8.241247e-01	7.671100e+00	
10  21.4417	-8.111906e+00	9.104882e-01	-2.777536e+00	1.473126e+00	-1.019186e+00	3.993772e-01	3.211443e-01	1.837764e-01	6.045925e-02	3.298895e-01	8.241247e-01	7.671100e+00	
50  20.9648	-7.853058e+00	9.104882e-01	-2.777536e+00	1.473126e+00	-1.019186e+00	3.993772e-01	3.211443e-01	1.837764e-01	6.045925e-02	3.298895e-01	8.241244e-01	7.671100e+00	
50  21.4483	-8.274215e+00	9.104882e-01	-2.777536e+00	1.473126e+00	-1.019186e+00	3.993772e-01	3.211443e-01	1.837764e-01	6.045925e-02	3.298895e-01	8.241248e-01	7.671100e+00	
19  21.4387	-8.089585e+00	9.104882e-01	-2.777536e+00	1.473126e+00	-1.019186e+00	3.993772e-01	3.211443e-01	1.837764e-01	6.045925e-02	3.298895e-01	8.241247e-01	7.671100e+00	
11  21.3379	-8.089585e+00	5.201142e-01	-2.788615e+00	1.484486e+00	-9.482518e-01	3.780437e-01	3.371623e-01	2.371283e-01	5.682593e-02	6.434356e-01	8.241247e-01	7.671100e+00	
70  21.3511	-8.423737e+00	5.201142e-01	-2.788615e+00	1.484486e+00	-9.482518e-01	3.780437e-01	3.371623e-01	2.371283e-01	5.682593e-02	6.434356e-01	8.241248e-01	7.671100e+00	
36  21.3511	-8.451959e+00	5.201142e-01	-2.788615e+00	1.484486e+00	-9.482518e-01	3.780437e-01	3.371623e-01	2.371283e-01	5.682593e-02	6.434356e-01	8.241248e-01	7.671100e+00	
2  21.0135	-8.451959e+00	7.438151e-01	-2.342450e+00	1.550297e+00	-1.084362e+00	3.888839e-01	3.065295e-01	2.076380e-01	7.636164e-02	5.527813e-01	8.241248e-01	7.671100e+00	
42  20.5962	-8.451959e+00	6.642885e-01	-1.570647e+00	1.464579e+00	-1.624178e+00	3.667486e-01	3.276489e-01	2.075786e-01	6.152192e-02	7.008913e-01	8.241248e-01	7.671100e+00	
20  20.4923	-7.941189e+00	6.642885e-01	-1.570647e+00	1.464579e+00	-1.624178e+00	3.667486e-01	3.276489e-01	2.075786e-01	6.152192e-02	7.008913e-01	8.241245e-01	7.671100e+00	
20  20.596	-8.246778e+00	6.642885e-01	-1.570647e+00	1.464579e+00	-1.624178e+00	3.667486e-01	3.276489e-01	2.075786e-01	6.152192e-02	7.008913e-01	8.241248e-01	7.671100e+00	
30  20.5961	-8.274561e+00	6.642885e-01	-1.570647e+00	1.464579e+00	-1.624178e+00	3.667486e-01	3.276489e-01	2.075786e-01	6.152192e-02	7.008913e-01	8.241248e-01	7.671100e+00	
62  20.5935	-8.155016e+00	6.642885e-01	-1.570647e+00	1.464579e+00	-1.624178e+00	3.667486e-01	3.276489e-01	2.075786e-01	6.152192e-02	7.008913e-01	8.241247e-01	7.671100e+00	
32  20.3138	-8.155016e+00	6.724571e-01	-1.514973e+00	1.400435e+00	-1.204206e+00	3.655237e-01	3.123852e-01	2.062739e-01	5.907202e-02	7.660234e-01	8.241247e-01	7.671100e+00	
6  20.766	-8.155016e+00	1.130696e+00	-2.587801e+00	1.350102e+00	-1.285834e+00	3.686270e-01	3.330464e-01	1.794031e-01	7.797601e-02	9.023958e-01	8.241247e-01	7.671100e+00	
20  20.7748	-8.030730e+00	1.130696e+00	-2.587801e+00	1.350102e+00	-1.285834e+00	3.686270e-01	3.330464e-01	1.794031e-01	7.797601e-02	9.023958e-01	8.241246e-01	7.671100e+00	
3  20.7649	-8.264054e+00	1.130696e+00	-2.587801e+00	1.350102e+00	-1.285834e+00	3.686270e-01	3.330464e-01	1.794031e-01	7.797601e-02	9.023958e-01	8.241248e-01	7.671100e+00	
48  22.4632	-8.264054e+00	9.842648e-01	-2.706882e+00	1.368517e+00	-1.892933e+00	3.884737e-01	3.284459e-01	1.951850e-01	8.133566e-02	5.862321e-01	8.241248e-01	7.671100e+00	
19  21.7931	-8.264054e+00	9.204498e-01	-3.383799e+00	1.349583e+00	-1.266660e+00	3.748631e-01	3.548507e-01	1.994199e-01	1.102504e-01	3.467482e-01	8.241248e-01	7.671100e+00	
7  21.7933	-8.486820e+00	9.204498e-01	-3.383799e+00	1.349583e+00	-1.266660e+00	3.748631e-01	3.548507e-01	1.994199e-01	1.102504e-01	3.467482e-01	8.241248e-01	7.671100e+00	
43  20.9531	-8.486820e+00	8.632652e-01	-2.743238e+00	1.379940e+00	-2.168019e+00	3.848078e-01	3.547583e-01	2.329917e-01	1.058299e-01	4.314578e-01	8.241248e-01	7.671100e+00	
11  20.9619	-7.925740e+00	8.632652e-01	-2.743238e+00	1.379940e+00	-2.168019e+00	3.848078e-01	3.547583e-01	2.329917e-01	1.058299e-01	4.314578e-01	8.241245e-01	7.671100e+00	
23  22.1826	-7.925740e+00	9.553850e-01	-2.427571e+00	1.357951e+00	-1.102718e+00	3.476668e-01	3.237873e-01	2.117473e-01	8.982436e-02	7.692675e-01	8.241245e-01	7.671100e+00	
34  22.2727	-7.925740e+00	6.961278e-01	-2.787677e+00	1.297655e+00	-4.996208e-01	3.874301e-01	3.101632e-01	2.045028e-01	7.380219e-02	5.448632e-01	8.241245e-01	7.671100e+00	
6  21.8583	-7.925740e+00	7.525379e-01	-2.565848e+00	1.212917e+00	2.245965e-01	3.904825e-01	3.660435e-01	2.370421e-01	9.158406e-02	7.754305e-01	8.241245e-01	7.671100e+00	
5  23.48	-7.925740e+00	8.054625e-01	-4.482465e+00	1.323555e+00	-4.229490e-01	3.587622e-01	3.945105e-01	2.194979e-01	9.793324e-02	7.529623e-01	8.241245e-01	7.671100e+00	
31  23.5408	-7.925740e+00	1.088400e+00	-4.333621e+00	1.252163e+00	-1.908833e-01	3.926881e-01	3.979602e-01	1.884416e-01	9.814711e-02	8.519342e-01	8.241245e-01	7.671100e+00	
28  23.4042	-8.061568e+00	1.088400e+00	-4.333621e+00	1.252163e+00	-1.908833e-01	3.926881e-01	3.979602e-01	1.884416e-01	9.814711e-02	8.519342e-01	8.241247e-01	7.671100e+00	
48  22.4832	-8.061568e+00	1.661842e+00	-4.234074e+00	1.318236e+00	-1.812966e+00	3.824958e-01	3.664273e-01	2.865744e-01	8.636085e-02	9.306709e-01	8.241247e-01	7.671100e+00	
5  21.7893	-8.061568e+00	1.585708e+00	-4.570529e+00	1.322031e+00	-2.175294e+00	4.152821e-01	3.786913e-01	2.507353e-01	1.101071e-01	7.407638e-01	8.241247e-01	7.671100e+00	
8  21.819	-8.061568e+00	1.683005e+00	-4.810629e+00	1.295180e+00	-1.626338e+00	4.676798e-01	3.443094e-01	2.559062e-01	9.835300e-02	9.105956e-01	8.241247e-01	7.671100e+00	
71  20.6572	-8.061568e+00	1.527936e+00	-4.115540e+00	1.419492e+00	-3.005001e-01	4.673581e-01	3.560454e-01	1.850883e-01	5.848581e-02	8.067978e-01	8.241247e-01	7.671100e+00	
140  20.6549	-8.080091e+00	1.527936e+00	-4.115540e+00	1.419492e+00	-3.005001e-01	4.673581e-01	3.560454e-01	1.850883e-01	5.848581e-02	8.067978e-01	8.241247e-01	7.671100e+00	
30  21.1378	-7.850514e+00	1.527936e+00	-4.115540e+00	1.419492e+00	-3.005001e-01	4.673581e-01	3.560454e-01	1.850883e-01	5.848581e-02	8.067978e-01	8.241244e-01	7.671100e+00	
220  20.6492	-8.342655e+00	1.527936e+00	-4.115540e+00	1.419492e+00	-3.005001e-01	4.673581e-01	3.560454e-01	1.850883e-01	5.848581e-02	8.067978e-01	8.241248e-01	7.671100e+00	
20  20.6773	-7.993562e+00	1.527936e+00	-4.115540e+00	1.419492e+00	-3.005001e-01	4.673581e-01	3.560454e-01	1.850883e-01	5.848581e-02	8.067978e-01	8.241246e-01	7.671100e+00	
61  20.6957	-7.966871e+00	1.527936e+00	-4.115540e+00	1.419492e+00	-3.005001e-01	4.673581e-01	3.560454e-01	1.850883e-01	5.848581e-02	8.067978e-01	8.241246e-01	7.671100e+00	
39  22.2367	-7.966871e+00	1.367292e+00	-4.949240e+00	1.467126e+00	-4.057115e-01	4.263072e-01	3.277489e-01	1.928497e-01	8.360957e-02	5.974467e-01	8.241246e-01	7.671100e+00	
1  22.1597	-8.486640e+00	1.367292e+00	-4.949240e+00	1.467126e+00	-4.057115e-01	4.263072e-01	3.277489e-01	1.928497e-01	8.360957e-02	5.974467e-01	8.241248e-01	7.671100e+00	
1  22.2983	-8.486640e+00	1.283319e+00	-3.934346e+00	1.529666e+00	-1.279384e+00	4.196560e-01	2.981407e-01	2.008627e-01	5.526438e-02	2.632445e-01	8.241248e-01	7.671100e+00	
50  21.2258	-8.486640e+00	1.014119e+00	-4.094043e+00	1.575879e+00	-1.253495e+00	3.969870e-01	3.284370e-01	2.312031e-01	6.431108e-02	3.576898e-01	8.241248e-01	7.671100e+00	
124  21.1003	-8.486640e+00	1.263372e+00	-3.694842e+00	1.600692e+00	3.358668e-02	4.150963e-01	3.467280e-01	2.025292e-01	5.446501e-02	5.264985e-01	8.241248e-01	7.671100e+00	
34  22.1763	-8.486640e+00	7.785410e-01	-3.825104e+00	1.625314e+00	3.043472e-01	3.742259e-01	3.056873e-01	2.008342e-01	8.289135e-02	4.402198e-01	8.241248e-01	7.671100e+00	
30  22.1793	-8.263322e+00	7.785410e-01	-3.825104e+00	1.625314e+00	3.043472e-01	3.742259e-01	3.056873e-01	2.008342e-01	8.289135e-02	4.402198e-01	8.241248e-01	7.671100e+00	
20  20.7	-7.780124e+00	7.785410e-01	-3.825104e+00	1.625314e+00	3.043472e-01	3.742259e-01	3.056873e-01	2.008342e-01	8.289135e-02	4.402198e-01	8.241242e-01	7.671100e+00	
10  22.1797	-8.486227e+00	7.785410e-01	-3.825104e+00	1.625314e+00	3.043472e-01	3.742259e-01	3.056873e-01	2.008342e-01	8.289135e-02	4.402198e-01	8.241248e-01	7.671100e+00	
14  22.1767	-8.197318e+00	7.785410e-01	-3.825104e+00	1.625314e+00	3.043472e-01	3.742259e-01	3.056873e-01	2.008342e-01	8.289135e-02	4.402198e-01	8.241248e-01	7.671100e+00	
3  23.6042	-8.197318e+00	5.516190e-01	-2.710225e+00	1.658518e+00	9.891537e-01	3.861740e-01	3.330321e-01	2.471704e-01	2.841996e-02	6.849429e-01	8.241248e-01	7.671100e+00	
13  21.393	-8.197318e+00	9.567090e-01	-2.073653e+00	1.657212e+00	1.336738e+00	3.684853e-01	3.411691e-01	2.788939e-01	4.846266e-02	7.784422e-01	8.241248e-01	7.671100e+00	
40  21.3927	-8.211807e+00	9.567090e-01	-2.073653e+00	1.657212e+00	1.336738e+00	3.684853e-01	3.411691e-01	2.788939e-01	4.846266e-02	7.784422e-01	8.241248e-01	7.671100e+00	
