10  28.4844	-6.451168e+00	7.400000e-01	-4.380000e+00	1.450000e+00	-1.930000e+00	3.500000e-01	2.600000e-01	1.800000e-01	7.000000e-02	0.000000e+00	8.240240e-01	7.671100e+00	
200  24.6482	-6.181677e+00	7.400000e-01	-4.380000e+00	1.450000e+00	-1.930000e+00	3.500000e-01	2.600000e-01	1.800000e-01	7.000000e-02	0.000000e+00	8.245754e-01	7.671100e+00	
60  23.6878	-6.192099e+00	7.400000e-01	-4.380000e+00	1.450000e+00	-1.930000e+00	3.500000e-01	2.600000e-01	1.800000e-01	7.000000e-02	0.000000e+00	8.245152e-01	7.671100e+00	
112  23.0002	-6.272887e+00	7.400000e-01	-4.380000e+00	1.450000e+00	-1.930000e+00	3.500000e-01	2.600000e-01	1.800000e-01	7.000000e-02	0.000000e+00	8.241959e-01	7.671100e+00	
48  20.9782	-6.272887e+00	6.202358e-01	-4.602326e+00	1.443128e+00	-1.578524e+00	3.611758e-01	3.046058e-01	1.727254e-01	3.597717e-02	2.720491e-01	8.241959e-01	7.671100e+00	
10  20.8262	-6.232929e+00	6.202358e-01	-4.602326e+00	1.443128e+00	-1.578524e+00	3.611758e-01	3.046058e-01	1.727254e-01	3.597717e-02	2.720491e-01	8.243241e-01	7.671100e+00	
180  20.4356	-7.237331e+00	6.202358e-01	-4.602326e+00	1.443128e+00	-1.578524e+00	3.611758e-01	3.046058e-01	1.727254e-01	3.597717e-02	2.720491e-01	8.241173e-01	7.671100e+00	
20  20.4354	-7.236958e+00	6.202358e-01	-4.602326e+00	1.443128e+00	-1.578524e+00	3.611758e-01	3.046058e-01	1.727254e-01	3.597717e-02	2.720491e-01	8.241173e-01	7.671100e+00	
9  20.2176	-7.160657e+00	6.202358e-01	-4.602326e+00	1.443128e+00	-1.578524e+00	3.611758e-01	3.046058e-01	1.727254e-01	3.597717e-02	2.720491e-01	8.241143e-01	7.671100e+00	
41  17.6166	-7.160657e+00	6.520536e-01	-4.644045e+00	1.421290e+00	-1.532369e+00	3.605367e-01	2.976142e-01	1.584774e-01	6.926528e-02	1.532989e-01	8.241143e-01	7.671100e+00	
40  18.1794	-7.313706e+00	6.520536e-01	-4.644045e+00	1.421290e+00	-1.532369e+00	3.605367e-01	2.976142e-01	1.584774e-01	6.926528e-02	1.532989e-01	8.241195e-01	7.671100e+00	
10  17.8778	-7.250731e+00	6.520536e-01	-4.644045e+00	1.421290e+00	-1.532369e+00	3.605367e-01	2.976142e-01	1.584774e-01	6.926528e-02	1.532989e-01	8.241178e-01	7.671100e+00	
210  17.8785	-7.263761e+00	6.520536e-01	-4.644045e+00	1.421290e+00	-1.532369e+00	3.605367e-01	2.976142e-01	1.584774e-01	6.926528e-02	1.532989e-01	8.241181e-01	7.671100e+00	
130  17.8608	-7.219130e+00	6.520536e-01	-4.644045e+00	1.421290e+00	-1.532369e+00	3.605367e-01	2.976142e-01	1.584774e-01	6.926528e-02	1.532989e-01	8.241167e-01	7.671100e+00	
270  17.8772	-7.274051e+00	6.520536e-01	-4.644045e+00	1.421290e+00	-1.532369e+00	3.605367e-01	2.976142e-01	1.584774e-01	6.926528e-02	1.532989e-01	8.241184e-01	7.671100e+00	
70  17.5999	-7.158662e+00	6.520536e-01	-4.644045e+00	1.421290e+00	-1.532369e+00	3.605367e-01	2.976142e-01	1.584774e-01	6.926528e-02	1.532989e-01	8.241142e-01	7.671100e+00	
510  17.6312	-7.162273e+00	6.520536e-01	-4.644045e+00	1.421290e+00	-1.532369e+00	3.605367e-01	2.976142e-01	1.584774e-01	6.926528e-02	1.532989e-01	8.241144e-01	7.671100e+00	
30  17.869	-7.230063e+00	6.520536e-01	-4.644045e+00	1.421290e+00	-1.532369e+00	3.605367e-01	2.976142e-01	1.584774e-01	6.926528e-02	1.532989e-01	8.241171e-01	7.671100e+00	
190  18.9244	-6.245999e+00	6.520536e-01	-4.644045e+00	1.421290e+00	-1.532369e+00	3.605367e-01	2.976142e-01	1.584774e-01	6.926528e-02	1.532989e-01	8.242763e-01	7.671100e+00	
820  17.7305	-7.173558e+00	6.520536e-01	-4.644045e+00	1.421290e+00	-1.532369e+00	3.605367e-01	2.976142e-01	1.584774e-01	6.926528e-02	1.532989e-01	8.241149e-01	7.671100e+00	
150  18.7874	-6.266088e+00	6.520536e-01	-4.644045e+00	1.421290e+00	-1.532369e+00	3.605367e-01	2.976142e-01	1.584774e-01	6.926528e-02	1.532989e-01	8.242143e-01	7.671100e+00	
50  19.8777	-6.214420e+00	6.520536e-01	-4.644045e+00	1.421290e+00	-1.532369e+00	3.605367e-01	2.976142e-01	1.584774e-01	6.926528e-02	1.532989e-01	8.244022e-01	7.671100e+00	
470  17.8783	-7.255760e+00	6.520536e-01	-4.644045e+00	1.421290e+00	-1.532369e+00	3.605367e-01	2.976142e-01	1.584774e-01	6.926528e-02	1.532989e-01	8.241179e-01	7.671100e+00	
80  17.8703	-7.232132e+00	6.520536e-01	-4.644045e+00	1.421290e+00	-1.532369e+00	3.605367e-01	2.976142e-01	1.584774e-01	6.926528e-02	1.532989e-01	8.241171e-01	7.671100e+00	
12  19.7433	-6.217470e+00	6.520536e-01	-4.644045e+00	1.421290e+00	-1.532369e+00	3.605367e-01	2.976142e-01	1.584774e-01	6.926528e-02	1.532989e-01	8.243884e-01	7.671100e+00	
643  21.8249	-6.217470e+00	6.159695e-01	-3.563545e+00	1.542122e+00	-1.358869e+00	3.740372e-01	2.964275e-01	1.672146e-01	6.335587e-02	7.797610e-02	8.243884e-01	7.671100e+00	
85  24.1404	-6.217470e+00	2.917826e-01	-3.608389e+00	1.621354e+00	-1.146742e+00	3.955291e-01	3.275434e-01	2.048912e-01	6.294520e-02	5.155540e-01	8.243884e-01	7.671100e+00	
60  24.4003	-6.256427e+00	2.917826e-01	-3.608389e+00	1.621354e+00	-1.146742e+00	3.955291e-01	3.275434e-01	2.048912e-01	6.294520e-02	5.155540e-01	8.242424e-01	7.671100e+00	
70  25.1101	-7.254411e+00	2.917826e-01	-3.608389e+00	1.621354e+00	-1.146742e+00	3.955291e-01	3.275434e-01	2.048912e-01	6.294520e-02	5.155540e-01	8.241179e-01	7.671100e+00	
86  24.0806	-6.191200e+00	2.917826e-01	-3.608389e+00	1.621354e+00	-1.146742e+00	3.955291e-01	3.275434e-01	2.048912e-01	6.294520e-02	5.155540e-01	8.245202e-01	7.671100e+00	
4  24.2043	-6.191200e+00	3.846262e-01	-3.042693e+00	1.480638e+00	-1.473843e+00	3.644775e-01	3.037217e-01	2.209596e-01	5.478612e-02	4.761693e-01	8.245202e-01	7.671100e+00	
113  24.2083	-6.163177e+00	3.846262e-01	-3.042693e+00	1.480638e+00	-1.473843e+00	3.644775e-01	3.037217e-01	2.209596e-01	5.478612e-02	4.761693e-01	8.246949e-01	7.671100e+00	
577  23.4396	-6.163177e+00	4.554213e-01	-3.017673e+00	1.375708e+00	-1.355291e+00	3.520939e-01	3.438532e-01	1.805585e-01	2.698758e-02	3.358677e-01	8.246949e-01	7.671100e+00	
452  24.444	-6.253928e+00	4.554213e-01	-3.017673e+00	1.375708e+00	-1.355291e+00	3.520939e-01	3.438532e-01	1.805585e-01	2.698758e-02	3.358677e-01	8.242502e-01	7.671100e+00	
38  25.6067	-6.253928e+00	4.617029e-02	-4.021580e+00	1.315815e+00	-3.101795e+00	3.665954e-01	3.759879e-01	2.213682e-01	3.612425e-02	8.882372e-01	8.242502e-01	7.671100e+00	
56  25.3264	-6.219867e+00	4.617029e-02	-4.021580e+00	1.315815e+00	-3.101795e+00	3.665954e-01	3.759879e-01	2.213682e-01	3.612425e-02	8.882372e-01	8.243778e-01	7.671100e+00	
2  26.1681	-6.219867e+00	7.692909e-02	-4.029839e+00	1.256209e+00	-3.318544e+00	3.983870e-01	3.987486e-01	2.105616e-01	6.697948e-02	6.556996e-01	8.243778e-01	7.671100e+00	
3  27.6388	-6.219867e+00	1.489936e-01	-3.942695e+00	1.236491e+00	-2.738460e+00	3.829206e-01	3.748256e-01	1.992292e-01	4.789166e-02	5.628801e-01	8.243778e-01	7.671100e+00	
98  24.43	-6.219867e+00	2.309302e-01	-3.673016e+00	1.323381e+00	-2.366924e+00	3.664321e-01	3.442016e-01	1.854154e-01	8.877073e-02	5.590291e-01	8.243778e-01	7.671100e+00	
194  24.8997	-6.219867e+00	1.647258e-01	-2.879495e+00	1.403867e+00	-2.586248e+00	3.860598e-01	3.544671e-01	1.614448e-01	6.329642e-02	6.255842e-01	8.243778e-01	7.671100e+00	
30  27.5091	-6.219867e+00	1.296041e-01	-3.039748e+00	1.398799e+00	-2.565801e+00	3.671582e-01	3.922525e-01	1.511870e-01	7.271860e-02	5.629620e-01	8.243778e-01	7.671100e+00	
26  27.9277	-6.219867e+00	5.363409e-01	-3.233142e+00	1.421175e+00	-2.903749e+00	3.926822e-01	3.719786e-01	1.695104e-01	6.935839e-02	3.453701e-01	8.243778e-01	7.671100e+00	
205  26.1761	-6.219867e+00	5.038561e-01	-3.344530e+00	1.537106e+00	-3.848934e+00	3.660080e-01	2.781126e-01	2.326553e-01	7.582982e-02	3.090080e-01	8.243778e-01	7.671100e+00	
95  26.4114	-6.219867e+00	4.039953e-02	-3.131192e+00	1.608381e+00	-3.043176e+00	4.057254e-01	3.166173e-01	2.585978e-01	8.763482e-02	7.672145e-01	8.243778e-01	7.671100e+00	
6  30.5396	-6.219867e+00	5.684584e-01	-4.163393e+00	1.482601e+00	-4.307463e+00	3.913777e-01	3.147781e-01	2.941579e-01	7.065668e-02	6.201160e-01	8.243778e-01	7.671100e+00	
4  30.2734	-6.219867e+00	4.092286e-01	-3.480957e+00	1.517760e+00	-4.307158e+00	4.167705e-01	3.170743e-01	2.855016e-01	3.646619e-02	7.925023e-01	8.243778e-01	7.671100e+00	
201  29.4248	-6.219867e+00	2.779411e-02	-3.093853e+00	1.531299e+00	-3.859907e+00	4.581324e-01	2.881215e-01	2.753147e-01	4.400192e-02	9.598829e-01	8.243778e-01	7.671100e+00	
29  29.2007	-7.241948e+00	2.779411e-02	-3.093853e+00	1.531299e+00	-3.859907e+00	4.581324e-01	2.881215e-01	2.753147e-01	4.400192e-02	9.598829e-01	8.241175e-01	7.671100e+00	
61  26.2124	-7.241948e+00	2.066682e-01	-2.495708e+00	1.479686e+00	-3.620701e+00	4.072654e-01	3.027016e-01	2.457998e-01	4.976235e-02	9.083992e-01	8.241175e-01	7.671100e+00	
19  27.4697	-7.801833e+00	2.066682e-01	-2.495708e+00	1.479686e+00	-3.620701e+00	4.072654e-01	3.027016e-01	2.457998e-01	4.976235e-02	9.083992e-01	8.241243e-01	7.671100e+00	
12  24.6589	-7.801833e+00	4.146722e-01	-2.460167e+00	1.520743e+00	-3.010979e+00	4.368383e-01	3.477957e-01	2.062690e-01	4.842985e-02	7.341313e-01	8.241243e-01	7.671100e+00	
29  23.4937	-7.801833e+00	1.591855e-01	-2.038697e+00	1.545823e+00	-3.229764e+00	4.301078e-01	3.981779e-01	2.682547e-01	3.983636e-02	9.426130e-01	8.241243e-01	7.671100e+00	
30  23.398	-7.512516e+00	1.591855e-01	-2.038697e+00	1.545823e+00	-3.229764e+00	4.301078e-01	3.981779e-01	2.682547e-01	3.983636e-02	9.426130e-01	8.241227e-01	7.671100e+00	
69  23.2153	-7.629224e+00	1.591855e-01	-2.038697e+00	1.545823e+00	-3.229764e+00	4.301078e-01	3.981779e-01	2.682547e-01	3.983636e-02	9.426130e-01	8.241236e-01	7.671100e+00	
168  23.7945	-7.629224e+00	1.513798e-02	-2.512791e+00	1.651910e+00	-2.682713e+00	4.210801e-01	4.199055e-01	2.609581e-01	4.553707e-02	9.506272e-01	8.241236e-01	7.671100e+00	
33  26.4801	-7.629224e+00	7.551998e-02	-1.659912e+00	1.656906e+00	-3.568815e+00	3.878939e-01	3.971878e-01	2.296307e-01	4.017909e-02	7.597705e-01	8.241236e-01	7.671100e+00	
130  26.8944	-7.139172e+00	7.551998e-02	-1.659912e+00	1.656906e+00	-3.568815e+00	3.878939e-01	3.971878e-01	2.296307e-01	4.017909e-02	7.597705e-01	8.241133e-01	7.671100e+00	
10  27.097	-7.681973e+00	7.551998e-02	-1.659912e+00	1.656906e+00	-3.568815e+00	3.878939e-01	3.971878e-01	2.296307e-01	4.017909e-02	7.597705e-01	8.241238e-01	7.671100e+00	
16  26.5386	-7.641814e+00	7.551998e-02	-1.659912e+00	1.656906e+00	-3.568815e+00	3.878939e-01	3.971878e-01	2.296307e-01	4.017909e-02	7.597705e-01	8.241236e-01	7.671100e+00	
14  24.7219	-7.641814e+00	3.901901e-01	-1.383869e+00	1.670740e+00	-3.426735e+00	4.245383e-01	3.941130e-01	2.508469e-01	6.858047e-02	6.701728e-01	8.241236e-01	7.671100e+00	
53  24.582	-7.462746e+00	3.901901e-01	-1.383869e+00	1.670740e+00	-3.426735e+00	4.245383e-01	3.941130e-01	2.508469e-01	6.858047e-02	6.701728e-01	8.241221e-01	7.671100e+00	
77  23.8354	-7.462746e+00	1.915986e-01	4.286127e-01	1.653593e+00	-3.030228e+00	4.601853e-01	3.800484e-01	2.364730e-01	5.774122e-02	9.524520e-01	8.241221e-01	7.671100e+00	
127  25.3486	-8.325973e+00	1.915986e-01	4.286127e-01	1.653593e+00	-3.030228e+00	4.601853e-01	3.800484e-01	2.364730e-01	5.774122e-02	9.524520e-01	8.241248e-01	7.671100e+00	
13  25.107	-8.325973e+00	6.405983e-01	6.956164e-01	1.596855e+00	-2.808500e+00	4.344817e-01	3.608670e-01	1.986652e-01	4.228597e-02	7.404048e-01	8.241248e-01	7.671100e+00	
50  28.4747	-7.719781e+00	6.405983e-01	6.956164e-01	1.596855e+00	-2.808500e+00	4.344817e-01	3.608670e-01	1.986652e-01	4.228597e-02	7.404048e-01	8.241240e-01	7.671100e+00	
18  25.107	-8.452528e+00	6.405983e-01	6.956164e-01	1.596855e+00	-2.808500e+00	4.344817e-01	3.608670e-01	1.986652e-01	4.228597e-02	7.404048e-01	8.241248e-01	7.671100e+00	
11  25.3368	-8.452528e+00	6.566933e-01	2.220231e-01	1.642457e+00	-3.662204e+00	3.629887e-01	3.177274e-01	2.456832e-01	7.491888e-02	7.743250e-01	8.241248e-01	7.671100e+00	
31  24.6596	-8.452528e+00	5.644423e-01	-9.833654e-01	1.590491e+00	-4.040560e+00	4.035441e-01	3.434529e-01	2.920383e-01	3.037752e-02	7.493019e-01	8.241248e-01	7.671100e+00	
19  24.6595	-8.343898e+00	5.644423e-01	-9.833654e-01	1.590491e+00	-4.040560e+00	4.035441e-01	3.434529e-01	2.920383e-01	3.037752e-02	7.493019e-01	8.241248e-01	7.671100e+00	
29  21.9053	-8.343898e+00	8.389401e-01	-1.734841e+00	1.530886e+00	-3.653303e+00	3.842380e-01	3.398621e-01	2.598300e-01	9.782600e-02	7.356917e-01	8.241248e-01	7.671100e+00	
22  22.8965	-8.343898e+00	8.269162e-01	-2.297236e+00	1.571308e+00	-4.738653e+00	4.167527e-01	3.182327e-01	2.469102e-01	5.760508e-02	7.073897e-01	8.241248e-01	7.671100e+00	
10  23.5803	-7.738732e+00	8.269162e-01	-2.297236e+00	1.571308e+00	-4.738653e+00	4.167527e-01	3.182327e-01	2.469102e-01	5.760508e-02	7.073897e-01	8.241241e-01	7.671100e+00	
20  22.8843	-8.066826e+00	8.269162e-01	-2.297236e+00	1.571308e+00	-4.738653e+00	4.167527e-01	3.182327e-01	2.469102e-01	5.760508e-02	7.073897e-01	8.241247e-01	7.671100e+00	
97  22.8965	-8.333311e+00	8.269162e-01	-2.297236e+00	1.571308e+00	-4.738653e+00	4.167527e-01	3.182327e-01	2.469102e-01	5.760508e-02	7.073897e-01	8.241248e-01	7.671100e+00	
42  23.9391	-8.333311e+00	6.992721e-01	-3.452865e+00	1.495366e+00	-4.988911e+00	4.442896e-01	3.327213e-01	2.290983e-01	9.920143e-02	5.108832e-01	8.241248e-01	7.671100e+00	
19  22.523	-8.333311e+00	9.899128e-01	-3.645834e+00	1.597395e+00	-3.437958e+00	4.049966e-01	2.703618e-01	2.623385e-01	9.045620e-02	8.289550e-01	8.241248e-01	7.671100e+00	
12  24.2755	-8.333311e+00	1.075824e+00	-3.335937e+00	1.466428e+00	-3.349609e+00	3.843013e-01	2.639168e-01	2.667818e-01	1.144733e-01	8.364278e-01	8.241248e-01	7.671100e+00	
16  24.2756	-8.403841e+00	1.075824e+00	-3.335937e+00	1.466428e+00	-3.349609e+00	3.843013e-01	2.639168e-01	2.667818e-01	1.144733e-01	8.364278e-01	8.241248e-01	7.671100e+00	
40  23.0682	-8.403841e+00	1.347307e+00	-3.381219e+00	1.353462e+00	-3.658762e+00	4.178211e-01	2.910059e-01	2.850482e-01	1.058749e-01	9.807340e-01	8.241248e-01	7.671100e+00	
6  24.2592	-8.403841e+00	1.062293e+00	-3.432365e+00	1.361955e+00	-2.238263e+00	4.250555e-01	3.054991e-01	2.274644e-01	7.668244e-02	7.367550e-01	8.241248e-01	7.671100e+00	
18  23.3388	-8.403841e+00	1.163479e+00	-4.245970e+00	1.394017e+00	-2.387508e+00	4.187631e-01	3.306122e-01	2.946560e-01	4.622370e-02	5.204955e-01	8.241248e-01	7.671100e+00	
36  23.3387	-8.444839e+00	1.163479e+00	-4.245970e+00	1.394017e+00	-2.387508e+00	4.187631e-01	3.306122e-01	2.946560e-01	4.622370e-02	5.204955e-01	8.241248e-01	7.671100e+00	
84  21.2274	-8.444839e+00	9.643654e-01	-4.858242e+00	1.347477e+00	-1.738959e+00	4.151045e-01	3.482535e-01	2.159609e-01	9.740377e-02	2.410252e-01	8.241248e-01	7.671100e+00	
30  21.2274	-8.446594e+00	9.643654e-01	-4.858242e+00	1.347477e+00	-1.738959e+00	4.151045e-01	3.482535e-01	2.159609e-01	9.740377e-02	2.410252e-01	8.241248e-01	7.671100e+00	
60  21.2274	-8.333435e+00	9.643654e-01	-4.858242e+00	1.347477e+00	-1.738959e+00	4.151045e-01	3.482535e-01	2.159609e-01	9.740377e-02	2.410252e-01	8.241248e-01	7.671100e+00	
5  21.2281	-8.026289e+00	9.643654e-01	-4.858242e+00	1.347477e+00	-1.738959e+00	4.151045e-01	3.482535e-01	2.159609e-01	9.740377e-02	2.410252e-01	8.241246e-01	7.671100e+00	
25  21.6571	-8.026289e+00	1.102797e+00	-4.799497e+00	1.197455e+00	-2.612255e+00	3.932007e-01	3.612952e-01	2.447724e-01	1.168514e-01	7.005263e-01	8.241246e-01	7.671100e+00	
90  21.6764	-8.149215e+00	1.102797e+00	-4.799497e+00	1.197455e+00	-2.612255e+00	3.932007e-01	3.612952e-01	2.447724e-01	1.168514e-01	7.005263e-01	8.241247e-01	7.671100e+00	
30  21.679	-8.280826e+00	1.102797e+00	-4.799497e+00	1.197455e+00	-2.612255e+00	3.932007e-01	3.612952e-01	2.447724e-01	1.168514e-01	7.005263e-01	8.241248e-01	7.671100e+00	
20  21.6792	-8.475847e+00	1.102797e+00	-4.799497e+00	1.197455e+00	-2.612255e+00	3.932007e-01	3.612952e-01	2.447724e-01	1.168514e-01	7.005263e-01	8.241248e-01	7.671100e+00	
3  21.6791	-8.336683e+00	1.102797e+00	-4.799497e+00	1.197455e+00	-2.612255e+00	3.932007e-01	3.612952e-01	2.447724e-01	1.168514e-01	7.005263e-01	8.241248e-01	7.671100e+00	
17  20.3579	-8.336683e+00	1.290789e+00	-3.890897e+00	1.244911e+00	-1.774528e+00	3.961242e-01	3.760873e-01	2.709734e-01	1.140349e-01	8.605565e-01	8.241248e-01	7.671100e+00	
20  20.3771	-7.998002e+00	1.290789e+00	-3.890897e+00	1.244911e+00	-1.774528e+00	3.961242e-01	3.760873e-01	2.709734e-01	1.140349e-01	8.605565e-01	8.241246e-01	7.671100e+00	
30  20.3579	-8.342940e+00	1.290789e+00	-3.890897e+00	1.244911e+00	-1.774528e+00	3.961242e-01	3.760873e-01	2.709734e-01	1.140349e-01	8.605565e-01	8.241248e-01	7.671100e+00	
30  20.3579	-8.323048e+00	1.290789e+00	-3.890897e+00	1.244911e+00	-1.774528e+00	3.961242e-01	3.760873e-01	2.709734e-01	1.140349e-01	8.605565e-01	8.241248e-01	7.671100e+00	
30  20.3603	-8.113453e+00	1.290789e+00	-3.890897e+00	1.244911e+00	-1.774528e+00	3.961242e-01	3.760873e-01	2.709734e-01	1.140349e-01	8.605565e-01	8.241247e-01	7.671100e+00	
68  20.3578	-8.461360e+00	1.290789e+00	-3.890897e+00	1.244911e+00	-1.774528e+00	3.961242e-01	3.760873e-01	2.709734e-01	1.140349e-01	8.605565e-01	8.241248e-01	7.671100e+00	
37  23.5749	-8.461360e+00	1.285007e+00	-1.188925e+00	1.232850e+00	-1.877293e+00	3.898996e-01	4.237721e-01	2.712674e-01	5.328940e-02	7.749312e-01	8.241248e-01	7.671100e+00	
16  23.1223	-8.461360e+00	6.570297e-01	-2.036685e+00	1.280405e+00	-1.969942e+00	3.627798e-01	3.982147e-01	2.785737e-01	5.022064e-02	6.712585e-01	8.241248e-01	7.671100e+00	
3  24.669	-8.461360e+00	7.400307e-01	-1.306000e+00	1.286307e+00	-2.064580e+00	3.659886e-01	3.884677e-01	2.430127e-01	2.802664e-02	6.026479e-01	8.241248e-01	7.671100e+00	
30  25.4231	-8.461360e+00	7.317290e-01	-4.919311e-01	1.315280e+00	-2.635444e+00	3.346545e-01	3.383265e-01	2.203321e-01	8.872659e-02	8.983260e-01	8.241248e-01	7.671100e+00	
43  22.3415	-8.461360e+00	6.851282e-01	-8.822399e-01	1.400108e+00	-1.326865e+00	3.616601e-01	3.511700e-01	1.991900e-01	9.627360e-02	5.055156e-01	8.241248e-01	7.671100e+00	
113  21.6116	-8.461360e+00	4.364533e-01	-1.574762e+00	1.466958e+00	-2.184323e+00	3.718307e-01	3.545406e-01	2.216209e-01	3.040837e-02	9.744848e-01	8.241248e-01	7.671100e+00	
20  21.6116	-8.377577e+00	4.364533e-01	-1.574762e+00	1.466958e+00	-2.184323e+00	3.718307e-01	3.545406e-01	2.216209e-01	3.040837e-02	9.744848e-01	8.241248e-01	7.671100e+00	
116  21.6446	-7.933541e+00	4.364533e-01	-1.574762e+00	1.466958e+00	-2.184323e+00	3.718307e-01	3.545406e-01	2.216209e-01	3.040837e-02	9.744848e-01	8.241245e-01	7.671100e+00	
4  21.5478	-7.933541e+00	4.961417e-01	-1.462288e+00	1.328321e+00	-1.430788e+00	3.593847e-01	3.569530e-01	2.492264e-01	3.131107e-02	9.383214e-01	8.241245e-01	7.671100e+00	
121  21.5437	-8.048578e+00	4.961417e-01	-1.462288e+00	1.328321e+00	-1.430788e+00	3.593847e-01	3.569530e-01	2.492264e-01	3.131107e-02	9.383214e-01	8.241247e-01	7.671100e+00	
37  23.0229	-8.048578e+00	5.760506e-01	-1.942244e+00	1.537354e+00	-2.181680e+00	4.250542e-01	3.358595e-01	2.586159e-01	4.266820e-02	7.062577e-01	8.241247e-01	7.671100e+00	
8  22.3843	-8.048578e+00	7.998895e-01	-1.831100e+00	1.489115e+00	-3.591882e+00	4.063669e-01	3.204223e-01	2.696621e-01	4.142733e-02	6.708444e-01	8.241247e-01	7.671100e+00	
12  20.4756	-8.048578e+00	6.797893e-01	-4.270541e+00	1.559792e+00	-3.553305e+00	3.889637e-01	3.089458e-01	2.465095e-01	1.048477e-01	7.576286e-01	8.241247e-01	7.671100e+00	
42  20.1257	-8.048578e+00	9.731114e-01	-4.064454e+00	1.491370e+00	-2.909440e+00	4.123055e-01	3.071763e-01	2.216420e-01	8.286627e-02	6.852482e-01	8.241247e-01	7.671100e+00	
70  20.1331	-8.117287e+00	9.731114e-01	-4.064454e+00	1.491370e+00	-2.909440e+00	4.123055e-01	3.071763e-01	2.216420e-01	8.286627e-02	6.852482e-01	8.241247e-01	7.671100e+00	
30  21.3946	-7.745762e+00	9.731114e-01	-4.064454e+00	1.491370e+00	-2.909440e+00	4.123055e-01	3.071763e-01	2.216420e-01	8.286627e-02	6.852482e-01	8.241241e-01	7.671100e+00	
11  20.095	-7.970032e+00	9.731114e-01	-4.064454e+00	1.491370e+00	-2.909440e+00	4.123055e-01	3.071763e-01	2.216420e-01	8.286627e-02	6.852482e-01	8.241246e-01	7.671100e+00	
30  21.0433	-7.970032e+00	1.323049e+00	-4.208041e+00	1.415467e+00	-2.537240e+00	4.130163e-01	3.236568e-01	2.303074e-01	1.038445e-01	6.127236e-01	8.241246e-01	7.671100e+00	
37  21.248	-7.970032e+00	1.142902e+00	-4.310124e+00	1.289531e+00	-2.208046e+00	3.733527e-01	3.584913e-01	2.439109e-01	1.226945e-01	6.675565e-01	8.241246e-01	7.671100e+00	
22  20.3048	-7.970032e+00	1.037924e+00	-4.521338e+00	1.150488e+00	-2.742933e+00	3.674039e-01	3.665543e-01	2.862592e-01	9.289291e-02	9.889607e-01	8.241246e-01	7.671100e+00	
10  20.3291	-8.096242e+00	1.037924e+00	-4.521338e+00	1.150488e+00	-2.742933e+00	3.674039e-01	3.665543e-01	2.862592e-01	9.289291e-02	9.889607e-01	8.241247e-01	7.671100e+00	
46  20.3322	-8.250935e+00	1.037924e+00	-4.521338e+00	1.150488e+00	-2.742933e+00	3.674039e-01	3.665543e-01	2.862592e-01	9.289291e-02	9.889607e-01	8.241248e-01	7.671100e+00	
45  22.4523	-8.250935e+00	1.204458e+00	-3.855666e+00	1.173700e+00	-1.693396e+00	3.793313e-01	3.830931e-01	2.315518e-01	8.523568e-02	8.016883e-01	8.241248e-01	7.671100e+00	
1  22.6969	-8.250935e+00	1.405901e+00	-4.400216e+00	1.265995e+00	-2.483123e+00	3.982293e-01	3.725536e-01	2.529902e-01	1.147020e-01	5.562316e-01	8.241248e-01	7.671100e+00	
5  23.1481	-8.250935e+00	1.634810e+00	-2.463878e+00	1.269267e+00	-1.782323e+00	4.312786e-01	3.641143e-01	2.944361e-01	1.039353e-01	7.269310e-01	8.241248e-01	7.671100e+00	
3  22.0337	-8.250935e+00	1.035024e+00	-3.895610e+00	1.238561e+00	-2.426115e+00	3.917034e-01	3.346063e-01	3.012058e-01	1.620358e-01	8.757001e-01	8.241248e-01	7.671100e+00	
29  22.0389	-8.006012e+00	1.035024e+00	-3.895610e+00	1.238561e+00	-2.426115e+00	3.917034e-01	3.346063e-01	3.012058e-01	1.620358e-01	8.757001e-01	8.241246e-01	7.671100e+00	
10  22.7069	-8.006012e+00	6.776308e-01	-3.098835e+00	1.296802e+00	-2.701285e+00	3.693849e-01	3.409911e-01	2.712270e-01	1.493261e-01	7.055430e-01	8.241246e-01	7.671100e+00	
122  24.7996	-8.006012e+00	1.116043e+00	-1.493003e+00	1.205869e+00	-2.824166e+00	3.893147e-01	4.182975e-01	2.889411e-01	1.591554e-01	9.303616e-01	8.241246e-01	7.671100e+00	
60  22.7006	-8.006012e+00	1.239207e+00	-1.076125e+00	1.222205e+00	-1.862226e+00	3.544217e-01	3.907268e-01	3.025426e-01	1.217890e-01	9.585972e-01	8.241246e-01	7.671100e+00	
23  23.5675	-8.006012e+00	9.752780e-01	-1.131998e+00	1.276952e+00	-1.878273e+00	3.898156e-01	3.666502e-01	2.973837e-01	1.251917e-01	6.016563e-01	8.241246e-01	7.671100e+00	
106  23.2862	-8.006012e+00	1.244978e+00	-1.576752e+00	1.152474e+00	-1.870476e+00	4.076319e-01	3.532637e-01	2.930909e-01	9.032609e-02	7.968949e-01	8.241246e-01	7.671100e+00	
12  23.4521	-7.844661e+00	1.244978e+00	-1.576752e+00	1.152474e+00	-1.870476e+00	4.076319e-01	3.532637e-01	2.930909e-01	9.032609e-02	7.968949e-01	8.241244e-01	7.671100e+00	
8  23.4803	-7.844661e+00	9.148343e-01	-1.698436e+00	1.198610e+00	-9.262324e-01	3.665999e-01	4.167537e-01	2.286769e-01	1.164694e-01	8.255656e-01	8.241244e-01	7.671100e+00	
5  23.2338	-8.157925e+00	9.148343e-01	-1.698436e+00	1.198610e+00	-9.262324e-01	3.665999e-01	4.167537e-01	2.286769e-01	1.164694e-01	8.255656e-01	8.241247e-01	7.671100e+00	
15  21.7517	-8.157925e+00	7.918874e-01	-1.544248e+00	1.231322e+00	-1.844687e+00	3.717357e-01	3.973263e-01	2.518263e-01	1.069169e-01	7.888305e-01	8.241247e-01	7.671100e+00	
170  21.9454	-7.809446e+00	7.918874e-01	-1.544248e+00	1.231322e+00	-1.844687e+00	3.717357e-01	3.973263e-01	2.518263e-01	1.069169e-01	7.888305e-01	8.241243e-01	7.671100e+00	
80  21.7527	-8.488138e+00	7.918874e-01	-1.544248e+00	1.231322e+00	-1.844687e+00	3.717357e-01	3.973263e-01	2.518263e-01	1.069169e-01	7.888305e-01	8.241248e-01	7.671100e+00	
30  21.7494	-8.087921e+00	7.918874e-01	-1.544248e+00	1.231322e+00	-1.844687e+00	3.717357e-01	3.973263e-01	2.518263e-01	1.069169e-01	7.888305e-01	8.241247e-01	7.671100e+00	
34  21.7657	-7.834039e+00	7.918874e-01	-1.544248e+00	1.231322e+00	-1.844687e+00	3.717357e-01	3.973263e-01	2.518263e-01	1.069169e-01	7.888305e-01	8.241243e-01	7.671100e+00	
116  22.1722	-7.834039e+00	7.822829e-01	-1.502866e+00	1.382606e+00	-1.929350e+00	3.615655e-01	2.948189e-01	2.895723e-01	8.412717e-02	7.520475e-01	8.241243e-01	7.671100e+00	
46  22.4569	-7.938411e+00	7.822829e-01	-1.502866e+00	1.382606e+00	-1.929350e+00	3.615655e-01	2.948189e-01	2.895723e-01	8.412717e-02	7.520475e-01	8.241245e-01	7.671100e+00	
64  23.2961	-7.938411e+00	4.004086e-01	-2.023884e+00	1.341361e+00	-1.924787e+00	3.598911e-01	2.929040e-01	3.073618e-01	5.920009e-02	9.367096e-01	8.241245e-01	7.671100e+00	
20  23.5412	-8.300553e+00	4.004086e-01	-2.023884e+00	1.341361e+00	-1.924787e+00	3.598911e-01	2.929040e-01	3.073618e-01	5.920009e-02	9.367096e-01	8.241248e-01	7.671100e+00	
20  23.5412	-8.296757e+00	4.004086e-01	-2.023884e+00	1.341361e+00	-1.924787e+00	3.598911e-01	2.929040e-01	3.073618e-01	5.920009e-02	9.367096e-01	8.241248e-01	7.671100e+00	
2  23.5339	-8.139836e+00	4.004086e-01	-2.023884e+00	1.341361e+00	-1.924787e+00	3.598911e-01	2.929040e-01	3.073618e-01	5.920009e-02	9.367096e-01	8.241247e-01	7.671100e+00	
68  21.6931	-8.139836e+00	7.106040e-01	-1.517577e+00	1.330331e+00	-2.433349e+00	3.804872e-01	3.734356e-01	2.916536e-01	1.112160e-01	8.160914e-01	8.241247e-01	7.671100e+00	
44  21.7623	-7.937721e+00	7.106040e-01	-1.517577e+00	1.330331e+00	-2.433349e+00	3.804872e-01	3.734356e-01	2.916536e-01	1.112160e-01	8.160914e-01	8.241245e-01	7.671100e+00	
26  21.4775	-7.937721e+00	7.337311e-01	-1.627729e+00	1.257154e+00	-1.666119e+00	3.450422e-01	3.062098e-01	2.702897e-01	5.583204e-02	9.366796e-01	8.241245e-01	7.671100e+00	
30  21.5414	-8.287982e+00	7.337311e-01	-1.627729e+00	1.257154e+00	-1.666119e+00	3.450422e-01	3.062098e-01	2.702897e-01	5.583204e-02	9.366796e-01	8.241248e-01	7.671100e+00	
20  21.5415	-8.427700e+00	7.337311e-01	-1.627729e+00	1.257154e+00	-1.666119e+00	3.450422e-01	3.062098e-01	2.702897e-01	5.583204e-02	9.366796e-01	8.241248e-01	7.671100e+00	
50  21.4716	-7.931931e+00	7.337311e-01	-1.627729e+00	1.257154e+00	-1.666119e+00	3.450422e-01	3.062098e-01	2.702897e-01	5.583204e-02	9.366796e-01	8.241245e-01	7.671100e+00	
338  21.4451	-7.908637e+00	7.337311e-01	-1.627729e+00	1.257154e+00	-1.666119e+00	3.450422e-01	3.062098e-01	2.702897e-01	5.583204e-02	9.366796e-01	8.241245e-01	7.671100e+00	
92  20.4516	-7.908637e+00	7.518129e-01	-8.317264e-01	1.257344e+00	-2.168403e+00	3.559617e-01	3.346133e-01	2.801441e-01	8.445648e-02	8.672275e-01	8.241245e-01	7.671100e+00	
20  20.5001	-8.234076e+00	7.518129e-01	-8.317264e-01	1.257344e+00	-2.168403e+00	3.559617e-01	3.346133e-01	2.801441e-01	8.445648e-02	8.672275e-01	8.241248e-01	7.671100e+00	
127  20.5002	-8.444251e+00	7.518129e-01	-8.317264e-01	1.257344e+00	-2.168403e+00	3.559617e-01	3.346133e-01	2.801441e-01	8.445648e-02	8.672275e-01	8.241248e-01	7.671100e+00	
83  20.655	-8.444251e+00	3.606745e-01	-7.730072e-01	1.334541e+00	-1.511029e+00	3.711147e-01	3.432232e-01	2.220808e-01	5.581603e-02	9.779044e-01	8.241248e-01	7.671100e+00	
40  20.3319	-7.887817e+00	3.606745e-01	-7.730072e-01	1.334541e+00	-1.511029e+00	3.711147e-01	3.432232e-01	2.220808e-01	5.581603e-02	9.779044e-01	8.241245e-01	7.671100e+00	
48  20.4047	-7.905098e+00	3.606745e-01	-7.730072e-01	1.334541e+00	-1.511029e+00	3.711147e-01	3.432232e-01	2.220808e-01	5.581603e-02	9.779044e-01	8.241245e-01	7.671100e+00	
72  19.8668	-7.905098e+00	6.638467e-01	-2.158989e+00	1.367453e+00	-1.942175e+00	3.756339e-01	2.899736e-01	2.148544e-01	5.295690e-02	8.855147e-01	8.241245e-01	7.671100e+00	
70  20.005	-8.270720e+00	6.638467e-01	-2.158989e+00	1.367453e+00	-1.942175e+00	3.756339e-01	2.899736e-01	2.148544e-01	5.295690e-02	8.855147e-01	8.241248e-01	7.671100e+00	
20  20.0051	-8.452913e+00	6.638467e-01	-2.158989e+00	1.367453e+00	-1.942175e+00	3.756339e-01	2.899736e-01	2.148544e-01	5.295690e-02	8.855147e-01	8.241248e-01	7.671100e+00	
30  20.0051	-8.386551e+00	6.638467e-01	-2.158989e+00	1.367453e+00	-1.942175e+00	3.756339e-01	2.899736e-01	2.148544e-01	5.295690e-02	8.855147e-01	8.241248e-01	7.671100e+00	
40  20.0051	-8.359165e+00	6.638467e-01	-2.158989e+00	1.367453e+00	-1.942175e+00	3.756339e-01	2.899736e-01	2.148544e-01	5.295690e-02	8.855147e-01	8.241248e-01	7.671100e+00	
40  20.0051	-8.499169e+00	6.638467e-01	-2.158989e+00	1.367453e+00	-1.942175e+00	3.756339e-01	2.899736e-01	2.148544e-01	5.295690e-02	8.855147e-01	8.241248e-01	7.671100e+00	
80  22.6221	-7.703368e+00	6.638467e-01	-2.158989e+00	1.367453e+00	-1.942175e+00	3.756339e-01	2.899736e-01	2.148544e-01	5.295690e-02	8.855147e-01	8.241239e-01	7.671100e+00	
70  22.7864	-7.449225e+00	6.638467e-01	-2.158989e+00	1.367453e+00	-1.942175e+00	3.756339e-01	2.899736e-01	2.148544e-01	5.295690e-02	8.855147e-01	8.241219e-01	7.671100e+00	
20  19.8449	-7.805390e+00	6.638467e-01	-2.158989e+00	1.367453e+00	-1.942175e+00	3.756339e-01	2.899736e-01	2.148544e-01	5.295690e-02	8.855147e-01	8.241243e-01	7.671100e+00	
10  20.0051	-8.442178e+00	6.638467e-01	-2.158989e+00	1.367453e+00	-1.942175e+00	3.756339e-01	2.899736e-01	2.148544e-01	5.295690e-02	8.855147e-01	8.241248e-01	7.671100e+00	
120  19.9945	-8.059964e+00	6.638467e-01	-2.158989e+00	1.367453e+00	-1.942175e+00	3.756339e-01	2.899736e-01	2.148544e-01	5.295690e-02	8.855147e-01	8.241247e-01	7.671100e+00	
40  19.9934	-8.050893e+00	6.638467e-01	-2.158989e+00	1.367453e+00	-1.942175e+00	3.756339e-01	2.899736e-01	2.148544e-01	5.295690e-02	8.855147e-01	8.241247e-01	7.671100e+00	
30  20.005	-8.296016e+00	6.638467e-01	-2.158989e+00	1.367453e+00	-1.942175e+00	3.756339e-01	2.899736e-01	2.148544e-01	5.295690e-02	8.855147e-01	8.241248e-01	7.671100e+00	
30  20.0051	-8.442813e+00	6.638467e-01	-2.158989e+00	1.367453e+00	-1.942175e+00	3.756339e-01	2.899736e-01	2.148544e-01	5.295690e-02	8.855147e-01	8.241248e-01	7.671100e+00	
10  20.005	-8.323415e+00	6.638467e-01	-2.158989e+00	1.367453e+00	-1.942175e+00	3.756339e-01	2.899736e-01	2.148544e-01	5.295690e-02	8.855147e-01	8.241248e-01	7.671100e+00	
20  20.0051	-8.477447e+00	6.638467e-01	-2.158989e+00	1.367453e+00	-1.942175e+00	3.756339e-01	2.899736e-01	2.148544e-01	5.295690e-02	8.855147e-01	8.241248e-01	7.671100e+00	
1  20.005	-8.288311e+00	6.638467e-01	-2.158989e+00	1.367453e+00	-1.942175e+00	3.756339e-01	2.899736e-01	2.148544e-01	5.295690e-02	8.855147e-01	8.241248e-01	7.671100e+00	
99  21.255	-8.288311e+00	6.380484e-01	-1.829331e+00	1.475002e+00	-1.853380e+00	3.885039e-01	2.765024e-01	1.905331e-01	8.859377e-02	8.707470e-01	8.241248e-01	7.671100e+00	
322  21.2098	-7.985569e+00	6.380484e-01	-1.829331e+00	1.475002e+00	-1.853380e+00	3.885039e-01	2.765024e-01	1.905331e-01	8.859377e-02	8.707470e-01	8.241246e-01	7.671100e+00	
58  21.2723	-7.985569e+00	1.340353e+00	-1.102196e+00	1.496697e+00	-1.223428e+00	3.747213e-01	3.132585e-01	1.649345e-01	6.364713e-02	9.520418e-01	8.241246e-01	7.671100e+00	
10  21.2775	-8.000508e+00	1.340353e+00	-1.102196e+00	1.496697e+00	-1.223428e+00	3.747213e-01	3.132585e-01	1.649345e-01	6.364713e-02	9.520418e-01	8.241246e-01	7.671100e+00	
40  21.3517	-7.820882e+00	1.340353e+00	-1.102196e+00	1.496697e+00	-1.223428e+00	3.747213e-01	3.132585e-01	1.649345e-01	6.364713e-02	9.520418e-01	8.241243e-01	7.671100e+00	
142  21.2934	-8.292354e+00	1.340353e+00	-1.102196e+00	1.496697e+00	-1.223428e+00	3.747213e-01	3.132585e-01	1.649345e-01	6.364713e-02	9.520418e-01	8.241248e-01	7.671100e+00	
109  21.9361	-8.292354e+00	1.248799e+00	-1.154951e+00	1.408421e+00	-2.900076e-01	4.008854e-01	3.411339e-01	1.957157e-01	4.577282e-02	7.546989e-01	8.241248e-01	7.671100e+00	
3  25.6893	-8.292354e+00	1.334416e+00	-1.575115e+00	1.466082e+00	-9.833699e-02	4.076556e-01	3.189014e-01	2.380588e-01	5.396506e-02	9.259461e-01	8.241248e-01	7.671100e+00	
40  24.3236	-8.292354e+00	8.942583e-01	-1.279513e+00	1.349322e+00	8.439531e-02	4.081423e-01	3.439274e-01	1.946807e-01	6.485073e-02	6.107019e-01	8.241248e-01	7.671100e+00	
16  21.4071	-8.292354e+00	1.080718e+00	-1.025648e+00	1.320412e+00	3.411614e-01	3.905596e-01	3.410380e-01	1.940232e-01	4.602504e-02	6.532604e-01	8.241248e-01	7.671100e+00	
21  21.4071	-8.243955e+00	1.080718e+00	-1.025648e+00	1.320412e+00	3.411614e-01	3.905596e-01	3.410380e-01	1.940232e-01	4.602504e-02	6.532604e-01	8.241248e-01	7.671100e+00	
99  21.7193	-8.243955e+00	9.464409e-01	-1.964919e+00	1.298527e+00	1.702592e+00	3.902442e-01	3.368566e-01	1.738922e-01	6.021662e-02	3.270725e-01	8.241248e-01	7.671100e+00	
2  21.7195	-8.475918e+00	9.464409e-01	-1.964919e+00	1.298527e+00	1.702592e+00	3.902442e-01	3.368566e-01	1.738922e-01	6.021662e-02	3.270725e-01	8.241248e-01	7.671100e+00	
42  21.3448	-8.475918e+00	9.713885e-01	-2.964402e+00	1.349915e+00	2.656872e+00	4.252173e-01	3.092638e-01	2.020246e-01	7.943044e-02	4.069126e-01	8.241248e-01	7.671100e+00	
1  20.6268	-8.475918e+00	1.027922e+00	-1.994097e+00	1.363163e+00	2.758464e+00	4.123701e-01	3.184926e-01	2.061468e-01	1.026717e-01	6.969857e-01	8.241248e-01	7.671100e+00	
60  21.0248	-8.475918e+00	9.227234e-01	-2.106353e+00	1.350209e+00	3.200294e+00	4.136068e-01	3.130436e-01	2.397589e-01	1.015339e-01	6.924498e-01	8.241248e-01	7.671100e+00	
35  20.9036	-8.475918e+00	1.154041e+00	-1.668648e+00	1.326817e+00	4.178377e+00	4.196130e-01	3.013011e-01	2.604196e-01	6.917935e-02	7.976727e-01	8.241248e-01	7.671100e+00	
40  20.9036	-8.438296e+00	1.154041e+00	-1.668648e+00	1.326817e+00	4.178377e+00	4.196130e-01	3.013011e-01	2.604196e-01	6.917935e-02	7.976727e-01	8.241248e-01	7.671100e+00	
60  20.9035	-8.253908e+00	1.154041e+00	-1.668648e+00	1.326817e+00	4.178377e+00	4.196130e-01	3.013011e-01	2.604196e-01	6.917935e-02	7.976727e-01	8.241248e-01	7.671100e+00	
40  20.9028	-8.197221e+00	1.154041e+00	-1.668648e+00	1.326817e+00	4.178377e+00	4.196130e-01	3.013011e-01	2.604196e-01	6.917935e-02	7.976727e-01	8.241247e-01	7.671100e+00	
4  20.9036	-8.448619e+00	1.154041e+00	-1.668648e+00	1.326817e+00	4.178377e+00	4.196130e-01	3.013011e-01	2.604196e-01	6.917935e-02	7.976727e-01	8.241248e-01	7.671100e+00	
46  21.9243	-8.448619e+00	1.195187e+00	-1.609929e+00	1.218330e+00	4.644817e+00	4.285572e-01	3.087414e-01	2.332306e-01	5.679742e-02	3.057351e-01	8.241248e-01	7.671100e+00	
52  21.9244	-8.301524e+00	1.195187e+00	-1.609929e+00	1.218330e+00	4.644817e+00	4.285572e-01	3.087414e-01	2.332306e-01	5.679742e-02	3.057351e-01	8.241248e-01	7.671100e+00	
113  22.3232	-8.301524e+00	1.311054e+00	-2.624035e+00	1.192277e+00	4.487793e+00	4.183482e-01	3.062568e-01	2.354018e-01	8.713517e-02	8.673324e-01	8.241248e-01	7.671100e+00	
23  22.3197	-8.301524e+00	1.546561e+00	-1.072305e+00	1.251174e+00	4.718051e+00	4.609667e-01	3.481880e-01	2.476635e-01	4.178176e-02	8.309793e-01	8.241248e-01	7.671100e+00	
30  21.5398	-8.301524e+00	1.635045e+00	-1.104218e+00	1.247190e+00	4.422281e+00	4.434058e-01	3.518032e-01	2.842004e-01	6.709569e-02	9.431523e-01	8.241248e-01	7.671100e+00	
21  22.9182	-8.301524e+00	1.447799e+00	-6.840371e-01	1.185957e+00	4.943905e+00	4.307414e-01	3.552593e-01	2.319060e-01	4.548560e-02	5.328039e-01	8.241248e-01	7.671100e+00	
61  23.4415	-8.301524e+00	1.505831e+00	-1.775086e+00	1.156371e+00	4.671565e+00	3.946498e-01	3.496609e-01	1.845850e-01	1.159499e-01	9.369539e-01	8.241248e-01	7.671100e+00	
9  23.2936	-7.896109e+00	1.505831e+00	-1.775086e+00	1.156371e+00	4.671565e+00	3.946498e-01	3.496609e-01	1.845850e-01	1.159499e-01	9.369539e-01	8.241245e-01	7.671100e+00	
28  25.7029	-7.896109e+00	1.229307e+00	-1.795408e+00	1.196965e+00	2.864516e+00	3.863118e-01	3.254652e-01	1.355529e-01	7.101077e-02	9.562125e-01	8.241245e-01	7.671100e+00	
23  21.7439	-7.896109e+00	1.595322e+00	-1.638133e+00	1.227312e+00	3.053933e+00	4.269805e-01	3.957225e-01	1.877368e-01	3.097284e-02	9.678219e-01	8.241245e-01	7.671100e+00	
20  21.714	-8.246972e+00	1.595322e+00	-1.638133e+00	1.227312e+00	3.053933e+00	4.269805e-01	3.957225e-01	1.877368e-01	3.097284e-02	9.678219e-01	8.241248e-01	7.671100e+00	
90  21.7138	-8.107841e+00	1.595322e+00	-1.638133e+00	1.227312e+00	3.053933e+00	4.269805e-01	3.957225e-01	1.877368e-01	3.097284e-02	9.678219e-01	8.241247e-01	7.671100e+00	
30  21.7138	-8.116836e+00	1.595322e+00	-1.638133e+00	1.227312e+00	3.053933e+00	4.269805e-01	3.957225e-01	1.877368e-01	3.097284e-02	9.678219e-01	8.241247e-01	7.671100e+00	
74  21.714	-8.250576e+00	1.595322e+00	-1.638133e+00	1.227312e+00	3.053933e+00	4.269805e-01	3.957225e-01	1.877368e-01	3.097284e-02	9.678219e-01	8.241248e-01	7.671100e+00	
36  21.8951	-8.250576e+00	1.831127e+00	-3.226454e+00	1.337511e+00	2.976818e+00	4.729298e-01	3.654786e-01	2.345612e-01	6.002501e-02	8.400701e-01	8.241248e-01	7.671100e+00	
97  21.9001	-8.105792e+00	1.831127e+00	-3.226454e+00	1.337511e+00	2.976818e+00	4.729298e-01	3.654786e-01	2.345612e-01	6.002501e-02	8.400701e-01	8.241247e-01	7.671100e+00	
91  22.114	-8.105792e+00	1.930807e+00	-3.394774e+00	1.360807e+00	3.662420e+00	4.802759e-01	3.952211e-01	2.924387e-01	7.970972e-02	7.096326e-01	8.241247e-01	7.671100e+00	
62  21.3888	-8.105792e+00	1.671382e+00	-3.572411e+00	1.359400e+00	3.562480e+00	5.008343e-01	3.629974e-01	2.919552e-01	5.077072e-02	8.659042e-01	8.241247e-01	7.671100e+00	
132  21.3879	-8.113833e+00	1.671382e+00	-3.572411e+00	1.359400e+00	3.562480e+00	5.008343e-01	3.629974e-01	2.919552e-01	5.077072e-02	8.659042e-01	8.241247e-01	7.671100e+00	
2  21.9586	-8.113833e+00	1.665145e+00	-4.188353e+00	1.330505e+00	3.047668e+00	4.652718e-01	3.446357e-01	2.605209e-01	9.179232e-02	8.759606e-01	8.241247e-01	7.671100e+00	
26  21.7321	-8.113833e+00	1.886372e+00	-4.359753e+00	1.322426e+00	3.947118e+00	5.118437e-01	3.712272e-01	2.657336e-01	8.171173e-02	7.374794e-01	8.241247e-01	7.671100e+00	
136  21.7233	-8.288609e+00	1.886372e+00	-4.359753e+00	1.322426e+00	3.947118e+00	5.118437e-01	3.712272e-01	2.657336e-01	8.171173e-02	7.374794e-01	8.241248e-01	7.671100e+00	
20  21.6307	-8.288609e+00	1.656121e+00	-4.146454e+00	1.298254e+00	4.118297e+00	4.786473e-01	3.168092e-01	2.251949e-01	8.445403e-02	9.410458e-01	8.241248e-01	7.671100e+00	
64  22.3858	-8.288609e+00	1.277014e+00	-3.144487e+00	1.300704e+00	4.687765e+00	4.679466e-01	3.263584e-01	2.018550e-01	1.613389e-01	9.618704e-01	8.241248e-01	7.671100e+00	
55  22.3858	-8.416323e+00	1.277014e+00	-3.144487e+00	1.300704e+00	4.687765e+00	4.679466e-01	3.263584e-01	2.018550e-01	1.613389e-01	9.618704e-01	8.241248e-01	7.671100e+00	
2  21.2497	-8.416323e+00	1.660163e+00	-3.076309e+00	1.297225e+00	3.668145e+00	4.511554e-01	3.734360e-01	2.592642e-01	1.516205e-01	8.236389e-01	8.241248e-01	7.671100e+00	
4  24.0968	-8.416323e+00	1.779257e+00	-3.055232e+00	1.289937e+00	4.790356e+00	3.999544e-01	3.645276e-01	2.543021e-01	1.221230e-01	8.143047e-01	8.241248e-01	7.671100e+00	
6  22.3872	-8.416323e+00	1.824368e+00	-2.178909e+00	1.206833e+00	4.247876e+00	4.556180e-01	4.177358e-01	2.270198e-01	6.396558e-02	8.643226e-01	8.241248e-01	7.671100e+00	
56  22.0987	-8.416323e+00	1.457179e+00	-2.695956e+00	1.352853e+00	4.380151e+00	4.655484e-01	4.047460e-01	2.319264e-01	7.134518e-02	8.574205e-01	8.241248e-01	7.671100e+00	
2  21.0269	-8.416323e+00	1.411398e+00	-2.393762e+00	1.268662e+00	4.842822e+00	4.431651e-01	3.849044e-01	2.479539e-01	5.591204e-02	9.215698e-01	8.241248e-01	7.671100e+00	
46  20.5081	-8.416323e+00	1.618633e+00	-3.162068e+00	1.102046e+00	3.727045e+00	4.536118e-01	4.234354e-01	2.524018e-01	5.849161e-02	7.849624e-01	8.241248e-01	7.671100e+00	
27  21.8721	-8.416323e+00	1.816255e+00	-3.104309e+00	1.179060e+00	3.619214e+00	4.630429e-01	4.006547e-01	2.264618e-01	1.298332e-01	8.347689e-01	8.241248e-01	7.671100e+00	
183  21.0702	-8.416323e+00	1.728199e+00	-2.593349e+00	1.130856e+00	3.738093e+00	5.120967e-01	3.982128e-01	2.197458e-01	1.049072e-01	9.326391e-01	8.241248e-01	7.671100e+00	
19  20.7082	-8.416323e+00	1.629470e+00	-2.872793e+00	1.163880e+00	4.309806e+00	5.185280e-01	4.005450e-01	2.279755e-01	8.821943e-02	8.294536e-01	8.241248e-01	7.671100e+00	
36  20.7635	-7.976952e+00	1.629470e+00	-2.872793e+00	1.163880e+00	4.309806e+00	5.185280e-01	4.005450e-01	2.279755e-01	8.821943e-02	8.294536e-01	8.241246e-01	7.671100e+00	
4  21.4394	-7.976952e+00	1.823321e+00	-2.059725e+00	1.127347e+00	4.615056e+00	4.511810e-01	4.072248e-01	3.054470e-01	1.136962e-01	8.355087e-01	8.241246e-01	7.671100e+00	
28  21.3619	-8.283911e+00	1.823321e+00	-2.059725e+00	1.127347e+00	4.615056e+00	4.511810e-01	4.072248e-01	3.054470e-01	1.136962e-01	8.355087e-01	8.241248e-01	7.671100e+00	
7  22.4557	-8.283911e+00	1.758732e+00	-4.059310e+00	1.259555e+00	4.080448e+00	4.620223e-01	4.196150e-01	3.052377e-01	1.528491e-01	9.377968e-01	8.241248e-01	7.671100e+00	
83  21.8434	-8.283911e+00	1.570563e+00	-3.042560e+00	1.374900e+00	4.839000e+00	4.375610e-01	3.554262e-01	2.922164e-01	1.512638e-01	5.640084e-01	8.241248e-01	7.671100e+00	
5  24.4703	-8.283911e+00	1.900556e+00	-3.940799e+00	1.272925e+00	3.845112e+00	4.922789e-01	3.585727e-01	2.457831e-01	1.115284e-01	6.115069e-01	8.241248e-01	7.671100e+00	
17  25.2044	-8.283911e+00	1.879230e+00	-3.900921e+00	1.284354e+00	3.554997e+00	5.256650e-01	3.396418e-01	2.997964e-01	1.070731e-01	6.415930e-01	8.241248e-01	7.671100e+00	
47  25.204	-8.472859e+00	1.879230e+00	-3.900921e+00	1.284354e+00	3.554997e+00	5.256650e-01	3.396418e-01	2.997964e-01	1.070731e-01	6.415930e-01	8.241248e-01	7.671100e+00	
3  25.4601	-8.472859e+00	1.980133e+00	-3.692926e+00	1.228377e+00	4.032972e+00	4.830344e-01	3.190236e-01	3.020931e-01	1.178401e-01	9.834384e-01	8.241248e-01	7.671100e+00	
20  25.4601	-8.205628e+00	1.980133e+00	-3.692926e+00	1.228377e+00	4.032972e+00	4.830344e-01	3.190236e-01	3.020931e-01	1.178401e-01	9.834384e-01	8.241248e-01	7.671100e+00	
40  25.4601	-8.370008e+00	1.980133e+00	-3.692926e+00	1.228377e+00	4.032972e+00	4.830344e-01	3.190236e-01	3.020931e-01	1.178401e-01	9.834384e-01	8.241248e-01	7.671100e+00	
7  25.5532	-7.878397e+00	1.980133e+00	-3.692926e+00	1.228377e+00	4.032972e+00	4.830344e-01	3.190236e-01	3.020931e-01	1.178401e-01	9.834384e-01	8.241244e-01	7.671100e+00	
53  23.3102	-7.878397e+00	1.715712e+00	-4.421907e+00	1.265777e+00	3.928480e+00	4.827063e-01	3.508387e-01	2.859801e-01	8.842252e-02	6.511705e-01	8.241244e-01	7.671100e+00	
30  22.4868	-8.367816e+00	1.715712e+00	-4.421907e+00	1.265777e+00	3.928480e+00	4.827063e-01	3.508387e-01	2.859801e-01	8.842252e-02	6.511705e-01	8.241248e-01	7.671100e+00	
5  22.4868	-8.368982e+00	1.715712e+00	-4.421907e+00	1.265777e+00	3.928480e+00	4.827063e-01	3.508387e-01	2.859801e-01	8.842252e-02	6.511705e-01	8.241248e-01	7.671100e+00	
16  20.7846	-8.368982e+00	1.631275e+00	-4.310220e+00	1.278078e+00	3.868811e+00	5.019067e-01	3.607441e-01	2.439958e-01	7.487036e-02	9.454019e-01	8.241248e-01	7.671100e+00	
19  21.4614	-8.368982e+00	1.637341e+00	-2.884929e+00	1.257647e+00	3.905791e+00	4.122796e-01	3.555953e-01	2.568668e-01	1.037360e-01	9.306075e-01	8.241248e-01	7.671100e+00	
23  21.464	-8.079888e+00	1.637341e+00	-2.884929e+00	1.257647e+00	3.905791e+00	4.122796e-01	3.555953e-01	2.568668e-01	1.037360e-01	9.306075e-01	8.241247e-01	7.671100e+00	
17  21.8441	-8.079888e+00	1.558538e+00	-2.707759e+00	1.275659e+00	4.328329e+00	4.348026e-01	3.141784e-01	2.661482e-01	7.824528e-02	9.279105e-01	8.241247e-01	7.671100e+00	
13  21.8467	-8.443068e+00	1.558538e+00	-2.707759e+00	1.275659e+00	4.328329e+00	4.348026e-01	3.141784e-01	2.661482e-01	7.824528e-02	9.279105e-01	8.241248e-01	7.671100e+00	
21  21.17	-8.443068e+00	1.586722e+00	-1.684521e+00	1.264907e+00	4.644638e+00	4.539940e-01	3.535797e-01	2.650474e-01	7.573896e-02	8.070256e-01	8.241248e-01	7.671100e+00	
16  20.8589	-8.443068e+00	1.493881e+00	-2.490630e+00	1.278131e+00	4.897287e+00	4.313313e-01	3.373683e-01	2.380361e-01	8.894056e-02	9.168268e-01	8.241248e-01	7.671100e+00	
20  20.8575	-8.092823e+00	1.493881e+00	-2.490630e+00	1.278131e+00	4.897287e+00	4.313313e-01	3.373683e-01	2.380361e-01	8.894056e-02	9.168268e-01	8.241247e-01	7.671100e+00	
70  20.8519	-7.991486e+00	1.493881e+00	-2.490630e+00	1.278131e+00	4.897287e+00	4.313313e-01	3.373683e-01	2.380361e-01	8.894056e-02	9.168268e-01	8.241246e-01	7.671100e+00	
28  20.8589	-8.476345e+00	1.493881e+00	-2.490630e+00	1.278131e+00	4.897287e+00	4.313313e-01	3.373683e-01	2.380361e-01	8.894056e-02	9.168268e-01	8.241248e-01	7.671100e+00	
2  23.1041	-8.476345e+00	1.503527e+00	-2.407387e+00	1.400900e+00	3.077397e+00	4.298828e-01	3.140268e-01	2.680784e-01	1.212011e-01	6.353309e-01	8.241248e-01	7.671100e+00	
11  24.8205	-7.804738e+00	1.503527e+00	-2.407387e+00	1.400900e+00	3.077397e+00	4.298828e-01	3.140268e-01	2.680784e-01	1.212011e-01	6.353309e-01	8.241243e-01	7.671100e+00	
11  27.0133	-7.804738e+00	1.210409e+00	-5.292176e-01	1.338228e+00	3.130968e+00	4.085896e-01	2.548747e-01	2.112347e-01	8.884724e-02	8.827872e-01	8.241243e-01	7.671100e+00	
5  25.0615	-7.804738e+00	4.734328e-01	-8.912773e-01	1.298309e+00	3.878351e+00	4.614664e-01	3.116885e-01	2.434710e-01	8.937817e-02	8.822932e-01	8.241243e-01	7.671100e+00	
16  25.6784	-7.804738e+00	5.804402e-01	-1.161238e+00	1.342639e+00	3.360533e+00	4.700301e-01	2.990394e-01	2.123057e-01	8.544830e-02	8.503697e-01	8.241243e-01	7.671100e+00	
29  23.4094	-7.804738e+00	1.221867e+00	-1.398872e+00	1.398275e+00	3.078584e+00	3.873366e-01	2.835881e-01	1.578761e-01	8.363586e-02	9.154663e-01	8.241243e-01	7.671100e+00	
175  21.2036	-7.804738e+00	8.969923e-01	-1.001896e+00	1.402670e+00	2.116371e+00	3.754274e-01	2.961589e-01	1.618322e-01	3.911187e-02	8.344724e-01	8.241243e-01	7.671100e+00	
38  24.7808	-7.804738e+00	5.079023e-01	-1.584672e+00	1.376261e+00	1.660321e+00	3.476104e-01	3.125956e-01	1.915837e-01	1.112959e-01	8.468541e-01	8.241243e-01	7.671100e+00	
31  27.3098	-7.804738e+00	5.542870e-01	-1.474036e+00	1.394969e+00	1.112640e+00	3.584436e-01	3.236463e-01	2.066848e-01	4.476376e-02	9.361440e-01	8.241243e-01	7.671100e+00	
4  20.9004	-7.804738e+00	8.170229e-01	-2.437012e+00	1.417000e+00	-4.568547e-01	3.788231e-01	2.919965e-01	1.752948e-01	4.075012e-02	4.942553e-01	8.241243e-01	7.671100e+00	
210  20.9241	-7.955566e+00	8.170229e-01	-2.437012e+00	1.417000e+00	-4.568547e-01	3.788231e-01	2.919965e-01	1.752948e-01	4.075012e-02	4.942553e-01	8.241246e-01	7.671100e+00	
120  20.946	-7.984094e+00	8.170229e-01	-2.437012e+00	1.417000e+00	-4.568547e-01	3.788231e-01	2.919965e-01	1.752948e-01	4.075012e-02	4.942553e-01	8.241246e-01	7.671100e+00	
70  21.1163	-7.786028e+00	8.170229e-01	-2.437012e+00	1.417000e+00	-4.568547e-01	3.788231e-01	2.919965e-01	1.752948e-01	4.075012e-02	4.942553e-01	8.241242e-01	7.671100e+00	
16  20.9787	-8.119208e+00	8.170229e-01	-2.437012e+00	1.417000e+00	-4.568547e-01	3.788231e-01	2.919965e-01	1.752948e-01	4.075012e-02	4.942553e-01	8.241247e-01	7.671100e+00	
44  21.6507	-8.119208e+00	1.094633e+00	-1.739895e+00	1.345850e+00	-6.062514e-01	3.894658e-01	2.998351e-01	1.832347e-01	4.964751e-02	8.399896e-01	8.241247e-01	7.671100e+00	
3  21.652	-8.468868e+00	1.094633e+00	-1.739895e+00	1.345850e+00	-6.062514e-01	3.894658e-01	2.998351e-01	1.832347e-01	4.964751e-02	8.399896e-01	8.241248e-01	7.671100e+00	
127  20.0332	-8.468868e+00	1.111157e+00	-2.404271e+00	1.399757e+00	-9.206101e-01	3.838703e-01	3.303392e-01	2.145031e-01	7.711081e-02	6.431714e-01	8.241248e-01	7.671100e+00	
20  20.0332	-8.296347e+00	1.111157e+00	-2.404271e+00	1.399757e+00	-9.206101e-01	3.838703e-01	3.303392e-01	2.145031e-01	7.711081e-02	6.431714e-01	8.241248e-01	7.671100e+00	
138  20.0333	-8.213177e+00	1.111157e+00	-2.404271e+00	1.399757e+00	-9.206101e-01	3.838703e-01	3.303392e-01	2.145031e-01	7.711081e-02	6.431714e-01	8.241248e-01	7.671100e+00	
1  20.8501	-8.213177e+00	1.146762e+00	-2.608743e+00	1.304047e+00	-1.192050e-01	3.703330e-01	3.359063e-01	1.919588e-01	6.095060e-02	5.543354e-01	8.241248e-01	7.671100e+00	
21  20.9526	-8.213177e+00	1.332047e+00	-2.808212e+00	1.223075e+00	1.419772e+00	4.238928e-01	3.878963e-01	1.914217e-01	6.679544e-02	9.076334e-01	8.241248e-01	7.671100e+00	
30  21.6056	-7.849773e+00	1.332047e+00	-2.808212e+00	1.223075e+00	1.419772e+00	4.238928e-01	3.878963e-01	1.914217e-01	6.679544e-02	9.076334e-01	8.241244e-01	7.671100e+00	
109  20.9674	-8.049001e+00	1.332047e+00	-2.808212e+00	1.223075e+00	1.419772e+00	4.238928e-01	3.878963e-01	1.914217e-01	6.679544e-02	9.076334e-01	8.241247e-01	7.671100e+00	
164  20.8796	-8.049001e+00	1.210432e+00	-2.704644e+00	1.158511e+00	2.013365e+00	4.487931e-01	3.589380e-01	1.921499e-01	5.248107e-02	7.107991e-01	8.241247e-01	7.671100e+00	
37  21.1016	-8.049001e+00	1.049567e+00	-3.486947e+00	1.028026e+00	1.770413e+00	4.215413e-01	3.412367e-01	1.933338e-01	7.593956e-02	2.115649e-01	8.241247e-01	7.671100e+00	
190  21.1046	-8.141408e+00	1.049567e+00	-3.486947e+00	1.028026e+00	1.770413e+00	4.215413e-01	3.412367e-01	1.933338e-01	7.593956e-02	2.115649e-01	8.241247e-01	7.671100e+00	
40  21.1037	-8.095376e+00	1.049567e+00	-3.486947e+00	1.028026e+00	1.770413e+00	4.215413e-01	3.412367e-01	1.933338e-01	7.593956e-02	2.115649e-01	8.241247e-01	7.671100e+00	
90  21.1022	-8.057160e+00	1.049567e+00	-3.486947e+00	1.028026e+00	1.770413e+00	4.215413e-01	3.412367e-01	1.933338e-01	7.593956e-02	2.115649e-01	8.241247e-01	7.671100e+00	
10  21.0818	-7.900210e+00	1.049567e+00	-3.486947e+00	1.028026e+00	1.770413e+00	4.215413e-01	3.412367e-01	1.933338e-01	7.593956e-02	2.115649e-01	8.241245e-01	7.671100e+00	
170  21.1327	-7.854574e+00	1.049567e+00	-3.486947e+00	1.028026e+00	1.770413e+00	4.215413e-01	3.412367e-01	1.933338e-01	7.593956e-02	2.115649e-01	8.241244e-01	7.671100e+00	
10  21.103	-8.073414e+00	1.049567e+00	-3.486947e+00	1.028026e+00	1.770413e+00	4.215413e-01	3.412367e-01	1.933338e-01	7.593956e-02	2.115649e-01	8.241247e-01	7.671100e+00	
28  21.1015	-8.047292e+00	1.049567e+00	-3.486947e+00	1.028026e+00	1.770413e+00	4.215413e-01	3.412367e-01	1.933338e-01	7.593956e-02	2.115649e-01	8.241247e-01	7.671100e+00	
7  22.8858	-8.047292e+00	1.019929e+00	-3.134587e+00	1.186262e+00	9.000992e-01	3.996044e-01	3.435056e-01	2.083164e-01	1.063380e-01	4.636835e-01	8.241247e-01	7.671100e+00	
11  23.6305	-8.047292e+00	1.166707e+00	-2.598334e+00	1.342058e+00	-1.404423e+00	3.823796e-01	3.135304e-01	2.293053e-01	4.523688e-02	3.769209e-01	8.241247e-01	7.671100e+00	
184  21.2891	-8.047292e+00	1.189981e+00	-2.204628e+00	1.303964e+00	-1.262501e+00	3.814339e-01	3.607862e-01	2.290906e-01	4.646559e-02	7.828094e-01	8.241247e-01	7.671100e+00	
19  21.285	-8.359282e+00	1.189981e+00	-2.204628e+00	1.303964e+00	-1.262501e+00	3.814339e-01	3.607862e-01	2.290906e-01	4.646559e-02	7.828094e-01	8.241248e-01	7.671100e+00	
17  21.6513	-8.359282e+00	1.043283e+00	-2.588287e+00	1.299281e+00	-7.831633e-01	4.098194e-01	3.363804e-01	2.211094e-01	8.243491e-02	7.250698e-01	8.241248e-01	7.671100e+00	
84  20.917	-8.359282e+00	9.133424e-01	-1.025924e+00	1.323285e+00	-1.692641e+00	3.655558e-01	3.382453e-01	2.657535e-01	8.472066e-02	6.997004e-01	8.241248e-01	7.671100e+00	
39  20.9201	-7.902339e+00	9.133424e-01	-1.025924e+00	1.323285e+00	-1.692641e+00	3.655558e-01	3.382453e-01	2.657535e-01	8.472066e-02	6.997004e-01	8.241245e-01	7.671100e+00	
13  20.4564	-7.902339e+00	5.565146e-01	-7.929906e-01	1.256337e+00	-1.903843e+00	3.687427e-01	3.205529e-01	2.634172e-01	1.084062e-01	8.987920e-01	8.241245e-01	7.671100e+00	
8  20.6954	-7.902339e+00	7.639896e-01	-1.022951e-01	1.266896e+00	-2.106677e+00	3.636147e-01	2.841914e-01	2.734295e-01	7.151555e-02	9.790326e-01	8.241245e-01	7.671100e+00	
50  20.7799	-8.002149e+00	7.639896e-01	-1.022951e-01	1.266896e+00	-2.106677e+00	3.636147e-01	2.841914e-01	2.734295e-01	7.151555e-02	9.790326e-01	8.241246e-01	7.671100e+00	
29  20.6864	-7.826008e+00	7.639896e-01	-1.022951e-01	1.266896e+00	-2.106677e+00	3.636147e-01	2.841914e-01	2.734295e-01	7.151555e-02	9.790326e-01	8.241243e-01	7.671100e+00	
21  23.8137	-7.826008e+00	9.094495e-01	-1.247425e+00	1.248040e+00	-2.073560e+00	3.434691e-01	2.810266e-01	2.410825e-01	7.872321e-02	9.149716e-01	8.241243e-01	7.671100e+00	
90  24.6524	-8.137263e+00	9.094495e-01	-1.247425e+00	1.248040e+00	-2.073560e+00	3.434691e-01	2.810266e-01	2.410825e-01	7.872321e-02	9.149716e-01	8.241247e-01	7.671100e+00	
11  24.3058	-7.733723e+00	9.094495e-01	-1.247425e+00	1.248040e+00	-2.073560e+00	3.434691e-01	2.810266e-01	2.410825e-01	7.872321e-02	9.149716e-01	8.241240e-01	7.671100e+00	
9  23.6228	-7.733723e+00	8.319860e-01	-1.702473e+00	1.264387e+00	-1.581528e+00	3.722292e-01	3.370601e-01	2.007878e-01	6.877763e-02	3.926525e-01	8.241240e-01	7.671100e+00	
30  23.6811	-7.730179e+00	8.319860e-01	-1.702473e+00	1.264387e+00	-1.581528e+00	3.722292e-01	3.370601e-01	2.007878e-01	6.877763e-02	3.926525e-01	8.241240e-01	7.671100e+00	
20  24.9959	-8.129472e+00	8.319860e-01	-1.702473e+00	1.264387e+00	-1.581528e+00	3.722292e-01	3.370601e-01	2.007878e-01	6.877763e-02	3.926525e-01	8.241247e-01	7.671100e+00	
68  24.9963	-8.127265e+00	8.319860e-01	-1.702473e+00	1.264387e+00	-1.581528e+00	3.722292e-01	3.370601e-01	2.007878e-01	6.877763e-02	3.926525e-01	8.241247e-01	7.671100e+00	
35  23.2431	-8.127265e+00	1.255203e+00	-2.595164e+00	1.232474e+00	-1.877457e+00	3.839409e-01	3.486632e-01	2.361828e-01	8.475242e-02	6.093935e-01	8.241247e-01	7.671100e+00	
30  22.7296	-8.127265e+00	7.258540e-01	-2.756103e+00	1.331895e+00	-2.407558e+00	3.802297e-01	3.403408e-01	2.953449e-01	3.839222e-02	9.406271e-01	8.241247e-01	7.671100e+00	
25  25.2266	-8.127265e+00	1.084153e+00	-2.692126e+00	1.441559e+00	-1.816502e+00	4.083492e-01	3.067606e-01	3.063291e-01	7.927615e-02	6.273812e-01	8.241247e-01	7.671100e+00	
2  24.2339	-8.127265e+00	8.716682e-01	-2.258787e+00	1.333067e+00	-2.574507e+00	4.113170e-01	3.367347e-01	2.878397e-01	5.538320e-02	7.028318e-01	8.241247e-01	7.671100e+00	
13  24.631	-7.826134e+00	8.716682e-01	-2.258787e+00	1.333067e+00	-2.574507e+00	4.113170e-01	3.367347e-01	2.878397e-01	5.538320e-02	7.028318e-01	8.241243e-01	7.671100e+00	
22  21.8392	-7.826134e+00	7.234637e-01	-2.015226e+00	1.344200e+00	-1.134949e+00	3.720768e-01	3.658353e-01	2.689487e-01	5.339624e-02	7.267853e-01	8.241243e-01	7.671100e+00	
35  21.5585	-7.826134e+00	8.277244e-01	-6.347633e-01	1.297692e+00	-1.682273e+00	3.819744e-01	3.499996e-01	2.721144e-01	1.084075e-01	7.184143e-01	8.241243e-01	7.671100e+00	
167  21.2384	-8.227869e+00	8.277244e-01	-6.347633e-01	1.297692e+00	-1.682273e+00	3.819744e-01	3.499996e-01	2.721144e-01	1.084075e-01	7.184143e-01	8.241248e-01	7.671100e+00	
16  21.8005	-8.227869e+00	1.080695e+00	-1.199228e+00	1.375502e+00	-1.323425e+00	3.694712e-01	3.302770e-01	2.038042e-01	1.016561e-01	9.114794e-01	8.241248e-01	7.671100e+00	
177  21.3977	-8.227869e+00	1.275464e+00	-8.833887e-01	1.486995e+00	-1.820498e+00	3.616905e-01	3.199942e-01	1.918892e-01	8.370032e-02	9.014993e-01	8.241248e-01	7.671100e+00	
80  21.3963	-7.954402e+00	1.275464e+00	-8.833887e-01	1.486995e+00	-1.820498e+00	3.616905e-01	3.199942e-01	1.918892e-01	8.370032e-02	9.014993e-01	8.241246e-01	7.671100e+00	
170  21.3977	-8.302793e+00	1.275464e+00	-8.833887e-01	1.486995e+00	-1.820498e+00	3.616905e-01	3.199942e-01	1.918892e-01	8.370032e-02	9.014993e-01	8.241248e-01	7.671100e+00	
150  21.3977	-8.209302e+00	1.275464e+00	-8.833887e-01	1.486995e+00	-1.820498e+00	3.616905e-01	3.199942e-01	1.918892e-01	8.370032e-02	9.014993e-01	8.241248e-01	7.671100e+00	
1  21.396	-8.018286e+00	1.275464e+00	-8.833887e-01	1.486995e+00	-1.820498e+00	3.616905e-01	3.199942e-01	1.918892e-01	8.370032e-02	9.014993e-01	8.241246e-01	7.671100e+00	
8  22.528	-8.018286e+00	1.055623e+00	-1.672631e+00	1.534402e+00	-2.474109e+00	4.272483e-01	3.167912e-01	2.274297e-01	7.350176e-02	8.037680e-01	8.241246e-01	7.671100e+00	
13  22.7837	-8.018286e+00	1.133143e+00	-3.019316e+00	1.650787e+00	-2.391744e+00	4.039362e-01	3.193385e-01	2.128323e-01	1.245706e-01	8.091291e-01	8.241246e-01	7.671100e+00	
28  21.3951	-8.018286e+00	1.277441e+00	-3.566905e+00	1.631450e+00	-3.044757e+00	4.417321e-01	3.490317e-01	2.517369e-01	1.172695e-01	6.401707e-01	8.241246e-01	7.671100e+00	
41  21.3736	-8.366831e+00	1.277441e+00	-3.566905e+00	1.631450e+00	-3.044757e+00	4.417321e-01	3.490317e-01	2.517369e-01	1.172695e-01	6.401707e-01	8.241248e-01	7.671100e+00	
9  21.5229	-8.366831e+00	1.580175e+00	-4.504416e+00	1.565924e+00	-4.299485e+00	4.585569e-01	4.125696e-01	2.450590e-01	1.275643e-01	8.029525e-01	8.241248e-01	7.671100e+00	
90  21.5268	-8.126836e+00	1.580175e+00	-4.504416e+00	1.565924e+00	-4.299485e+00	4.585569e-01	4.125696e-01	2.450590e-01	1.275643e-01	8.029525e-01	8.241247e-01	7.671100e+00	
30  21.523	-8.341568e+00	1.580175e+00	-4.504416e+00	1.565924e+00	-4.299485e+00	4.585569e-01	4.125696e-01	2.450590e-01	1.275643e-01	8.029525e-01	8.241248e-01	7.671100e+00	
31  21.6352	-7.941514e+00	1.580175e+00	-4.504416e+00	1.565924e+00	-4.299485e+00	4.585569e-01	4.125696e-01	2.450590e-01	1.275643e-01	8.029525e-01	8.241245e-01	7.671100e+00	
28  22.1542	-7.941514e+00	1.649775e+00	-2.982574e+00	1.586542e+00	-2.768783e+00	4.964728e-01	3.985111e-01	2.164506e-01	1.125305e-01	9.021890e-01	8.241245e-01	7.671100e+00	
52  21.7707	-7.941514e+00	1.566793e+00	-3.091323e+00	1.645979e+00	-3.086501e+00	4.815221e-01	3.500528e-01	1.880377e-01	1.323644e-01	9.956498e-01	8.241245e-01	7.671100e+00	
29  22.612	-7.941514e+00	1.289675e+00	-3.021189e+00	1.699211e+00	-3.100277e+00	4.874647e-01	3.674419e-01	1.776921e-01	1.075915e-01	8.091294e-01	8.241245e-01	7.671100e+00	
53  22.5624	-8.419312e+00	1.289675e+00	-3.021189e+00	1.699211e+00	-3.100277e+00	4.874647e-01	3.674419e-01	1.776921e-01	1.075915e-01	8.091294e-01	8.241248e-01	7.671100e+00	
34  24.6919	-8.419312e+00	1.293451e+00	-3.619549e+00	1.657607e+00	-4.570261e+00	4.359365e-01	3.300044e-01	1.647058e-01	1.270076e-01	9.557310e-01	8.241248e-01	7.671100e+00	
53  22.9079	-8.419312e+00	1.493374e+00	-3.598371e+00	1.664502e+00	-4.402357e+00	4.478629e-01	4.035631e-01	2.086133e-01	1.255471e-01	8.351705e-01	8.241248e-01	7.671100e+00	
21  22.9323	-7.989526e+00	1.493374e+00	-3.598371e+00	1.664502e+00	-4.402357e+00	4.478629e-01	4.035631e-01	2.086133e-01	1.255471e-01	8.351705e-01	8.241246e-01	7.671100e+00	
39  21.2721	-7.989526e+00	1.674037e+00	-3.567984e+00	1.652721e+00	-4.602015e+00	4.566783e-01	4.057182e-01	2.484656e-01	1.241940e-01	9.999668e-01	8.241246e-01	7.671100e+00	
