20  1e+30	-5.609219e+00	7.400000e-01	-4.380000e+00	1.450000e+00	-1.930000e+00	3.500000e-01	2.600000e-01	1.800000e-01	7.000000e-02	0.000000e+00	8.339244e-01	7.671100e+00	
40  26.4725	-7.172252e+00	7.400000e-01	-4.380000e+00	1.450000e+00	-1.930000e+00	3.500000e-01	2.600000e-01	1.800000e-01	7.000000e-02	0.000000e+00	8.241148e-01	7.671100e+00	
683  23.971	-6.312844e+00	7.400000e-01	-4.380000e+00	1.450000e+00	-1.930000e+00	3.500000e-01	2.600000e-01	1.800000e-01	7.000000e-02	0.000000e+00	8.241134e-01	7.671100e+00	
207  23.1613	-6.312844e+00	6.303125e-01	-4.422910e+00	1.379515e+00	-2.464985e+00	3.468659e-01	2.713878e-01	1.789952e-01	8.748799e-02	6.118797e-03	8.241134e-01	7.671100e+00	
40  26.3682	-6.119802e+00	6.303125e-01	-4.422910e+00	1.379515e+00	-2.464985e+00	3.468659e-01	2.713878e-01	1.789952e-01	8.748799e-02	6.118797e-03	8.250404e-01	7.671100e+00	
140  27.8207	-6.531362e+00	6.303125e-01	-4.422910e+00	1.379515e+00	-2.464985e+00	3.468659e-01	2.713878e-01	1.789952e-01	8.748799e-02	6.118797e-03	8.240264e-01	7.671100e+00	
86  24.7303	-6.378438e+00	6.303125e-01	-4.422910e+00	1.379515e+00	-2.464985e+00	3.468659e-01	2.713878e-01	1.789952e-01	8.748799e-02	6.118797e-03	8.240458e-01	7.671100e+00	
124  25.6103	-6.378438e+00	3.716000e-01	-3.847516e+00	1.421628e+00	-1.334925e+00	3.619699e-01	2.763936e-01	1.798754e-01	5.316736e-02	5.559913e-01	8.240458e-01	7.671100e+00	
150  24.9738	-6.265749e+00	3.716000e-01	-3.847516e+00	1.421628e+00	-1.334925e+00	3.619699e-01	2.763936e-01	1.798754e-01	5.316736e-02	5.559913e-01	8.242152e-01	7.671100e+00	
25  26.576	-6.127980e+00	3.716000e-01	-3.847516e+00	1.421628e+00	-1.334925e+00	3.619699e-01	2.763936e-01	1.798754e-01	5.316736e-02	5.559913e-01	8.249678e-01	7.671100e+00	
10  26.2156	-6.127980e+00	8.839418e-02	-2.794393e+00	1.476612e+00	-5.985693e-01	3.768205e-01	3.568394e-01	1.711621e-01	5.175218e-02	8.587763e-01	8.249678e-01	7.671100e+00	
20  27.0185	-6.127980e+00	1.057156e-01	-2.243978e+00	1.510203e+00	-7.789592e-01	3.815491e-01	3.346729e-01	1.903658e-01	4.728765e-02	5.118835e-01	8.249678e-01	7.671100e+00	
71  26.0918	-6.127980e+00	2.541657e-01	-1.180960e+00	1.483728e+00	-6.332112e-01	4.048785e-01	3.540528e-01	1.730443e-01	5.459342e-02	4.809786e-01	8.249678e-01	7.671100e+00	
9  26.6104	-6.127980e+00	3.113646e-01	-1.446796e-02	1.423773e+00	-1.246440e+00	3.722731e-01	3.642132e-01	2.138708e-01	9.564042e-02	5.611645e-01	8.249678e-01	7.671100e+00	
148  28.8377	-6.127980e+00	9.683090e-02	3.491961e-01	1.431155e+00	-8.550959e-03	4.145961e-01	3.825946e-01	2.864298e-01	5.519300e-02	8.014024e-01	8.249678e-01	7.671100e+00	
33  27.0958	-6.127980e+00	1.595302e-01	8.334523e-01	1.548910e+00	-3.947795e-01	3.596680e-01	3.717373e-01	2.061325e-01	6.149054e-02	6.200991e-01	8.249678e-01	7.671100e+00	
54  28.6747	-6.127980e+00	1.180638e-01	2.848202e-01	1.512149e+00	-1.721686e-01	3.377504e-01	4.009179e-01	2.339744e-01	5.878809e-02	8.461444e-01	8.249678e-01	7.671100e+00	
16  27.9724	-7.651356e+00	1.180638e-01	2.848202e-01	1.512149e+00	-1.721686e-01	3.377504e-01	4.009179e-01	2.339744e-01	5.878809e-02	8.461444e-01	8.241237e-01	7.671100e+00	
4  23.2824	-7.651356e+00	2.313896e-01	-1.006786e+00	1.595932e+00	-1.280198e+00	3.939168e-01	3.572691e-01	2.346474e-01	7.481204e-02	9.012884e-01	8.241237e-01	7.671100e+00	
10  24.4281	-8.249196e+00	2.313896e-01	-1.006786e+00	1.595932e+00	-1.280198e+00	3.939168e-01	3.572691e-01	2.346474e-01	7.481204e-02	9.012884e-01	8.241248e-01	7.671100e+00	
10  24.4204	-8.045007e+00	2.313896e-01	-1.006786e+00	1.595932e+00	-1.280198e+00	3.939168e-01	3.572691e-01	2.346474e-01	7.481204e-02	9.012884e-01	8.241247e-01	7.671100e+00	
122  22.8102	-7.687209e+00	2.313896e-01	-1.006786e+00	1.595932e+00	-1.280198e+00	3.939168e-01	3.572691e-01	2.346474e-01	7.481204e-02	9.012884e-01	8.241239e-01	7.671100e+00	
61  24.7652	-7.687209e+00	1.551886e-01	-7.261843e-01	1.539876e+00	-1.113030e+00	4.013375e-01	3.569574e-01	2.657313e-01	3.633934e-02	8.246432e-01	8.241239e-01	7.671100e+00	
47  24.8853	-7.687209e+00	4.016558e-01	3.508296e-01	1.438086e+00	-2.440851e+00	3.906497e-01	3.747977e-01	2.771921e-01	1.240090e-01	8.185212e-01	8.241239e-01	7.671100e+00	
20  23.22	-8.188073e+00	4.016558e-01	3.508296e-01	1.438086e+00	-2.440851e+00	3.906497e-01	3.747977e-01	2.771921e-01	1.240090e-01	8.185212e-01	8.241247e-01	7.671100e+00	
20  23.2148	-8.055974e+00	4.016558e-01	3.508296e-01	1.438086e+00	-2.440851e+00	3.906497e-01	3.747977e-01	2.771921e-01	1.240090e-01	8.185212e-01	8.241247e-01	7.671100e+00	
18  23.2283	-8.186047e+00	4.016558e-01	3.508296e-01	1.438086e+00	-2.440851e+00	3.906497e-01	3.747977e-01	2.771921e-01	1.240090e-01	8.185212e-01	8.241247e-01	7.671100e+00	
12  22.9085	-8.186047e+00	3.164661e-01	2.057015e-01	1.458253e+00	-2.528669e+00	4.009801e-01	3.712464e-01	2.828647e-01	1.430395e-01	9.757707e-01	8.241247e-01	7.671100e+00	
90  22.9088	-8.150946e+00	3.164661e-01	2.057015e-01	1.458253e+00	-2.528669e+00	4.009801e-01	3.712464e-01	2.828647e-01	1.430395e-01	9.757707e-01	8.241247e-01	7.671100e+00	
80  22.9098	-8.298513e+00	3.164661e-01	2.057015e-01	1.458253e+00	-2.528669e+00	4.009801e-01	3.712464e-01	2.828647e-01	1.430395e-01	9.757707e-01	8.241248e-01	7.671100e+00	
11  22.9098	-8.321686e+00	3.164661e-01	2.057015e-01	1.458253e+00	-2.528669e+00	4.009801e-01	3.712464e-01	2.828647e-01	1.430395e-01	9.757707e-01	8.241248e-01	7.671100e+00	
88  22.0287	-8.321686e+00	3.349117e-01	3.969648e-01	1.463665e+00	-2.426682e+00	3.646438e-01	3.207607e-01	2.770831e-01	9.328744e-02	9.446887e-01	8.241248e-01	7.671100e+00	
31  23.013	-8.321686e+00	7.110846e-01	1.633377e+00	1.492044e+00	-1.890640e+00	3.789725e-01	3.116236e-01	2.497050e-01	1.127745e-01	6.515487e-01	8.241248e-01	7.671100e+00	
99  23.0018	-7.909540e+00	7.110846e-01	1.633377e+00	1.492044e+00	-1.890640e+00	3.789725e-01	3.116236e-01	2.497050e-01	1.127745e-01	6.515487e-01	8.241245e-01	7.671100e+00	
4  23.2065	-7.909540e+00	1.079230e+00	1.847365e+00	1.494213e+00	-1.131344e+00	3.766980e-01	3.122118e-01	2.093516e-01	1.443458e-01	8.796503e-01	8.241245e-01	7.671100e+00	
8  21.8364	-7.909540e+00	9.354622e-01	1.356936e+00	1.549755e+00	-1.750077e+00	3.729255e-01	3.039967e-01	1.763485e-01	1.145787e-01	9.875369e-01	8.241245e-01	7.671100e+00	
169  22.1203	-7.909540e+00	1.051381e+00	1.347545e+00	1.499624e+00	-1.108561e+00	3.712624e-01	2.933794e-01	2.147231e-01	1.251081e-01	8.482331e-01	8.241245e-01	7.671100e+00	
81  22.0751	-8.123587e+00	1.051381e+00	1.347545e+00	1.499624e+00	-1.108561e+00	3.712624e-01	2.933794e-01	2.147231e-01	1.251081e-01	8.482331e-01	8.241247e-01	7.671100e+00	
19  21.4995	-8.123587e+00	7.110655e-01	2.962542e+00	1.463642e+00	-4.354873e-01	3.808262e-01	3.077123e-01	1.723715e-01	6.824008e-02	6.986777e-01	8.241247e-01	7.671100e+00	
180  21.4994	-8.124948e+00	7.110655e-01	2.962542e+00	1.463642e+00	-4.354873e-01	3.808262e-01	3.077123e-01	1.723715e-01	6.824008e-02	6.986777e-01	8.241247e-01	7.671100e+00	
60  21.4968	-8.091981e+00	7.110655e-01	2.962542e+00	1.463642e+00	-4.354873e-01	3.808262e-01	3.077123e-01	1.723715e-01	6.824008e-02	6.986777e-01	8.241247e-01	7.671100e+00	
10  21.5029	-8.352684e+00	7.110655e-01	2.962542e+00	1.463642e+00	-4.354873e-01	3.808262e-01	3.077123e-01	1.723715e-01	6.824008e-02	6.986777e-01	8.241248e-01	7.671100e+00	
53  21.4995	-8.124014e+00	7.110655e-01	2.962542e+00	1.463642e+00	-4.354873e-01	3.808262e-01	3.077123e-01	1.723715e-01	6.824008e-02	6.986777e-01	8.241247e-01	7.671100e+00	
57  22.8014	-8.124014e+00	5.354078e-01	2.260232e+00	1.333701e+00	-6.487957e-01	3.729306e-01	3.546844e-01	1.782148e-01	8.978401e-02	8.857800e-01	8.241247e-01	7.671100e+00	
4  23.0593	-7.851207e+00	5.354078e-01	2.260232e+00	1.333701e+00	-6.487957e-01	3.729306e-01	3.546844e-01	1.782148e-01	8.978401e-02	8.857800e-01	8.241244e-01	7.671100e+00	
33  25.1755	-7.851207e+00	9.297588e-01	1.424286e+00	1.343369e+00	-1.009773e-01	3.611690e-01	3.236766e-01	1.954876e-01	4.274358e-02	4.654156e-01	8.241244e-01	7.671100e+00	
79  24.3211	-7.851207e+00	9.123093e-01	9.028839e-01	1.350192e+00	2.305885e-01	3.892117e-01	3.656850e-01	2.046418e-01	9.281651e-02	7.007511e-01	8.241244e-01	7.671100e+00	
14  23.2885	-7.851207e+00	8.348345e-01	-1.165371e+00	1.214027e+00	-1.326249e+00	3.791358e-01	3.892434e-01	2.321067e-01	1.027051e-01	8.966729e-01	8.241244e-01	7.671100e+00	
140  22.7908	-8.028023e+00	8.348345e-01	-1.165371e+00	1.214027e+00	-1.326249e+00	3.791358e-01	3.892434e-01	2.321067e-01	1.027051e-01	8.966729e-01	8.241246e-01	7.671100e+00	
38  22.7749	-8.371739e+00	8.348345e-01	-1.165371e+00	1.214027e+00	-1.326249e+00	3.791358e-01	3.892434e-01	2.321067e-01	1.027051e-01	8.966729e-01	8.241248e-01	7.671100e+00	
112  22.6905	-8.371739e+00	7.652999e-01	-2.275513e-01	1.180491e+00	-6.775531e-01	3.934689e-01	3.143330e-01	2.644855e-01	9.279767e-02	9.959107e-01	8.241248e-01	7.671100e+00	
122  22.7416	-8.195388e+00	7.652999e-01	-2.275513e-01	1.180491e+00	-6.775531e-01	3.934689e-01	3.143330e-01	2.644855e-01	9.279767e-02	9.959107e-01	8.241247e-01	7.671100e+00	
28  21.9369	-8.195388e+00	8.884474e-01	1.112281e+00	1.247367e+00	-1.158234e+00	3.697894e-01	3.109749e-01	2.850825e-01	1.156962e-01	8.825164e-01	8.241247e-01	7.671100e+00	
100  21.8857	-8.498509e+00	8.884474e-01	1.112281e+00	1.247367e+00	-1.158234e+00	3.697894e-01	3.109749e-01	2.850825e-01	1.156962e-01	8.825164e-01	8.241248e-01	7.671100e+00	
10  21.8906	-8.035622e+00	8.884474e-01	1.112281e+00	1.247367e+00	-1.158234e+00	3.697894e-01	3.109749e-01	2.850825e-01	1.156962e-01	8.825164e-01	8.241246e-01	7.671100e+00	
10  21.8981	-7.988249e+00	8.884474e-01	1.112281e+00	1.247367e+00	-1.158234e+00	3.697894e-01	3.109749e-01	2.850825e-01	1.156962e-01	8.825164e-01	8.241246e-01	7.671100e+00	
210  21.8901	-8.041359e+00	8.884474e-01	1.112281e+00	1.247367e+00	-1.158234e+00	3.697894e-01	3.109749e-01	2.850825e-01	1.156962e-01	8.825164e-01	8.241247e-01	7.671100e+00	
30  21.8857	-8.349864e+00	8.884474e-01	1.112281e+00	1.247367e+00	-1.158234e+00	3.697894e-01	3.109749e-01	2.850825e-01	1.156962e-01	8.825164e-01	8.241248e-01	7.671100e+00	
126  21.8858	-8.237361e+00	8.884474e-01	1.112281e+00	1.247367e+00	-1.158234e+00	3.697894e-01	3.109749e-01	2.850825e-01	1.156962e-01	8.825164e-01	8.241248e-01	7.671100e+00	
16  23.6564	-8.237361e+00	1.062132e+00	5.013074e-01	1.247590e+00	-7.979249e-01	3.690974e-01	3.289382e-01	2.476486e-01	1.535998e-01	8.270967e-01	8.241248e-01	7.671100e+00	
107  24.0574	-8.237361e+00	5.556953e-01	1.052474e+00	1.253203e+00	-4.213544e-01	3.796177e-01	3.724202e-01	2.241468e-01	1.152957e-01	8.809208e-01	8.241248e-01	7.671100e+00	
220  22.4774	-8.237361e+00	5.810172e-01	1.375053e+00	1.240188e+00	-8.406265e-01	3.925678e-01	3.744583e-01	2.266501e-01	9.316835e-02	8.641560e-01	8.241248e-01	7.671100e+00	
31  22.5888	-8.237361e+00	3.826190e-01	1.794026e+00	1.246790e+00	-1.977682e+00	3.857362e-01	3.447479e-01	2.655657e-01	1.069644e-01	9.542462e-01	8.241248e-01	7.671100e+00	
63  23.7322	-7.528435e+00	3.826190e-01	1.794026e+00	1.246790e+00	-1.977682e+00	3.857362e-01	3.447479e-01	2.655657e-01	1.069644e-01	9.542462e-01	8.241228e-01	7.671100e+00	
59  27.0425	-7.528435e+00	5.503767e-01	1.637895e+00	1.372902e+00	-1.158666e+00	3.765224e-01	2.822720e-01	2.161689e-01	1.000367e-01	5.229932e-01	8.241228e-01	7.671100e+00	
112  27.8903	-7.528435e+00	4.486982e-01	1.748866e+00	1.463819e+00	-1.935825e+00	3.961955e-01	2.730636e-01	2.490403e-01	3.135393e-02	7.698165e-01	8.241228e-01	7.671100e+00	
21  27.9118	-7.528435e+00	5.859709e-01	2.637836e+00	1.469884e+00	-2.777883e+00	4.020999e-01	2.607288e-01	2.151335e-01	1.255042e-01	9.308790e-01	8.241228e-01	7.671100e+00	
5  29.2039	-7.528435e+00	7.214192e-01	1.641368e+00	1.353522e+00	-2.067481e+00	3.628232e-01	2.625555e-01	2.262703e-01	8.774552e-02	7.499122e-01	8.241228e-01	7.671100e+00	
112  29.4709	-7.350405e+00	7.214192e-01	1.641368e+00	1.353522e+00	-2.067481e+00	3.628232e-01	2.625555e-01	2.262703e-01	8.774552e-02	7.499122e-01	8.241203e-01	7.671100e+00	
56  29.3649	-7.350405e+00	2.888716e-01	9.494278e-01	1.301701e+00	-3.116890e+00	3.274580e-01	3.357473e-01	2.207763e-01	5.056362e-02	8.515994e-01	8.241203e-01	7.671100e+00	
15  24.8439	-7.350405e+00	2.644758e-01	1.140045e+00	1.260319e+00	-2.390060e+00	4.021376e-01	3.424468e-01	2.228092e-01	1.265865e-01	9.613231e-01	8.241203e-01	7.671100e+00	
45  22.9511	-7.350405e+00	3.012627e-01	1.381181e+00	1.309311e+00	-1.960921e+00	3.890357e-01	3.230875e-01	2.475479e-01	5.790775e-02	9.704824e-01	8.241203e-01	7.671100e+00	
22  22.9401	-7.350405e+00	4.629318e-01	-7.723241e-01	1.396887e+00	-2.380748e+00	3.818496e-01	3.521312e-01	2.212390e-01	6.422792e-02	7.755424e-01	8.241203e-01	7.671100e+00	
63  23.2068	-8.154492e+00	4.629318e-01	-7.723241e-01	1.396887e+00	-2.380748e+00	3.818496e-01	3.521312e-01	2.212390e-01	6.422792e-02	7.755424e-01	8.241247e-01	7.671100e+00	
40  24.8574	-8.154492e+00	1.202195e+00	1.046450e-01	1.303414e+00	-1.664867e+00	3.702185e-01	3.264078e-01	2.607667e-01	5.822426e-02	7.271848e-01	8.241247e-01	7.671100e+00	
82  23.7507	-8.154492e+00	9.134655e-01	-7.886698e-01	1.211525e+00	-1.355148e+00	3.772183e-01	3.307764e-01	2.871605e-01	7.621574e-02	5.397172e-01	8.241247e-01	7.671100e+00	
10  27.4136	-8.154492e+00	6.992182e-01	-1.541596e+00	1.321375e+00	-2.340944e+00	4.154524e-01	3.102875e-01	2.115787e-01	7.104459e-02	9.460605e-01	8.241247e-01	7.671100e+00	
17  25.3043	-8.154492e+00	9.148084e-01	-1.513755e+00	1.372762e+00	-2.183549e+00	3.949090e-01	3.303048e-01	2.340524e-01	4.377994e-02	4.792789e-01	8.241247e-01	7.671100e+00	
18  20.9668	-8.154492e+00	7.299180e-01	-1.554970e+00	1.525151e+00	-2.871858e+00	3.940552e-01	3.085067e-01	2.117719e-01	9.065835e-02	7.169510e-01	8.241247e-01	7.671100e+00	
12  23.9605	-7.532309e+00	7.299180e-01	-1.554970e+00	1.525151e+00	-2.871858e+00	3.940552e-01	3.085067e-01	2.117719e-01	9.065835e-02	7.169510e-01	8.241228e-01	7.671100e+00	
213  23.5938	-7.532309e+00	4.885425e-01	-2.696189e+00	1.641677e+00	-3.814220e+00	3.965709e-01	3.177911e-01	1.982108e-01	1.316246e-01	7.232534e-01	8.241228e-01	7.671100e+00	
7  22.4688	-7.532309e+00	4.935864e-01	-3.976716e+00	1.572759e+00	-3.717347e+00	3.724028e-01	3.157875e-01	2.288799e-01	1.231994e-01	6.959688e-01	8.241228e-01	7.671100e+00	
38  22.0165	-7.532309e+00	5.063292e-01	-2.771551e+00	1.643799e+00	-2.783264e+00	3.997183e-01	3.258934e-01	2.248002e-01	6.158500e-02	6.662943e-01	8.241228e-01	7.671100e+00	
54  21.9241	-7.588758e+00	5.063292e-01	-2.771551e+00	1.643799e+00	-2.783264e+00	3.997183e-01	3.258934e-01	2.248002e-01	6.158500e-02	6.662943e-01	8.241233e-01	7.671100e+00	
15  23.8156	-7.588758e+00	2.880987e-01	-3.869702e+00	1.553049e+00	-2.516932e+00	4.015908e-01	2.869053e-01	2.128029e-01	4.474146e-02	8.401878e-01	8.241233e-01	7.671100e+00	
31  21.4704	-7.588758e+00	5.058249e-01	-4.737164e+00	1.436408e+00	-1.984625e+00	3.676250e-01	2.914057e-01	1.954264e-01	5.346928e-02	8.139901e-01	8.241233e-01	7.671100e+00	
46  20.8363	-7.696786e+00	5.058249e-01	-4.737164e+00	1.436408e+00	-1.984625e+00	3.676250e-01	2.914057e-01	1.954264e-01	5.346928e-02	8.139901e-01	8.241239e-01	7.671100e+00	
74  21.8027	-7.696786e+00	8.188424e-01	-4.855693e+00	1.437173e+00	-1.847811e+00	3.859352e-01	3.089599e-01	1.843984e-01	5.166097e-02	4.994154e-01	8.241239e-01	7.671100e+00	
20  20.6161	-8.378303e+00	8.188424e-01	-4.855693e+00	1.437173e+00	-1.847811e+00	3.859352e-01	3.089599e-01	1.843984e-01	5.166097e-02	4.994154e-01	8.241248e-01	7.671100e+00	
50  19.8624	-7.792442e+00	8.188424e-01	-4.855693e+00	1.437173e+00	-1.847811e+00	3.859352e-01	3.089599e-01	1.843984e-01	5.166097e-02	4.994154e-01	8.241242e-01	7.671100e+00	
97  20.6137	-8.182516e+00	8.188424e-01	-4.855693e+00	1.437173e+00	-1.847811e+00	3.859352e-01	3.089599e-01	1.843984e-01	5.166097e-02	4.994154e-01	8.241247e-01	7.671100e+00	
3  21.4877	-8.182516e+00	1.005713e+00	-3.643618e+00	1.495976e+00	-2.108704e+00	3.891067e-01	3.179866e-01	2.198729e-01	5.450417e-02	8.627872e-01	8.241247e-01	7.671100e+00	
3  21.5649	-8.203591e+00	1.005713e+00	-3.643618e+00	1.495976e+00	-2.108704e+00	3.891067e-01	3.179866e-01	2.198729e-01	5.450417e-02	8.627872e-01	8.241248e-01	7.671100e+00	
2  22.8108	-8.203591e+00	1.026661e+00	-4.358037e+00	1.430643e+00	-1.628143e+00	3.893541e-01	2.817381e-01	2.331711e-01	8.615417e-02	9.258875e-01	8.241248e-01	7.671100e+00	
65  20.8679	-8.203591e+00	1.321491e+00	-4.773239e+00	1.434882e+00	-2.483130e+00	3.914653e-01	3.442936e-01	1.935701e-01	7.336734e-02	8.973386e-01	8.241248e-01	7.671100e+00	
30  20.828	-8.086836e+00	1.321491e+00	-4.773239e+00	1.434882e+00	-2.483130e+00	3.914653e-01	3.442936e-01	1.935701e-01	7.336734e-02	8.973386e-01	8.241247e-01	7.671100e+00	
70  20.8308	-8.052537e+00	1.321491e+00	-4.773239e+00	1.434882e+00	-2.483130e+00	3.914653e-01	3.442936e-01	1.935701e-01	7.336734e-02	8.973386e-01	8.241247e-01	7.671100e+00	
10  20.8945	-7.929038e+00	1.321491e+00	-4.773239e+00	1.434882e+00	-2.483130e+00	3.914653e-01	3.442936e-01	1.935701e-01	7.336734e-02	8.973386e-01	8.241245e-01	7.671100e+00	
95  20.8394	-8.009421e+00	1.321491e+00	-4.773239e+00	1.434882e+00	-2.483130e+00	3.914653e-01	3.442936e-01	1.935701e-01	7.336734e-02	8.973386e-01	8.241246e-01	7.671100e+00	
65  23.6972	-8.009421e+00	1.130303e+00	-4.641249e+00	1.631059e+00	-2.477273e+00	3.940924e-01	3.112053e-01	2.234646e-01	3.447860e-02	8.617457e-01	8.241246e-01	7.671100e+00	
30  23.6767	-8.207709e+00	1.130303e+00	-4.641249e+00	1.631059e+00	-2.477273e+00	3.940924e-01	3.112053e-01	2.234646e-01	3.447860e-02	8.617457e-01	8.241248e-01	7.671100e+00	
9  23.6819	-8.081601e+00	1.130303e+00	-4.641249e+00	1.631059e+00	-2.477273e+00	3.940924e-01	3.112053e-01	2.234646e-01	3.447860e-02	8.617457e-01	8.241247e-01	7.671100e+00	
71  24.4054	-8.081601e+00	8.030309e-01	-4.539392e+00	1.612770e+00	-3.212560e+00	3.804090e-01	3.335963e-01	2.323151e-01	9.985920e-02	9.918023e-01	8.241247e-01	7.671100e+00	
11  24.7247	-7.898593e+00	8.030309e-01	-4.539392e+00	1.612770e+00	-3.212560e+00	3.804090e-01	3.335963e-01	2.323151e-01	9.985920e-02	9.918023e-01	8.241245e-01	7.671100e+00	
24  24.8274	-7.898593e+00	7.491386e-01	-4.128567e+00	1.525442e+00	-2.982690e+00	3.507336e-01	3.446293e-01	2.558597e-01	1.508175e-01	7.872326e-01	8.241245e-01	7.671100e+00	
25  22.6704	-7.898593e+00	7.075476e-01	-3.398905e+00	1.535983e+00	-2.360096e+00	3.790618e-01	3.063671e-01	1.809117e-01	1.225015e-01	5.761077e-01	8.241245e-01	7.671100e+00	
78  23.066	-8.204575e+00	7.075476e-01	-3.398905e+00	1.535983e+00	-2.360096e+00	3.790618e-01	3.063671e-01	1.809117e-01	1.225015e-01	5.761077e-01	8.241248e-01	7.671100e+00	
3  22.7735	-8.204575e+00	8.683883e-01	-4.085555e+00	1.602014e+00	-2.371429e+00	4.051517e-01	3.365734e-01	2.127795e-01	9.290842e-02	3.427626e-01	8.241248e-01	7.671100e+00	
196  21.5647	-8.204575e+00	7.023834e-01	-4.855671e+00	1.629735e+00	-3.527912e+00	3.996660e-01	2.853275e-01	2.613837e-01	6.921706e-02	7.860229e-01	8.241248e-01	7.671100e+00	
13  22.4022	-8.204575e+00	1.096534e+00	-4.296065e+00	1.609471e+00	-3.607228e+00	4.006395e-01	3.101497e-01	2.758427e-01	1.487128e-01	7.056248e-01	8.241248e-01	7.671100e+00	
100  22.3817	-7.966197e+00	1.096534e+00	-4.296065e+00	1.609471e+00	-3.607228e+00	4.006395e-01	3.101497e-01	2.758427e-01	1.487128e-01	7.056248e-01	8.241246e-01	7.671100e+00	
25  22.4015	-8.161458e+00	1.096534e+00	-4.296065e+00	1.609471e+00	-3.607228e+00	4.006395e-01	3.101497e-01	2.758427e-01	1.487128e-01	7.056248e-01	8.241247e-01	7.671100e+00	
17  20.8202	-8.161458e+00	1.312437e+00	-4.531454e+00	1.599269e+00	-4.178037e+00	4.622977e-01	3.236777e-01	2.813676e-01	9.520490e-02	5.904051e-01	8.241247e-01	7.671100e+00	
61  21.3914	-8.161458e+00	1.775339e+00	-4.833627e+00	1.451403e+00	-3.523713e+00	4.764637e-01	3.678954e-01	2.763229e-01	7.828038e-02	8.763538e-01	8.241247e-01	7.671100e+00	
42  21.6207	-8.161458e+00	1.399596e+00	-4.579024e+00	1.470194e+00	-4.277771e+00	4.233535e-01	3.706890e-01	2.854255e-01	5.763177e-02	6.821377e-01	8.241247e-01	7.671100e+00	
19  21.3682	-8.161458e+00	1.579216e+00	-3.710527e+00	1.519109e+00	-2.801382e+00	4.806051e-01	3.575988e-01	2.611266e-01	7.233763e-02	8.321743e-01	8.241247e-01	7.671100e+00	
6  20.5936	-8.161458e+00	1.697723e+00	-4.885426e+00	1.573676e+00	-3.618333e+00	4.572338e-01	3.438508e-01	2.473609e-01	9.327238e-02	9.418719e-01	8.241247e-01	7.671100e+00	
60  20.5952	-8.491867e+00	1.697723e+00	-4.885426e+00	1.573676e+00	-3.618333e+00	4.572338e-01	3.438508e-01	2.473609e-01	9.327238e-02	9.418719e-01	8.241248e-01	7.671100e+00	
78  20.5933	-8.461086e+00	1.697723e+00	-4.885426e+00	1.573676e+00	-3.618333e+00	4.572338e-01	3.438508e-01	2.473609e-01	9.327238e-02	9.418719e-01	8.241248e-01	7.671100e+00	
61  20.5051	-8.461086e+00	1.509739e+00	-4.439268e+00	1.632858e+00	-4.506849e+00	4.465645e-01	3.460244e-01	2.404313e-01	1.205998e-01	9.395371e-01	8.241248e-01	7.671100e+00	
149  20.0301	-8.461086e+00	1.158457e+00	-4.855003e+00	1.429906e+00	-4.822174e+00	4.253874e-01	3.290273e-01	2.988081e-01	8.079863e-02	7.622577e-01	8.241248e-01	7.671100e+00	
32  20.5485	-8.461086e+00	1.157208e+00	-4.568469e+00	1.332615e+00	-4.322478e+00	4.174391e-01	3.931999e-01	2.978289e-01	1.339525e-01	6.792000e-01	8.241248e-01	7.671100e+00	
120  20.5867	-7.967668e+00	1.157208e+00	-4.568469e+00	1.332615e+00	-4.322478e+00	4.174391e-01	3.931999e-01	2.978289e-01	1.339525e-01	6.792000e-01	8.241246e-01	7.671100e+00	
104  20.5496	-8.172421e+00	1.157208e+00	-4.568469e+00	1.332615e+00	-4.322478e+00	4.174391e-01	3.931999e-01	2.978289e-01	1.339525e-01	6.792000e-01	8.241247e-01	7.671100e+00	
2  20.9	-8.172421e+00	1.098852e+00	-3.870573e+00	1.264875e+00	-4.382376e+00	3.758799e-01	3.832718e-01	2.760005e-01	1.115565e-01	4.566435e-01	8.241247e-01	7.671100e+00	
94  21.5983	-8.172421e+00	1.337929e+00	-3.308306e+00	1.338158e+00	-4.191750e+00	4.298477e-01	3.389444e-01	3.099787e-01	1.137766e-01	5.603154e-01	8.241247e-01	7.671100e+00	
5  21.6875	-7.971272e+00	1.337929e+00	-3.308306e+00	1.338158e+00	-4.191750e+00	4.298477e-01	3.389444e-01	3.099787e-01	1.137766e-01	5.603154e-01	8.241246e-01	7.671100e+00	
90  21.3076	-7.971272e+00	1.149847e+00	-3.567674e+00	1.281761e+00	-3.658270e+00	4.171928e-01	3.393101e-01	2.747460e-01	9.460045e-02	3.435087e-01	8.241246e-01	7.671100e+00	
82  22.464	-7.971272e+00	9.843606e-01	-2.225648e+00	1.415984e+00	-3.839230e+00	4.022084e-01	3.331913e-01	2.334759e-01	8.421437e-02	7.567971e-01	8.241246e-01	7.671100e+00	
11  22.4259	-7.971272e+00	9.130297e-01	-2.651040e+00	1.586120e+00	-4.149615e+00	3.919978e-01	3.209840e-01	2.343361e-01	5.609694e-02	8.266384e-01	8.241246e-01	7.671100e+00	
52  20.6967	-7.971272e+00	7.386545e-01	-2.628701e+00	1.593072e+00	-3.423028e+00	3.922636e-01	2.952677e-01	2.160136e-01	7.938535e-02	7.947557e-01	8.241246e-01	7.671100e+00	
70  20.785	-8.421256e+00	7.386545e-01	-2.628701e+00	1.593072e+00	-3.423028e+00	3.922636e-01	2.952677e-01	2.160136e-01	7.938535e-02	7.947557e-01	8.241248e-01	7.671100e+00	
10  20.785	-8.494971e+00	7.386545e-01	-2.628701e+00	1.593072e+00	-3.423028e+00	3.922636e-01	2.952677e-01	2.160136e-01	7.938535e-02	7.947557e-01	8.241248e-01	7.671100e+00	
100  21.2926	-7.717114e+00	7.386545e-01	-2.628701e+00	1.593072e+00	-3.423028e+00	3.922636e-01	2.952677e-01	2.160136e-01	7.938535e-02	7.947557e-01	8.241240e-01	7.671100e+00	
20  20.0198	-7.784491e+00	7.386545e-01	-2.628701e+00	1.593072e+00	-3.423028e+00	3.922636e-01	2.952677e-01	2.160136e-01	7.938535e-02	7.947557e-01	8.241242e-01	7.671100e+00	
40  20.7814	-8.159238e+00	7.386545e-01	-2.628701e+00	1.593072e+00	-3.423028e+00	3.922636e-01	2.952677e-01	2.160136e-01	7.938535e-02	7.947557e-01	8.241247e-01	7.671100e+00	
29  20.3696	-7.874496e+00	7.386545e-01	-2.628701e+00	1.593072e+00	-3.423028e+00	3.922636e-01	2.952677e-01	2.160136e-01	7.938535e-02	7.947557e-01	8.241244e-01	7.671100e+00	
8  21.7257	-7.874496e+00	8.292009e-01	-3.515727e+00	1.464907e+00	-3.970687e+00	4.047582e-01	3.073106e-01	2.948770e-01	2.640954e-02	9.589137e-01	8.241244e-01	7.671100e+00	
23  21.5756	-7.874496e+00	9.966293e-01	-4.592943e+00	1.526786e+00	-4.395219e+00	4.272536e-01	2.992907e-01	2.521421e-01	4.402129e-02	6.832784e-01	8.241244e-01	7.671100e+00	
6  21.8934	-8.066916e+00	9.966293e-01	-4.592943e+00	1.526786e+00	-4.395219e+00	4.272536e-01	2.992907e-01	2.521421e-01	4.402129e-02	6.832784e-01	8.241247e-01	7.671100e+00	
7  21.4091	-8.066916e+00	1.188331e+00	-4.449712e+00	1.533090e+00	-4.401521e+00	4.652362e-01	3.366399e-01	2.576659e-01	1.044932e-01	5.715336e-01	8.241247e-01	7.671100e+00	
27  21.8591	-8.066916e+00	1.460608e+00	-3.055603e+00	1.602124e+00	-4.090039e+00	4.101904e-01	3.362410e-01	2.487835e-01	1.536476e-01	9.945247e-01	8.241247e-01	7.671100e+00	
23  21.8567	-8.175484e+00	1.460608e+00	-3.055603e+00	1.602124e+00	-4.090039e+00	4.101904e-01	3.362410e-01	2.487835e-01	1.536476e-01	9.945247e-01	8.241247e-01	7.671100e+00	
12  23.4387	-8.175484e+00	1.819700e+00	-2.662876e+00	1.609885e+00	-2.815640e+00	4.711830e-01	3.738652e-01	2.963216e-01	1.537977e-01	9.537014e-01	8.241247e-01	7.671100e+00	
43  22.8774	-8.175484e+00	1.681968e+00	-3.381181e+00	1.626330e+00	-2.855660e+00	4.616632e-01	3.736328e-01	2.938902e-01	1.451265e-01	8.292835e-01	8.241247e-01	7.671100e+00	
125  24.0408	-8.175484e+00	1.724176e+00	-2.967755e+00	1.655972e+00	-3.380986e+00	4.798776e-01	4.265054e-01	2.712693e-01	1.364460e-01	6.338575e-01	8.241247e-01	7.671100e+00	
9  26.1029	-8.175484e+00	1.346851e+00	-2.928265e+00	1.685060e+00	-2.972991e+00	4.949859e-01	3.790753e-01	2.624015e-01	1.535296e-01	6.427200e-01	8.241247e-01	7.671100e+00	
8  20.5499	-8.175484e+00	1.588276e+00	-2.998428e+00	1.628559e+00	-1.827705e+00	4.395875e-01	4.125895e-01	2.483680e-01	7.672704e-02	7.324112e-01	8.241247e-01	7.671100e+00	
3  20.5466	-8.233433e+00	1.588276e+00	-2.998428e+00	1.628559e+00	-1.827705e+00	4.395875e-01	4.125895e-01	2.483680e-01	7.672704e-02	7.324112e-01	8.241248e-01	7.671100e+00	
19  23.1234	-8.233433e+00	1.676387e+00	-4.704952e+00	1.635111e+00	-2.582692e+00	4.049434e-01	3.988165e-01	2.517726e-01	5.796891e-02	9.204051e-01	8.241248e-01	7.671100e+00	
28  22.5498	-8.233433e+00	1.300021e+00	-4.235763e+00	1.679535e+00	-1.945285e+00	3.835064e-01	3.595992e-01	1.947968e-01	7.493598e-02	8.626545e-02	8.241248e-01	7.671100e+00	
36  22.5496	-8.437863e+00	1.300021e+00	-4.235763e+00	1.679535e+00	-1.945285e+00	3.835064e-01	3.595992e-01	1.947968e-01	7.493598e-02	8.626545e-02	8.241248e-01	7.671100e+00	
24  21.9496	-8.437863e+00	1.347137e+00	-4.781411e+00	1.671605e+00	-1.829305e+00	3.988498e-01	3.380181e-01	2.144609e-01	8.475893e-02	4.700895e-01	8.241248e-01	7.671100e+00	
75  21.9497	-8.296696e+00	1.347137e+00	-4.781411e+00	1.671605e+00	-1.829305e+00	3.988498e-01	3.380181e-01	2.144609e-01	8.475893e-02	4.700895e-01	8.241248e-01	7.671100e+00	
14  23.6308	-8.296696e+00	1.136629e+00	-4.473675e+00	1.556193e+00	-1.822110e+00	3.734415e-01	2.970747e-01	2.039815e-01	1.165633e-01	4.507033e-01	8.241248e-01	7.671100e+00	
26  23.1568	-8.296696e+00	1.032737e+00	-3.871098e+00	1.529013e+00	-2.517729e+00	4.068260e-01	3.421380e-01	1.783196e-01	6.461025e-02	3.065881e-01	8.241248e-01	7.671100e+00	
15  21.4507	-8.296696e+00	1.319504e+00	-4.160639e+00	1.479703e+00	-1.666685e+00	3.819982e-01	3.562441e-01	2.254441e-01	6.451883e-02	5.238472e-01	8.241248e-01	7.671100e+00	
31  21.4507	-8.330377e+00	1.319504e+00	-4.160639e+00	1.479703e+00	-1.666685e+00	3.819982e-01	3.562441e-01	2.254441e-01	6.451883e-02	5.238472e-01	8.241248e-01	7.671100e+00	
56  21.9033	-8.330377e+00	1.582933e+00	-3.127900e+00	1.548080e+00	-2.084602e+00	4.047815e-01	4.065612e-01	2.344900e-01	1.119412e-01	7.220815e-01	8.241248e-01	7.671100e+00	
30  22.6427	-8.330377e+00	1.832237e+00	-3.728493e+00	1.603088e+00	-2.629514e+00	3.866362e-01	3.734746e-01	2.355767e-01	6.277259e-02	9.912045e-01	8.241248e-01	7.671100e+00	
54  21.8084	-8.330377e+00	1.494885e+00	-2.469328e+00	1.549629e+00	-2.159807e+00	4.006668e-01	3.517456e-01	2.333462e-01	7.865565e-02	6.726053e-01	8.241248e-01	7.671100e+00	
16  23.2992	-8.330377e+00	1.352646e+00	-1.666087e+00	1.564406e+00	-1.945790e+00	3.929046e-01	3.243439e-01	2.210413e-01	1.182881e-01	6.177273e-01	8.241248e-01	7.671100e+00	
33  22.5304	-8.330377e+00	1.351722e+00	-2.077849e+00	1.618545e+00	-1.784095e+00	3.877722e-01	3.500730e-01	2.600093e-01	5.463547e-02	7.838770e-01	8.241248e-01	7.671100e+00	
16  22.557	-7.987918e+00	1.351722e+00	-2.077849e+00	1.618545e+00	-1.784095e+00	3.877722e-01	3.500730e-01	2.600093e-01	5.463547e-02	7.838770e-01	8.241246e-01	7.671100e+00	
94  21.4888	-7.987918e+00	1.260286e+00	-2.814292e+00	1.474767e+00	-1.620598e+00	3.962937e-01	3.398579e-01	1.873593e-01	8.134033e-02	4.908766e-01	8.241246e-01	7.671100e+00	
36  21.4591	-8.063818e+00	1.260286e+00	-2.814292e+00	1.474767e+00	-1.620598e+00	3.962937e-01	3.398579e-01	1.873593e-01	8.134033e-02	4.908766e-01	8.241247e-01	7.671100e+00	
17  23.4289	-8.063818e+00	1.009248e+00	-1.548386e+00	1.518735e+00	-2.472245e+00	3.852294e-01	3.226041e-01	2.392116e-01	1.016284e-01	3.944134e-01	8.241247e-01	7.671100e+00	
7  20.8111	-8.063818e+00	4.836230e-01	-3.180375e+00	1.453395e+00	-1.279013e+00	3.606850e-01	3.306571e-01	2.350782e-01	1.023638e-01	8.383751e-01	8.241247e-01	7.671100e+00	
121  20.8233	-8.344475e+00	4.836230e-01	-3.180375e+00	1.453395e+00	-1.279013e+00	3.606850e-01	3.306571e-01	2.350782e-01	1.023638e-01	8.383751e-01	8.241248e-01	7.671100e+00	
49  21.5016	-8.344475e+00	8.940073e-01	-3.897228e+00	1.472142e+00	-2.300463e+00	3.957184e-01	3.042777e-01	2.788720e-01	1.308347e-01	6.141739e-01	8.241248e-01	7.671100e+00	
49  21.5019	-8.135048e+00	8.940073e-01	-3.897228e+00	1.472142e+00	-2.300463e+00	3.957184e-01	3.042777e-01	2.788720e-01	1.308347e-01	6.141739e-01	8.241247e-01	7.671100e+00	
21  21.3669	-8.135048e+00	4.653965e-01	-3.294489e+00	1.413652e+00	-2.910827e+00	3.990256e-01	3.092288e-01	2.512947e-01	1.358042e-01	9.265474e-01	8.241247e-01	7.671100e+00	
40  21.3708	-8.397739e+00	4.653965e-01	-3.294489e+00	1.413652e+00	-2.910827e+00	3.990256e-01	3.092288e-01	2.512947e-01	1.358042e-01	9.265474e-01	8.241248e-01	7.671100e+00	
8  21.3706	-8.238230e+00	4.653965e-01	-3.294489e+00	1.413652e+00	-2.910827e+00	3.990256e-01	3.092288e-01	2.512947e-01	1.358042e-01	9.265474e-01	8.241248e-01	7.671100e+00	
2  23.1767	-8.238230e+00	9.221083e-01	-3.516959e+00	1.352212e+00	-2.904144e+00	3.660445e-01	2.824510e-01	2.603820e-01	1.224230e-01	7.811889e-01	8.241248e-01	7.671100e+00	
21  23.1028	-7.994727e+00	9.221083e-01	-3.516959e+00	1.352212e+00	-2.904144e+00	3.660445e-01	2.824510e-01	2.603820e-01	1.224230e-01	7.811889e-01	8.241246e-01	7.671100e+00	
1  23.0718	-7.994727e+00	7.255188e-01	-2.498361e+00	1.315551e+00	-2.709567e+00	3.474164e-01	3.052891e-01	2.567744e-01	9.792142e-02	7.976964e-01	8.241246e-01	7.671100e+00	
28  22.6626	-7.994727e+00	6.366088e-01	-2.087883e+00	1.370862e+00	-3.755901e+00	3.775267e-01	3.589311e-01	2.469080e-01	1.043982e-01	9.755742e-01	8.241246e-01	7.671100e+00	
45  22.6376	-8.166283e+00	6.366088e-01	-2.087883e+00	1.370862e+00	-3.755901e+00	3.775267e-01	3.589311e-01	2.469080e-01	1.043982e-01	9.755742e-01	8.241247e-01	7.671100e+00	
25  26.0696	-8.166283e+00	1.440504e+00	-1.935794e+00	1.337304e+00	-4.212222e+00	4.117970e-01	3.992121e-01	2.517213e-01	1.795633e-01	7.522165e-01	8.241247e-01	7.671100e+00	
12  26.1145	-7.989659e+00	1.440504e+00	-1.935794e+00	1.337304e+00	-4.212222e+00	4.117970e-01	3.992121e-01	2.517213e-01	1.795633e-01	7.522165e-01	8.241246e-01	7.671100e+00	
23  26.1953	-7.989659e+00	1.020846e+00	-2.163012e+00	1.286596e+00	-3.831071e+00	3.508847e-01	3.891490e-01	2.372707e-01	1.277760e-01	5.962039e-01	8.241246e-01	7.671100e+00	
5  25.2016	-7.989659e+00	9.659008e-01	-3.413612e+00	1.376479e+00	-4.038211e+00	3.831011e-01	2.917377e-01	2.255625e-01	8.183126e-02	6.274279e-01	8.241246e-01	7.671100e+00	
17  24.5354	-7.863118e+00	9.659008e-01	-3.413612e+00	1.376479e+00	-4.038211e+00	3.831011e-01	2.917377e-01	2.255625e-01	8.183126e-02	6.274279e-01	8.241244e-01	7.671100e+00	
31  22.1168	-7.863118e+00	7.977576e-01	-3.642634e+00	1.561545e+00	-3.712711e+00	4.339941e-01	3.151368e-01	2.075069e-01	8.814654e-02	4.568324e-01	8.241244e-01	7.671100e+00	
12  21.9753	-7.863118e+00	1.179447e+00	-4.058208e+00	1.619364e+00	-3.722376e+00	4.659603e-01	3.080963e-01	2.786737e-01	1.018028e-01	6.516566e-01	8.241244e-01	7.671100e+00	
50  21.8631	-8.018177e+00	1.179447e+00	-4.058208e+00	1.619364e+00	-3.722376e+00	4.659603e-01	3.080963e-01	2.786737e-01	1.018028e-01	6.516566e-01	8.241246e-01	7.671100e+00	
18  21.8624	-8.337274e+00	1.179447e+00	-4.058208e+00	1.619364e+00	-3.722376e+00	4.659603e-01	3.080963e-01	2.786737e-01	1.018028e-01	6.516566e-01	8.241248e-01	7.671100e+00	
190  19.4014	-8.337274e+00	8.120124e-01	-3.478838e+00	1.469130e+00	-3.939800e+00	3.830347e-01	2.826615e-01	2.730312e-01	8.142830e-02	8.696865e-01	8.241248e-01	7.671100e+00	
12  22.5621	-8.337274e+00	7.520943e-01	-4.498938e+00	1.567561e+00	-3.894796e+00	4.124222e-01	2.597943e-01	2.749757e-01	1.228788e-01	9.230108e-01	8.241248e-01	7.671100e+00	
50  22.5621	-8.348310e+00	7.520943e-01	-4.498938e+00	1.567561e+00	-3.894796e+00	4.124222e-01	2.597943e-01	2.749757e-01	1.228788e-01	9.230108e-01	8.241248e-01	7.671100e+00	
50  22.3194	-7.914556e+00	7.520943e-01	-4.498938e+00	1.567561e+00	-3.894796e+00	4.124222e-01	2.597943e-01	2.749757e-01	1.228788e-01	9.230108e-01	8.241245e-01	7.671100e+00	
52  22.5622	-8.435100e+00	7.520943e-01	-4.498938e+00	1.567561e+00	-3.894796e+00	4.124222e-01	2.597943e-01	2.749757e-01	1.228788e-01	9.230108e-01	8.241248e-01	7.671100e+00	
28  18.9499	-8.435100e+00	7.181389e-01	-4.649204e+00	1.461106e+00	-3.365561e+00	3.837530e-01	3.030258e-01	3.048319e-01	7.480445e-02	9.156448e-01	8.241248e-01	7.671100e+00	
27  18.95	-8.299508e+00	7.181389e-01	-4.649204e+00	1.461106e+00	-3.365561e+00	3.837530e-01	3.030258e-01	3.048319e-01	7.480445e-02	9.156448e-01	8.241248e-01	7.671100e+00	
53  18.8981	-8.299508e+00	6.857175e-01	-4.389895e+00	1.388696e+00	-3.002558e+00	3.640589e-01	2.862029e-01	2.797811e-01	8.232049e-02	9.044053e-01	8.241248e-01	7.671100e+00	
160  18.8981	-8.371711e+00	6.857175e-01	-4.389895e+00	1.388696e+00	-3.002558e+00	3.640589e-01	2.862029e-01	2.797811e-01	8.232049e-02	9.044053e-01	8.241248e-01	7.671100e+00	
44  18.7947	-8.182474e+00	6.857175e-01	-4.389895e+00	1.388696e+00	-3.002558e+00	3.640589e-01	2.862029e-01	2.797811e-01	8.232049e-02	9.044053e-01	8.241247e-01	7.671100e+00	
76  20.0053	-8.182474e+00	8.149833e-01	-4.548529e+00	1.391824e+00	-2.864968e+00	3.661466e-01	3.077602e-01	2.247642e-01	4.969725e-02	8.240703e-01	8.241247e-01	7.671100e+00	
46  20.1055	-8.379486e+00	8.149833e-01	-4.548529e+00	1.391824e+00	-2.864968e+00	3.661466e-01	3.077602e-01	2.247642e-01	4.969725e-02	8.240703e-01	8.241248e-01	7.671100e+00	
4  19.8878	-8.379486e+00	8.997274e-01	-4.620477e+00	1.503055e+00	-2.880940e+00	3.994888e-01	3.291843e-01	2.302470e-01	8.195140e-02	6.038085e-01	8.241248e-01	7.671100e+00	
110  19.8878	-8.326001e+00	8.997274e-01	-4.620477e+00	1.503055e+00	-2.880940e+00	3.994888e-01	3.291843e-01	2.302470e-01	8.195140e-02	6.038085e-01	8.241248e-01	7.671100e+00	
80  19.8878	-8.337695e+00	8.997274e-01	-4.620477e+00	1.503055e+00	-2.880940e+00	3.994888e-01	3.291843e-01	2.302470e-01	8.195140e-02	6.038085e-01	8.241248e-01	7.671100e+00	
30  19.8856	-8.035549e+00	8.997274e-01	-4.620477e+00	1.503055e+00	-2.880940e+00	3.994888e-01	3.291843e-01	2.302470e-01	8.195140e-02	6.038085e-01	8.241246e-01	7.671100e+00	
40  19.8878	-8.498074e+00	8.997274e-01	-4.620477e+00	1.503055e+00	-2.880940e+00	3.994888e-01	3.291843e-01	2.302470e-01	8.195140e-02	6.038085e-01	8.241248e-01	7.671100e+00	
80  19.8825	-7.964281e+00	8.997274e-01	-4.620477e+00	1.503055e+00	-2.880940e+00	3.994888e-01	3.291843e-01	2.302470e-01	8.195140e-02	6.038085e-01	8.241246e-01	7.671100e+00	
159  19.8878	-8.458647e+00	8.997274e-01	-4.620477e+00	1.503055e+00	-2.880940e+00	3.994888e-01	3.291843e-01	2.302470e-01	8.195140e-02	6.038085e-01	8.241248e-01	7.671100e+00	
38  21.0241	-8.458647e+00	9.526722e-01	-4.040824e+00	1.433864e+00	-1.140890e+00	3.999630e-01	3.166778e-01	2.204329e-01	8.282408e-02	5.703450e-01	8.241248e-01	7.671100e+00	
23  20.9345	-8.458647e+00	1.029584e+00	-2.886163e+00	1.483993e+00	-2.741331e+00	3.946782e-01	3.059971e-01	2.005570e-01	1.159599e-01	9.218285e-01	8.241248e-01	7.671100e+00	
15  21.9655	-7.816571e+00	1.029584e+00	-2.886163e+00	1.483993e+00	-2.741331e+00	3.946782e-01	3.059971e-01	2.005570e-01	1.159599e-01	9.218285e-01	8.241243e-01	7.671100e+00	
5  22.6993	-7.816571e+00	9.624478e-01	-2.612586e+00	1.404641e+00	-2.465945e+00	4.015273e-01	3.340225e-01	2.513506e-01	1.260609e-01	6.421125e-01	8.241243e-01	7.671100e+00	
6  21.8387	-8.285215e+00	9.624478e-01	-2.612586e+00	1.404641e+00	-2.465945e+00	4.015273e-01	3.340225e-01	2.513506e-01	1.260609e-01	6.421125e-01	8.241248e-01	7.671100e+00	
14  23.2325	-8.285215e+00	9.577546e-01	-3.167290e+00	1.400623e+00	-2.485285e+00	3.930931e-01	3.754486e-01	2.498270e-01	1.046124e-01	5.028498e-01	8.241248e-01	7.671100e+00	
11  23.2351	-8.178704e+00	9.577546e-01	-3.167290e+00	1.400623e+00	-2.485285e+00	3.930931e-01	3.754486e-01	2.498270e-01	1.046124e-01	5.028498e-01	8.241247e-01	7.671100e+00	
13  23.8952	-8.178704e+00	1.337150e+00	-3.165839e+00	1.452165e+00	-2.532493e+00	3.825249e-01	3.739987e-01	3.044628e-01	5.909328e-02	6.182331e-01	8.241247e-01	7.671100e+00	
66  21.612	-8.178704e+00	1.300450e+00	-2.188066e+00	1.511072e+00	-3.190295e+00	4.216894e-01	3.624329e-01	2.557416e-01	1.132573e-01	7.716899e-01	8.241247e-01	7.671100e+00	
10  21.6101	-8.411207e+00	1.300450e+00	-2.188066e+00	1.511072e+00	-3.190295e+00	4.216894e-01	3.624329e-01	2.557416e-01	1.132573e-01	7.716899e-01	8.241248e-01	7.671100e+00	
12  21.6113	-8.185828e+00	1.300450e+00	-2.188066e+00	1.511072e+00	-3.190295e+00	4.216894e-01	3.624329e-01	2.557416e-01	1.132573e-01	7.716899e-01	8.241247e-01	7.671100e+00	
2  22.2928	-8.185828e+00	1.243408e+00	-3.201390e+00	1.547465e+00	-3.138878e+00	4.014942e-01	3.160293e-01	2.737166e-01	1.266960e-01	5.474395e-01	8.241247e-01	7.671100e+00	
11  21.7464	-8.185828e+00	1.235593e+00	-3.540818e+00	1.554880e+00	-4.086781e+00	4.131857e-01	3.512089e-01	3.058374e-01	1.363480e-01	7.232800e-01	8.241247e-01	7.671100e+00	
4  23.2197	-8.185828e+00	1.756149e+00	-3.118966e+00	1.669738e+00	-3.577499e+00	4.117517e-01	3.686446e-01	2.521073e-01	9.595978e-02	7.929469e-01	8.241247e-01	7.671100e+00	
4  21.745	-8.185828e+00	1.340853e+00	-3.495977e+00	1.633030e+00	-4.419631e+00	4.227635e-01	3.217853e-01	2.344929e-01	1.243019e-01	8.121924e-01	8.241247e-01	7.671100e+00	
17  21.1964	-8.185828e+00	1.463069e+00	-3.486201e+00	1.606807e+00	-3.955481e+00	4.052547e-01	3.291048e-01	2.494171e-01	1.031194e-01	9.119017e-01	8.241247e-01	7.671100e+00	
3  21.2109	-7.930859e+00	1.463069e+00	-3.486201e+00	1.606807e+00	-3.955481e+00	4.052547e-01	3.291048e-01	2.494171e-01	1.031194e-01	9.119017e-01	8.241245e-01	7.671100e+00	
29  22.1	-7.930859e+00	1.111101e+00	-3.789388e+00	1.615447e+00	-4.515766e+00	4.279099e-01	3.430490e-01	2.459868e-01	1.135419e-01	4.462817e-01	8.241245e-01	7.671100e+00	
46  22.0696	-7.930859e+00	1.562712e+00	-3.442869e+00	1.650744e+00	-4.116962e+00	4.794075e-01	3.214219e-01	2.317938e-01	6.597693e-02	9.233833e-01	8.241245e-01	7.671100e+00	
12  21.6261	-7.930859e+00	1.397401e+00	-3.528048e+00	1.552789e+00	-3.802956e+00	4.277819e-01	2.927843e-01	2.362581e-01	7.749243e-02	9.291807e-01	8.241245e-01	7.671100e+00	
10  21.6653	-7.991774e+00	1.397401e+00	-3.528048e+00	1.552789e+00	-3.802956e+00	4.277819e-01	2.927843e-01	2.362581e-01	7.749243e-02	9.291807e-01	8.241246e-01	7.671100e+00	
32  21.5657	-7.862008e+00	1.397401e+00	-3.528048e+00	1.552789e+00	-3.802956e+00	4.277819e-01	2.927843e-01	2.362581e-01	7.749243e-02	9.291807e-01	8.241244e-01	7.671100e+00	
5  22.4224	-7.862008e+00	1.363431e+00	-4.190823e+00	1.484055e+00	-3.584810e+00	4.086268e-01	2.982179e-01	2.734994e-01	3.519610e-02	8.666785e-01	8.241244e-01	7.671100e+00	
34  22.101	-7.862008e+00	1.070981e+00	-3.097652e+00	1.516545e+00	-3.566707e+00	4.005524e-01	3.120649e-01	2.541935e-01	5.354220e-02	9.894853e-01	8.241244e-01	7.671100e+00	
29  23.2491	-7.862008e+00	4.341926e-01	-4.053885e+00	1.290486e+00	-2.904375e+00	3.615259e-01	3.045639e-01	2.929245e-01	3.414498e-02	9.209169e-01	8.241244e-01	7.671100e+00	
10  22.0837	-7.605604e+00	4.341926e-01	-4.053885e+00	1.290486e+00	-2.904375e+00	3.615259e-01	3.045639e-01	2.929245e-01	3.414498e-02	9.209169e-01	8.241234e-01	7.671100e+00	
15  21.4023	-7.769743e+00	4.341926e-01	-4.053885e+00	1.290486e+00	-2.904375e+00	3.615259e-01	3.045639e-01	2.929245e-01	3.414498e-02	9.209169e-01	8.241242e-01	7.671100e+00	
48  21.4323	-7.769743e+00	4.696554e-01	-4.147575e+00	1.405887e+00	-2.267322e+00	3.972275e-01	2.989465e-01	2.463355e-01	4.104490e-02	9.085666e-01	8.241242e-01	7.671100e+00	
97  21.1558	-7.769743e+00	4.696944e-01	-3.247255e+00	1.485703e+00	-2.452854e+00	3.811101e-01	2.985575e-01	2.028691e-01	1.553312e-01	8.960450e-01	8.241242e-01	7.671100e+00	
22  22.1923	-8.234278e+00	4.696944e-01	-3.247255e+00	1.485703e+00	-2.452854e+00	3.811101e-01	2.985575e-01	2.028691e-01	1.553312e-01	8.960450e-01	8.241248e-01	7.671100e+00	
5  26.0525	-8.234278e+00	1.000841e+00	-3.292951e+00	1.428618e+00	-2.431051e+00	3.660151e-01	3.004545e-01	1.589844e-01	8.581463e-02	7.770940e-01	8.241248e-01	7.671100e+00	
49  21.0848	-8.234278e+00	8.156879e-01	-4.023141e+00	1.343644e+00	-1.752219e+00	3.775859e-01	3.311897e-01	1.949433e-01	9.170449e-02	8.500185e-01	8.241248e-01	7.671100e+00	
4  20.9428	-8.234278e+00	7.181046e-01	-3.826144e+00	1.370281e+00	-1.632647e+00	3.778954e-01	3.622333e-01	2.053777e-01	7.407033e-02	7.495862e-01	8.241248e-01	7.671100e+00	
10  20.9395	-8.108723e+00	7.181046e-01	-3.826144e+00	1.370281e+00	-1.632647e+00	3.778954e-01	3.622333e-01	2.053777e-01	7.407033e-02	7.495862e-01	8.241247e-01	7.671100e+00	
102  20.9329	-8.044956e+00	7.181046e-01	-3.826144e+00	1.370281e+00	-1.632647e+00	3.778954e-01	3.622333e-01	2.053777e-01	7.407033e-02	7.495862e-01	8.241247e-01	7.671100e+00	
38  21.1674	-8.044956e+00	1.014449e+00	-4.157802e+00	1.379338e+00	-1.315542e+00	3.763769e-01	3.468944e-01	1.844462e-01	5.029951e-02	2.568906e-01	8.241247e-01	7.671100e+00	
16  21.1716	-8.223213e+00	1.014449e+00	-4.157802e+00	1.379338e+00	-1.315542e+00	3.763769e-01	3.468944e-01	1.844462e-01	5.029951e-02	2.568906e-01	8.241248e-01	7.671100e+00	
3  22.341	-8.223213e+00	1.108793e+00	-3.971686e+00	1.359445e+00	-1.222985e+00	3.865203e-01	3.477387e-01	2.058825e-01	4.662152e-02	2.381114e-01	8.241248e-01	7.671100e+00	
1  22.1443	-8.223213e+00	1.281103e+00	-3.892543e+00	1.197645e+00	-6.427199e-01	4.095441e-01	3.650367e-01	1.794739e-01	4.639422e-02	9.077764e-01	8.241248e-01	7.671100e+00	
17  22.1443	-8.483180e+00	1.281103e+00	-3.892543e+00	1.197645e+00	-6.427199e-01	4.095441e-01	3.650367e-01	1.794739e-01	4.639422e-02	9.077764e-01	8.241248e-01	7.671100e+00	
53  23.8151	-8.483180e+00	8.090846e-01	-3.644499e+00	1.134338e+00	-3.942262e-01	3.949687e-01	3.771028e-01	1.846410e-01	3.522704e-02	9.396735e-01	8.241248e-01	7.671100e+00	
8  23.815	-8.418153e+00	8.090846e-01	-3.644499e+00	1.134338e+00	-3.942262e-01	3.949687e-01	3.771028e-01	1.846410e-01	3.522704e-02	9.396735e-01	8.241248e-01	7.671100e+00	
48  23.5225	-8.418153e+00	1.337165e+00	-4.894609e+00	1.129650e+00	-6.206045e-01	3.881505e-01	3.458098e-01	2.325831e-01	1.193826e-01	8.444456e-01	8.241248e-01	7.671100e+00	
26  22.8549	-8.418153e+00	1.084037e+00	-4.567524e+00	1.180630e+00	-2.124919e+00	3.695974e-01	3.440597e-01	2.351001e-01	1.061905e-01	8.122486e-01	8.241248e-01	7.671100e+00	
63  21.8609	-8.418153e+00	1.186488e+00	-4.031106e+00	1.240002e+00	-2.426023e+00	3.860500e-01	3.325605e-01	2.348002e-01	8.079987e-02	8.385196e-01	8.241248e-01	7.671100e+00	
5  20.2282	-8.418153e+00	9.221027e-01	-4.012590e+00	1.270917e+00	-2.748344e+00	3.559321e-01	3.229155e-01	2.628178e-01	9.748345e-02	8.601291e-01	8.241248e-01	7.671100e+00	
20  20.2253	-8.188304e+00	9.221027e-01	-4.012590e+00	1.270917e+00	-2.748344e+00	3.559321e-01	3.229155e-01	2.628178e-01	9.748345e-02	8.601291e-01	8.241247e-01	7.671100e+00	
40  20.2282	-8.438859e+00	9.221027e-01	-4.012590e+00	1.270917e+00	-2.748344e+00	3.559321e-01	3.229155e-01	2.628178e-01	9.748345e-02	8.601291e-01	8.241248e-01	7.671100e+00	
30  20.2249	-8.124632e+00	9.221027e-01	-4.012590e+00	1.270917e+00	-2.748344e+00	3.559321e-01	3.229155e-01	2.628178e-01	9.748345e-02	8.601291e-01	8.241247e-01	7.671100e+00	
60  20.2281	-8.303683e+00	9.221027e-01	-4.012590e+00	1.270917e+00	-2.748344e+00	3.559321e-01	3.229155e-01	2.628178e-01	9.748345e-02	8.601291e-01	8.241248e-01	7.671100e+00	
10  20.2052	-8.015592e+00	9.221027e-01	-4.012590e+00	1.270917e+00	-2.748344e+00	3.559321e-01	3.229155e-01	2.628178e-01	9.748345e-02	8.601291e-01	8.241246e-01	7.671100e+00	
20  20.0875	-7.904320e+00	9.221027e-01	-4.012590e+00	1.270917e+00	-2.748344e+00	3.559321e-01	3.229155e-01	2.628178e-01	9.748345e-02	8.601291e-01	8.241245e-01	7.671100e+00	
30  20.2282	-8.472548e+00	9.221027e-01	-4.012590e+00	1.270917e+00	-2.748344e+00	3.559321e-01	3.229155e-01	2.628178e-01	9.748345e-02	8.601291e-01	8.241248e-01	7.671100e+00	
40  20.228	-8.209329e+00	9.221027e-01	-4.012590e+00	1.270917e+00	-2.748344e+00	3.559321e-01	3.229155e-01	2.628178e-01	9.748345e-02	8.601291e-01	8.241248e-01	7.671100e+00	
130  20.2282	-8.472508e+00	9.221027e-01	-4.012590e+00	1.270917e+00	-2.748344e+00	3.559321e-01	3.229155e-01	2.628178e-01	9.748345e-02	8.601291e-01	8.241248e-01	7.671100e+00	
340  19.9722	-7.835862e+00	9.221027e-01	-4.012590e+00	1.270917e+00	-2.748344e+00	3.559321e-01	3.229155e-01	2.628178e-01	9.748345e-02	8.601291e-01	8.241243e-01	7.671100e+00	
7  20.5483	-7.770723e+00	9.221027e-01	-4.012590e+00	1.270917e+00	-2.748344e+00	3.559321e-01	3.229155e-01	2.628178e-01	9.748345e-02	8.601291e-01	8.241242e-01	7.671100e+00	
9  20.8471	-7.770723e+00	6.506145e-01	-3.281595e+00	1.300361e+00	-4.311682e+00	3.550671e-01	3.494934e-01	2.738147e-01	9.264589e-02	8.581447e-01	8.241242e-01	7.671100e+00	
24  20.469	-7.770723e+00	4.915511e-01	-4.533307e+00	1.332605e+00	-3.567616e+00	3.664810e-01	3.340049e-01	2.918587e-01	1.729396e-01	9.120786e-01	8.241242e-01	7.671100e+00	
60  20.8575	-7.873044e+00	4.915511e-01	-4.533307e+00	1.332605e+00	-3.567616e+00	3.664810e-01	3.340049e-01	2.918587e-01	1.729396e-01	9.120786e-01	8.241244e-01	7.671100e+00	
9  21.3041	-8.066102e+00	4.915511e-01	-4.533307e+00	1.332605e+00	-3.567616e+00	3.664810e-01	3.340049e-01	2.918587e-01	1.729396e-01	9.120786e-01	8.241247e-01	7.671100e+00	
31  21.3744	-8.066102e+00	6.331526e-01	-4.865577e+00	1.324949e+00	-2.196425e+00	3.743124e-01	3.044907e-01	2.252708e-01	1.668721e-01	9.566494e-01	8.241247e-01	7.671100e+00	
121  21.6595	-7.784862e+00	6.331526e-01	-4.865577e+00	1.324949e+00	-2.196425e+00	3.743124e-01	3.044907e-01	2.252708e-01	1.668721e-01	9.566494e-01	8.241242e-01	7.671100e+00	
8  21.6467	-7.784862e+00	1.096796e+00	-3.716741e+00	1.316371e+00	-2.699095e+00	3.783422e-01	3.092107e-01	2.256197e-01	1.273704e-01	9.674520e-01	8.241242e-01	7.671100e+00	
51  22.5158	-7.784862e+00	7.208196e-01	-2.974601e+00	1.297164e+00	-4.086506e+00	3.515517e-01	2.974010e-01	2.243416e-01	1.268257e-01	9.429914e-01	8.241242e-01	7.671100e+00	
12  23.7993	-8.231320e+00	7.208196e-01	-2.974601e+00	1.297164e+00	-4.086506e+00	3.515517e-01	2.974010e-01	2.243416e-01	1.268257e-01	9.429914e-01	8.241248e-01	7.671100e+00	
1  22.707	-8.231320e+00	4.868947e-01	-4.807017e+00	1.386071e+00	-2.383148e+00	3.874422e-01	3.094821e-01	2.214515e-01	1.641728e-01	9.295129e-01	8.241248e-01	7.671100e+00	
7  21.2325	-8.231320e+00	7.937598e-01	-4.544650e+00	1.392961e+00	-2.225420e+00	3.980981e-01	3.132907e-01	2.237752e-01	1.111821e-01	6.998489e-01	8.241248e-01	7.671100e+00	
2  21.2327	-8.341980e+00	7.937598e-01	-4.544650e+00	1.392961e+00	-2.225420e+00	3.980981e-01	3.132907e-01	2.237752e-01	1.111821e-01	6.998489e-01	8.241248e-01	7.671100e+00	
15  21.4055	-8.341980e+00	9.917001e-01	-3.499261e+00	1.339901e+00	-2.245783e+00	3.717698e-01	3.161114e-01	1.858100e-01	7.195440e-02	1.437753e-01	8.241248e-01	7.671100e+00	
23  23.3104	-8.341980e+00	1.142591e+00	-3.674189e+00	1.413465e+00	-2.586202e+00	3.801171e-01	3.800270e-01	2.358281e-01	2.674965e-02	7.664381e-01	8.241248e-01	7.671100e+00	
10  23.3105	-8.280214e+00	1.142591e+00	-3.674189e+00	1.413465e+00	-2.586202e+00	3.801171e-01	3.800270e-01	2.358281e-01	2.674965e-02	7.664381e-01	8.241248e-01	7.671100e+00	
29  23.3105	-8.270139e+00	1.142591e+00	-3.674189e+00	1.413465e+00	-2.586202e+00	3.801171e-01	3.800270e-01	2.358281e-01	2.674965e-02	7.664381e-01	8.241248e-01	7.671100e+00	
22  19.5437	-8.270139e+00	8.502024e-01	-3.124547e+00	1.382451e+00	-2.609389e+00	3.615248e-01	2.919653e-01	2.253579e-01	4.411307e-02	9.187538e-01	8.241248e-01	7.671100e+00	
9  19.5141	-8.270139e+00	8.581909e-01	-3.153680e+00	1.392200e+00	-1.927002e+00	3.768845e-01	3.227319e-01	2.532687e-01	6.332746e-02	5.109527e-01	8.241248e-01	7.671100e+00	
10  19.5172	-7.962167e+00	8.581909e-01	-3.153680e+00	1.392200e+00	-1.927002e+00	3.768845e-01	3.227319e-01	2.532687e-01	6.332746e-02	5.109527e-01	8.241246e-01	7.671100e+00	
50  19.5229	-7.936079e+00	8.581909e-01	-3.153680e+00	1.392200e+00	-1.927002e+00	3.768845e-01	3.227319e-01	2.532687e-01	6.332746e-02	5.109527e-01	8.241245e-01	7.671100e+00	
18  19.5141	-8.158736e+00	8.581909e-01	-3.153680e+00	1.392200e+00	-1.927002e+00	3.768845e-01	3.227319e-01	2.532687e-01	6.332746e-02	5.109527e-01	8.241247e-01	7.671100e+00	
1  21.7159	-8.158736e+00	8.319758e-01	-3.821114e+00	1.296610e+00	-2.038646e+00	3.557866e-01	3.359899e-01	2.151265e-01	8.947935e-02	4.957146e-01	8.241247e-01	7.671100e+00	
51  19.2198	-8.158736e+00	1.074267e+00	-4.722934e+00	1.299973e+00	-1.299609e+00	3.945516e-01	3.441996e-01	2.245689e-01	8.125728e-02	5.341279e-01	8.241247e-01	7.671100e+00	
60  19.2198	-8.364479e+00	1.074267e+00	-4.722934e+00	1.299973e+00	-1.299609e+00	3.945516e-01	3.441996e-01	2.245689e-01	8.125728e-02	5.341279e-01	8.241248e-01	7.671100e+00	
10  19.2198	-8.100830e+00	1.074267e+00	-4.722934e+00	1.299973e+00	-1.299609e+00	3.945516e-01	3.441996e-01	2.245689e-01	8.125728e-02	5.341279e-01	8.241247e-01	7.671100e+00	
138  19.2198	-8.347199e+00	1.074267e+00	-4.722934e+00	1.299973e+00	-1.299609e+00	3.945516e-01	3.441996e-01	2.245689e-01	8.125728e-02	5.341279e-01	8.241248e-01	7.671100e+00	
2  23.6915	-8.347199e+00	1.506409e+00	-4.946393e+00	1.190151e+00	-1.862781e+00	4.416994e-01	3.549772e-01	2.297998e-01	8.713996e-02	7.915160e-01	8.241248e-01	7.671100e+00	
30  26.4044	-7.751662e+00	1.506409e+00	-4.946393e+00	1.190151e+00	-1.862781e+00	4.416994e-01	3.549772e-01	2.297998e-01	8.713996e-02	7.915160e-01	8.241241e-01	7.671100e+00	
80  23.6934	-8.062299e+00	1.506409e+00	-4.946393e+00	1.190151e+00	-1.862781e+00	4.416994e-01	3.549772e-01	2.297998e-01	8.713996e-02	7.915160e-01	8.241247e-01	7.671100e+00	
43  23.692	-8.126127e+00	1.506409e+00	-4.946393e+00	1.190151e+00	-1.862781e+00	4.416994e-01	3.549772e-01	2.297998e-01	8.713996e-02	7.915160e-01	8.241247e-01	7.671100e+00	
43  23.7019	-8.126127e+00	1.128278e+00	-4.669260e+00	1.054089e+00	-2.038054e+00	4.245684e-01	3.894811e-01	2.321709e-01	8.954856e-02	5.396785e-01	8.241247e-01	7.671100e+00	
104  24.743	-8.126127e+00	1.457238e+00	-4.559509e+00	1.093745e+00	2.506646e-01	3.579409e-01	3.764497e-01	2.262776e-01	5.739481e-02	9.412329e-01	8.241247e-01	7.671100e+00	
61  24.7452	-8.346996e+00	1.457238e+00	-4.559509e+00	1.093745e+00	2.506646e-01	3.579409e-01	3.764497e-01	2.262776e-01	5.739481e-02	9.412329e-01	8.241248e-01	7.671100e+00	
51  21.1525	-8.346996e+00	9.591825e-01	-4.323299e+00	1.170768e+00	2.033927e+00	4.168080e-01	3.620796e-01	1.960520e-01	6.711033e-02	6.643440e-01	8.241248e-01	7.671100e+00	
8  22.1472	-8.346996e+00	1.116015e+00	-4.375553e+00	1.133183e+00	2.256396e+00	4.495696e-01	3.777812e-01	1.850164e-01	8.176471e-02	4.531259e-01	8.241248e-01	7.671100e+00	
175  22.1572	-8.070537e+00	1.116015e+00	-4.375553e+00	1.133183e+00	2.256396e+00	4.495696e-01	3.777812e-01	1.850164e-01	8.176471e-02	4.531259e-01	8.241247e-01	7.671100e+00	
15  21.8691	-8.070537e+00	1.665086e+00	-4.024306e+00	1.175390e+00	2.441919e+00	4.316592e-01	3.680282e-01	1.526570e-01	6.472021e-02	9.800833e-01	8.241247e-01	7.671100e+00	
28  21.876	-8.320214e+00	1.665086e+00	-4.024306e+00	1.175390e+00	2.441919e+00	4.316592e-01	3.680282e-01	1.526570e-01	6.472021e-02	9.800833e-01	8.241248e-01	7.671100e+00	
32  24.0315	-8.320214e+00	1.651397e+00	-4.660018e+00	1.274958e+00	7.209628e-01	4.907883e-01	4.251799e-01	2.129685e-01	8.739575e-02	8.907162e-01	8.241248e-01	7.671100e+00	
140  24.0437	-8.082209e+00	1.651397e+00	-4.660018e+00	1.274958e+00	7.209628e-01	4.907883e-01	4.251799e-01	2.129685e-01	8.739575e-02	8.907162e-01	8.241247e-01	7.671100e+00	
63  24.3246	-8.186824e+00	1.651397e+00	-4.660018e+00	1.274958e+00	7.209628e-01	4.907883e-01	4.251799e-01	2.129685e-01	8.739575e-02	8.907162e-01	8.241247e-01	7.671100e+00	
37  23.7999	-8.186824e+00	1.567854e+00	-3.589019e+00	1.353375e+00	4.224725e-01	5.127016e-01	4.018889e-01	2.258594e-01	5.842968e-02	8.659498e-01	8.241247e-01	7.671100e+00	
16  23.5706	-7.987432e+00	1.567854e+00	-3.589019e+00	1.353375e+00	4.224725e-01	5.127016e-01	4.018889e-01	2.258594e-01	5.842968e-02	8.659498e-01	8.241246e-01	7.671100e+00	
28  24.7104	-7.987432e+00	1.433640e+00	-2.663126e+00	1.356147e+00	-3.848842e-01	4.751896e-01	3.907899e-01	1.892430e-01	6.410854e-02	7.366703e-01	8.241246e-01	7.671100e+00	
51  23.4682	-7.987432e+00	1.435155e+00	-2.432064e+00	1.352069e+00	-8.373751e-01	4.655008e-01	3.867818e-01	2.463823e-01	6.133437e-02	7.619314e-01	8.241246e-01	7.671100e+00	
26  21.3994	-7.987432e+00	1.768304e+00	-2.964352e+00	1.372460e+00	-1.073991e+00	4.400438e-01	4.034747e-01	2.760876e-01	9.598054e-02	9.190050e-01	8.241246e-01	7.671100e+00	
39  20.8537	-7.987432e+00	1.088468e+00	-2.839187e+00	1.261699e+00	-2.545762e-01	3.982974e-01	3.826408e-01	2.175750e-01	7.584199e-02	5.473109e-01	8.241246e-01	7.671100e+00	
10  20.9113	-7.940722e+00	1.088468e+00	-2.839187e+00	1.261699e+00	-2.545762e-01	3.982974e-01	3.826408e-01	2.175750e-01	7.584199e-02	5.473109e-01	8.241245e-01	7.671100e+00	
100  20.8117	-8.242036e+00	1.088468e+00	-2.839187e+00	1.261699e+00	-2.545762e-01	3.982974e-01	3.826408e-01	2.175750e-01	7.584199e-02	5.473109e-01	8.241248e-01	7.671100e+00	
40  20.8116	-8.423124e+00	1.088468e+00	-2.839187e+00	1.261699e+00	-2.545762e-01	3.982974e-01	3.826408e-01	2.175750e-01	7.584199e-02	5.473109e-01	8.241248e-01	7.671100e+00	
17  20.8141	-8.145167e+00	1.088468e+00	-2.839187e+00	1.261699e+00	-2.545762e-01	3.982974e-01	3.826408e-01	2.175750e-01	7.584199e-02	5.473109e-01	8.241247e-01	7.671100e+00	
82  19.9914	-8.145167e+00	9.750310e-01	-2.904953e+00	1.211022e+00	4.641735e-02	3.846416e-01	3.696654e-01	2.125396e-01	6.466326e-02	2.757856e-01	8.241247e-01	7.671100e+00	
35  21.7386	-8.145167e+00	1.048687e+00	-2.180867e+00	1.210907e+00	-5.502694e-01	4.038272e-01	3.311659e-01	2.322692e-01	8.812308e-02	5.430492e-01	8.241247e-01	7.671100e+00	
6  22.1942	-8.145167e+00	1.000773e+00	-2.895200e+00	1.294603e+00	-1.823690e-01	3.736916e-01	3.043416e-01	1.895450e-01	8.873655e-02	4.489219e-01	8.241247e-01	7.671100e+00	
51  22.1902	-8.100366e+00	1.000773e+00	-2.895200e+00	1.294603e+00	-1.823690e-01	3.736916e-01	3.043416e-01	1.895450e-01	8.873655e-02	4.489219e-01	8.241247e-01	7.671100e+00	
89  21.3229	-8.100366e+00	8.690975e-01	-3.163751e+00	1.158696e+00	-3.264660e-01	3.730808e-01	3.302023e-01	2.052432e-01	7.562933e-02	8.690084e-01	8.241247e-01	7.671100e+00	
10  21.3315	-8.424486e+00	8.690975e-01	-3.163751e+00	1.158696e+00	-3.264660e-01	3.730808e-01	3.302023e-01	2.052432e-01	7.562933e-02	8.690084e-01	8.241248e-01	7.671100e+00	
10  21.3184	-8.075916e+00	8.690975e-01	-3.163751e+00	1.158696e+00	-3.264660e-01	3.730808e-01	3.302023e-01	2.052432e-01	7.562933e-02	8.690084e-01	8.241247e-01	7.671100e+00	
26  21.3133	-8.058435e+00	8.690975e-01	-3.163751e+00	1.158696e+00	-3.264660e-01	3.730808e-01	3.302023e-01	2.052432e-01	7.562933e-02	8.690084e-01	8.241247e-01	7.671100e+00	
33  23.7962	-8.058435e+00	7.730256e-01	-1.902030e+00	1.223601e+00	-2.061678e-01	3.602838e-01	3.798211e-01	2.156226e-01	1.143423e-01	7.845343e-01	8.241247e-01	7.671100e+00	
31  22.9982	-8.058435e+00	9.159834e-01	-1.514180e+00	1.112172e+00	-1.285347e+00	3.768908e-01	3.481095e-01	2.118831e-01	1.139556e-01	9.692480e-01	8.241247e-01	7.671100e+00	
95  23.011	-8.344651e+00	9.159834e-01	-1.514180e+00	1.112172e+00	-1.285347e+00	3.768908e-01	3.481095e-01	2.118831e-01	1.139556e-01	9.692480e-01	8.241248e-01	7.671100e+00	
38  22.9776	-8.344651e+00	9.405746e-01	-1.648013e+00	1.124865e+00	-1.099904e+00	3.811205e-01	3.495652e-01	1.963633e-01	8.754013e-02	9.675866e-01	8.241248e-01	7.671100e+00	
5  24.0025	-8.344651e+00	9.497577e-01	-1.670735e+00	1.250940e+00	-3.023372e-01	4.145796e-01	3.402337e-01	1.849597e-01	8.881877e-02	8.002867e-01	8.241248e-01	7.671100e+00	
49  24.0409	-8.344651e+00	5.383517e-01	-1.857005e+00	1.159916e+00	-6.130474e-01	3.827081e-01	3.625796e-01	1.760626e-01	9.416557e-02	9.972921e-01	8.241248e-01	7.671100e+00	
3  26.4851	-8.344651e+00	8.684572e-01	-2.650357e+00	1.177991e+00	-9.814375e-02	3.742389e-01	3.352908e-01	1.886813e-01	9.056972e-02	4.494664e-01	8.241248e-01	7.671100e+00	
10  24.7942	-7.387618e+00	8.684572e-01	-2.650357e+00	1.177991e+00	-9.814375e-02	3.742389e-01	3.352908e-01	1.886813e-01	9.056972e-02	4.494664e-01	8.241210e-01	7.671100e+00	
81  23.9748	-7.683613e+00	8.684572e-01	-2.650357e+00	1.177991e+00	-9.814375e-02	3.742389e-01	3.352908e-01	1.886813e-01	9.056972e-02	4.494664e-01	8.241238e-01	7.671100e+00	
49  23.9044	-7.683613e+00	7.060746e-01	-2.193367e+00	1.224427e+00	-4.836571e-01	3.676886e-01	3.560127e-01	2.425647e-01	9.114513e-02	4.188700e-01	8.241238e-01	7.671100e+00	
3  23.9639	-7.677086e+00	7.060746e-01	-2.193367e+00	1.224427e+00	-4.836571e-01	3.676886e-01	3.560127e-01	2.425647e-01	9.114513e-02	4.188700e-01	8.241238e-01	7.671100e+00	
14  25.4205	-7.677086e+00	4.854729e-01	-1.939790e+00	1.122227e+00	1.947591e-01	4.043153e-01	4.061256e-01	2.152724e-01	8.440583e-02	7.708496e-01	8.241238e-01	7.671100e+00	
5  28.0331	-7.677086e+00	7.919318e-01	-1.317477e+00	1.105390e+00	-1.117724e+00	3.512199e-01	4.186440e-01	2.333993e-01	1.419839e-01	9.045919e-01	8.241238e-01	7.671100e+00	
4  26.6689	-7.677086e+00	6.402880e-01	-1.334560e+00	1.184828e+00	-2.097082e+00	3.462793e-01	3.508956e-01	2.910855e-01	3.124933e-02	7.335672e-01	8.241238e-01	7.671100e+00	
210  23.033	-7.677086e+00	2.935704e-01	-3.455710e-01	1.169304e+00	-2.156251e+00	3.814863e-01	3.960148e-01	2.392206e-01	8.245542e-02	9.898607e-01	8.241238e-01	7.671100e+00	
4  24.9699	-7.677086e+00	6.810257e-01	-1.282156e+00	1.063756e+00	-1.946097e+00	3.886081e-01	3.898032e-01	2.929625e-01	5.890336e-02	9.900459e-01	8.241238e-01	7.671100e+00	
10  23.5643	-8.490556e+00	6.810257e-01	-1.282156e+00	1.063756e+00	-1.946097e+00	3.886081e-01	3.898032e-01	2.929625e-01	5.890336e-02	9.900459e-01	8.241248e-01	7.671100e+00	
110  23.5543	-8.095944e+00	6.810257e-01	-1.282156e+00	1.063756e+00	-1.946097e+00	3.886081e-01	3.898032e-01	2.929625e-01	5.890336e-02	9.900459e-01	8.241247e-01	7.671100e+00	
70  23.5643	-8.435521e+00	6.810257e-01	-1.282156e+00	1.063756e+00	-1.946097e+00	3.886081e-01	3.898032e-01	2.929625e-01	5.890336e-02	9.900459e-01	8.241248e-01	7.671100e+00	
100  23.5167	-8.010420e+00	6.810257e-01	-1.282156e+00	1.063756e+00	-1.946097e+00	3.886081e-01	3.898032e-01	2.929625e-01	5.890336e-02	9.900459e-01	8.241246e-01	7.671100e+00	
10  23.2849	-7.905276e+00	6.810257e-01	-1.282156e+00	1.063756e+00	-1.946097e+00	3.886081e-01	3.898032e-01	2.929625e-01	5.890336e-02	9.900459e-01	8.241245e-01	7.671100e+00	
26  24.5578	-7.448855e+00	6.810257e-01	-1.282156e+00	1.063756e+00	-1.946097e+00	3.886081e-01	3.898032e-01	2.929625e-01	5.890336e-02	9.900459e-01	8.241219e-01	7.671100e+00	
14  22.5489	-7.448855e+00	6.566237e-01	-2.758804e+00	1.069789e+00	-1.057628e+00	3.756981e-01	3.581955e-01	2.970525e-01	7.264477e-02	9.631066e-01	8.241219e-01	7.671100e+00	
3  23.1644	-8.237209e+00	6.566237e-01	-2.758804e+00	1.069789e+00	-1.057628e+00	3.756981e-01	3.581955e-01	2.970525e-01	7.264477e-02	9.631066e-01	8.241248e-01	7.671100e+00	
76  23.5748	-8.237209e+00	1.062302e+00	-2.283580e+00	1.113896e+00	-1.002772e+00	4.373341e-01	3.902974e-01	2.738318e-01	8.477797e-02	5.366646e-01	8.241248e-01	7.671100e+00	
51  21.6925	-8.237209e+00	1.203809e+00	-2.917261e+00	1.074686e+00	-1.017047e+00	4.263785e-01	3.918263e-01	2.914864e-01	8.225664e-02	5.781461e-01	8.241248e-01	7.671100e+00	
10  21.7052	-8.047837e+00	1.203809e+00	-2.917261e+00	1.074686e+00	-1.017047e+00	4.263785e-01	3.918263e-01	2.914864e-01	8.225664e-02	5.781461e-01	8.241247e-01	7.671100e+00	
30  21.7463	-7.969941e+00	1.203809e+00	-2.917261e+00	1.074686e+00	-1.017047e+00	4.263785e-01	3.918263e-01	2.914864e-01	8.225664e-02	5.781461e-01	8.241246e-01	7.671100e+00	
1  21.6923	-8.478825e+00	1.203809e+00	-2.917261e+00	1.074686e+00	-1.017047e+00	4.263785e-01	3.918263e-01	2.914864e-01	8.225664e-02	5.781461e-01	8.241248e-01	7.671100e+00	
3  22.9166	-8.478825e+00	1.125140e+00	-3.652781e+00	1.008776e+00	-5.683045e-01	4.126157e-01	3.778180e-01	2.874240e-01	1.168382e-01	8.928897e-01	8.241248e-01	7.671100e+00	
28  21.7384	-8.478825e+00	8.783544e-01	-3.908501e+00	1.048505e+00	-7.587722e-02	3.987639e-01	3.882086e-01	2.619217e-01	6.364156e-02	9.329983e-01	8.241248e-01	7.671100e+00	
28  21.4856	-8.478825e+00	1.096437e+00	-4.001394e+00	1.100479e+00	1.232847e+00	4.152133e-01	3.948340e-01	2.668848e-01	6.134191e-02	6.703187e-01	8.241248e-01	7.671100e+00	
7  21.4858	-7.913242e+00	1.096437e+00	-4.001394e+00	1.100479e+00	1.232847e+00	4.152133e-01	3.948340e-01	2.668848e-01	6.134191e-02	6.703187e-01	8.241245e-01	7.671100e+00	
48  22.9736	-7.913242e+00	1.110346e+00	-4.026120e+00	1.011995e+00	9.536229e-01	3.925439e-01	4.254704e-01	2.755065e-01	5.134686e-02	5.998980e-01	8.241245e-01	7.671100e+00	
15  22.2532	-7.913242e+00	9.157505e-01	-4.287437e+00	1.091112e+00	-3.934570e-01	3.924307e-01	4.193443e-01	2.467223e-01	8.776683e-02	7.384252e-01	8.241245e-01	7.671100e+00	
27  22.4915	-8.049244e+00	9.157505e-01	-4.287437e+00	1.091112e+00	-3.934570e-01	3.924307e-01	4.193443e-01	2.467223e-01	8.776683e-02	7.384252e-01	8.241247e-01	7.671100e+00	
14  21.8807	-8.049244e+00	1.036114e+00	-4.948146e+00	1.125369e+00	-2.044322e-01	3.784264e-01	4.295364e-01	2.328963e-01	8.439805e-02	8.346148e-01	8.241247e-01	7.671100e+00	
55  20.7549	-8.049244e+00	1.090877e+00	-4.592673e+00	1.166028e+00	-1.596479e-01	3.996604e-01	3.447567e-01	2.739955e-01	7.941906e-02	7.898269e-01	8.241247e-01	7.671100e+00	
74  21.5117	-8.049244e+00	8.188577e-01	-4.954077e+00	1.243926e+00	2.441981e-01	4.109990e-01	3.460906e-01	2.462592e-01	6.719849e-02	4.514200e-01	8.241247e-01	7.671100e+00	
34  21.2582	-7.889144e+00	8.188577e-01	-4.954077e+00	1.243926e+00	2.441981e-01	4.109990e-01	3.460906e-01	2.462592e-01	6.719849e-02	4.514200e-01	8.241245e-01	7.671100e+00	
53  21.3087	-7.889144e+00	1.138082e+00	-4.055745e+00	1.160041e+00	1.478909e+00	4.517953e-01	3.960977e-01	2.054178e-01	7.223126e-02	7.490397e-01	8.241245e-01	7.671100e+00	
20  22.3055	-7.889144e+00	1.167079e+00	-3.955202e+00	1.230573e+00	-2.317580e-01	4.435273e-01	4.012128e-01	2.366024e-01	7.120509e-02	7.575861e-01	8.241245e-01	7.671100e+00	
33  22.5958	-7.889144e+00	1.495264e+00	-4.517529e+00	1.261449e+00	5.658573e-01	4.781448e-01	4.242344e-01	2.237507e-01	5.717901e-02	8.368406e-01	8.241245e-01	7.671100e+00	
60  22.1347	-8.290440e+00	1.495264e+00	-4.517529e+00	1.261449e+00	5.658573e-01	4.781448e-01	4.242344e-01	2.237507e-01	5.717901e-02	8.368406e-01	8.241248e-01	7.671100e+00	
14  22.3635	-7.926297e+00	1.495264e+00	-4.517529e+00	1.261449e+00	5.658573e-01	4.781448e-01	4.242344e-01	2.237507e-01	5.717901e-02	8.368406e-01	8.241245e-01	7.671100e+00	
26  22.2664	-7.926297e+00	1.174401e+00	-4.680173e+00	1.122502e+00	7.066195e-01	4.612454e-01	3.712975e-01	2.161615e-01	3.497368e-02	7.106387e-01	8.241245e-01	7.671100e+00	
11  22.3596	-7.831931e+00	1.174401e+00	-4.680173e+00	1.122502e+00	7.066195e-01	4.612454e-01	3.712975e-01	2.161615e-01	3.497368e-02	7.106387e-01	8.241243e-01	7.671100e+00	
9  24.2175	-7.831931e+00	1.109617e+00	-4.794797e+00	1.141522e+00	6.562814e-01	4.104982e-01	4.277828e-01	2.330880e-01	4.828325e-02	3.984070e-01	8.241243e-01	7.671100e+00	
11  22.8499	-8.311403e+00	1.109617e+00	-4.794797e+00	1.141522e+00	6.562814e-01	4.104982e-01	4.277828e-01	2.330880e-01	4.828325e-02	3.984070e-01	8.241248e-01	7.671100e+00	
27  21.0075	-8.311403e+00	1.550859e+00	-3.996798e+00	1.158873e+00	-4.860273e-02	4.145758e-01	4.274095e-01	2.465762e-01	5.506354e-02	8.836676e-01	8.241248e-01	7.671100e+00	
28  21.5698	-8.311403e+00	1.650058e+00	-4.241443e+00	1.288216e+00	-4.481676e-01	4.000996e-01	3.987049e-01	2.034367e-01	6.168615e-02	8.467241e-01	8.241248e-01	7.671100e+00	
14  21.9707	-8.311403e+00	1.465836e+00	-4.509300e+00	1.342870e+00	-3.576443e-01	4.747537e-01	3.740776e-01	1.917085e-01	6.053080e-02	6.944640e-01	8.241248e-01	7.671100e+00	
20  21.9706	-8.445388e+00	1.465836e+00	-4.509300e+00	1.342870e+00	-3.576443e-01	4.747537e-01	3.740776e-01	1.917085e-01	6.053080e-02	6.944640e-01	8.241248e-01	7.671100e+00	
30  21.9706	-8.410531e+00	1.465836e+00	-4.509300e+00	1.342870e+00	-3.576443e-01	4.747537e-01	3.740776e-01	1.917085e-01	6.053080e-02	6.944640e-01	8.241248e-01	7.671100e+00	
2  22.0047	-8.017504e+00	1.465836e+00	-4.509300e+00	1.342870e+00	-3.576443e-01	4.747537e-01	3.740776e-01	1.917085e-01	6.053080e-02	6.944640e-01	8.241246e-01	7.671100e+00	
18  20.9589	-8.017504e+00	1.441586e+00	-3.258748e+00	1.371198e+00	6.800218e-01	4.512450e-01	3.343177e-01	2.077301e-01	6.437796e-02	7.664732e-01	8.241246e-01	7.671100e+00	
60  20.9451	-8.126644e+00	1.441586e+00	-3.258748e+00	1.371198e+00	6.800218e-01	4.512450e-01	3.343177e-01	2.077301e-01	6.437796e-02	7.664732e-01	8.241247e-01	7.671100e+00	
10  20.943	-8.372031e+00	1.441586e+00	-3.258748e+00	1.371198e+00	6.800218e-01	4.512450e-01	3.343177e-01	2.077301e-01	6.437796e-02	7.664732e-01	8.241248e-01	7.671100e+00	
150  20.9447	-8.144250e+00	1.441586e+00	-3.258748e+00	1.371198e+00	6.800218e-01	4.512450e-01	3.343177e-01	2.077301e-01	6.437796e-02	7.664732e-01	8.241247e-01	7.671100e+00	
25  20.9431	-8.326655e+00	1.441586e+00	-3.258748e+00	1.371198e+00	6.800218e-01	4.512450e-01	3.343177e-01	2.077301e-01	6.437796e-02	7.664732e-01	8.241248e-01	7.671100e+00	
13  21.0114	-8.326655e+00	1.592803e+00	-4.019240e+00	1.459374e+00	9.244746e-01	4.305963e-01	3.521983e-01	1.951775e-01	7.292691e-02	6.967222e-01	8.241248e-01	7.671100e+00	
2  22.3251	-8.326655e+00	1.296340e+00	-3.950983e+00	1.374403e+00	4.235591e-01	4.581123e-01	3.191897e-01	1.976553e-01	6.211031e-02	6.880086e-01	8.241248e-01	7.671100e+00	
20  22.3527	-7.981152e+00	1.296340e+00	-3.950983e+00	1.374403e+00	4.235591e-01	4.581123e-01	3.191897e-01	1.976553e-01	6.211031e-02	6.880086e-01	8.241246e-01	7.671100e+00	
19  22.3696	-7.956708e+00	1.296340e+00	-3.950983e+00	1.374403e+00	4.235591e-01	4.581123e-01	3.191897e-01	1.976553e-01	6.211031e-02	6.880086e-01	8.241246e-01	7.671100e+00	
15  22.1872	-7.956708e+00	1.173085e+00	-2.966558e+00	1.237761e+00	1.420079e-01	4.022076e-01	3.225111e-01	1.862025e-01	5.603087e-02	4.326340e-01	8.241246e-01	7.671100e+00	
11  22.6582	-7.956708e+00	1.539120e+00	-4.011092e+00	1.468750e+00	-2.518565e-01	4.191068e-01	3.229830e-01	1.976439e-01	8.535851e-02	7.157971e-01	8.241246e-01	7.671100e+00	
1  25.9972	-7.956708e+00	1.123382e+00	-3.582506e+00	1.527455e+00	-1.294783e+00	4.060107e-01	3.351041e-01	2.430025e-01	1.057766e-01	5.106215e-01	8.241246e-01	7.671100e+00	
4  24.8489	-7.956708e+00	6.983270e-01	-4.487155e+00	1.487828e+00	-1.797523e+00	4.070741e-01	3.796203e-01	2.029402e-01	1.282331e-01	7.243155e-01	8.241246e-01	7.671100e+00	
67  24.8308	-8.057156e+00	6.983270e-01	-4.487155e+00	1.487828e+00	-1.797523e+00	4.070741e-01	3.796203e-01	2.029402e-01	1.282331e-01	7.243155e-01	8.241247e-01	7.671100e+00	
6  22.9454	-8.057156e+00	1.113354e+00	-3.638461e+00	1.394751e+00	-1.469966e+00	3.908454e-01	3.593012e-01	2.491831e-01	7.980702e-02	8.273977e-01	8.241247e-01	7.671100e+00	
17  22.2652	-8.057156e+00	9.643106e-01	-4.293414e+00	1.379135e+00	-1.183086e+00	3.892467e-01	3.137035e-01	2.736169e-01	2.464848e-02	5.862243e-01	8.241247e-01	7.671100e+00	
67  22.2829	-7.975055e+00	9.643106e-01	-4.293414e+00	1.379135e+00	-1.183086e+00	3.892467e-01	3.137035e-01	2.736169e-01	2.464848e-02	5.862243e-01	8.241246e-01	7.671100e+00	
136  21.975	-7.975055e+00	6.576655e-01	-2.925046e+00	1.313411e+00	-6.671053e-01	3.823773e-01	3.097916e-01	2.843859e-01	6.288987e-02	8.103850e-01	8.241246e-01	7.671100e+00	
87  20.1956	-7.975055e+00	8.349788e-01	-3.530177e+00	1.344831e+00	-6.244033e-01	3.852356e-01	3.442263e-01	2.120603e-01	7.637063e-02	6.614568e-01	8.241246e-01	7.671100e+00	
20  20.191	-8.388228e+00	8.349788e-01	-3.530177e+00	1.344831e+00	-6.244033e-01	3.852356e-01	3.442263e-01	2.120603e-01	7.637063e-02	6.614568e-01	8.241248e-01	7.671100e+00	
26  20.191	-8.199931e+00	8.349788e-01	-3.530177e+00	1.344831e+00	-6.244033e-01	3.852356e-01	3.442263e-01	2.120603e-01	7.637063e-02	6.614568e-01	8.241248e-01	7.671100e+00	
119  21.6254	-8.199931e+00	4.792861e-01	-3.703674e+00	1.438673e+00	-1.081737e+00	3.849959e-01	3.379068e-01	1.791291e-01	8.617618e-02	9.152881e-01	8.241248e-01	7.671100e+00	
39  20.6761	-8.199931e+00	8.536044e-01	-3.549729e+00	1.492899e+00	-1.087168e+00	3.658924e-01	3.253083e-01	2.153700e-01	6.764572e-02	4.717061e-01	8.241248e-01	7.671100e+00	
15  21.3464	-8.199931e+00	1.231772e+00	-2.947102e+00	1.526582e+00	-1.700219e+00	3.723018e-01	3.248977e-01	2.072621e-01	8.503699e-02	6.758193e-01	8.241248e-01	7.671100e+00	
11  22.0191	-8.199931e+00	1.086531e+00	-3.020276e+00	1.560268e+00	-2.101528e+00	3.937895e-01	3.346006e-01	1.698451e-01	9.267845e-02	6.871248e-01	8.241248e-01	7.671100e+00	
10  22.0193	-8.343246e+00	1.086531e+00	-3.020276e+00	1.560268e+00	-2.101528e+00	3.937895e-01	3.346006e-01	1.698451e-01	9.267845e-02	6.871248e-01	8.241248e-01	7.671100e+00	
6  22.3245	-7.811999e+00	1.086531e+00	-3.020276e+00	1.560268e+00	-2.101528e+00	3.937895e-01	3.346006e-01	1.698451e-01	9.267845e-02	6.871248e-01	8.241243e-01	7.671100e+00	
64  21.8845	-7.811999e+00	6.627266e-01	-2.707932e+00	1.600808e+00	-2.065086e+00	3.922571e-01	3.616230e-01	2.026863e-01	7.112890e-02	6.998784e-01	8.241243e-01	7.671100e+00	
40  22.4764	-7.774794e+00	6.627266e-01	-2.707932e+00	1.600808e+00	-2.065086e+00	3.922571e-01	3.616230e-01	2.026863e-01	7.112890e-02	6.998784e-01	8.241242e-01	7.671100e+00	
80  21.8371	-8.028257e+00	6.627266e-01	-2.707932e+00	1.600808e+00	-2.065086e+00	3.922571e-01	3.616230e-01	2.026863e-01	7.112890e-02	6.998784e-01	8.241246e-01	7.671100e+00	
21  21.8494	-8.463444e+00	6.627266e-01	-2.707932e+00	1.600808e+00	-2.065086e+00	3.922571e-01	3.616230e-01	2.026863e-01	7.112890e-02	6.998784e-01	8.241248e-01	7.671100e+00	
31  20.7599	-8.463444e+00	9.501575e-01	-1.993174e+00	1.574455e+00	-1.887834e+00	4.087613e-01	3.130213e-01	1.978396e-01	7.908150e-02	7.707130e-01	8.241248e-01	7.671100e+00	
60  20.0347	-8.463444e+00	7.385442e-01	-3.033083e+00	1.450226e+00	-2.635326e+00	3.685601e-01	3.165277e-01	2.243154e-01	8.510516e-02	6.210357e-01	8.241248e-01	7.671100e+00	
1  20.2595	-8.463444e+00	1.280092e+00	-3.405681e+00	1.601402e+00	-1.975143e+00	3.994787e-01	3.269638e-01	2.108420e-01	9.060589e-02	4.312201e-01	8.241248e-01	7.671100e+00	
27  22.8475	-8.463444e+00	8.687656e-01	-3.393943e+00	1.531936e+00	-2.510732e+00	3.939125e-01	3.453104e-01	1.944126e-01	7.153076e-02	3.838137e-01	8.241248e-01	7.671100e+00	
5  22.8474	-8.336201e+00	8.687656e-01	-3.393943e+00	1.531936e+00	-2.510732e+00	3.939125e-01	3.453104e-01	1.944126e-01	7.153076e-02	3.838137e-01	8.241248e-01	7.671100e+00	
42  23.7114	-8.336201e+00	9.138599e-01	-2.778244e+00	1.619866e+00	-2.493131e+00	4.533374e-01	3.224156e-01	1.825977e-01	5.360579e-02	8.199070e-01	8.241248e-01	7.671100e+00	
26  23.9801	-8.336201e+00	9.552987e-01	-2.533329e+00	1.573418e+00	-1.822781e+00	4.173076e-01	3.305046e-01	1.675490e-01	2.675386e-02	6.490650e-01	8.241248e-01	7.671100e+00	
10  25.1633	-8.336201e+00	1.595261e+00	-1.178894e+00	1.609284e+00	-1.519150e+00	3.821879e-01	3.603448e-01	1.965104e-01	4.034734e-02	8.741791e-01	8.241248e-01	7.671100e+00	
5  24.7626	-8.336201e+00	1.112785e+00	-2.161339e+00	1.448339e+00	3.899924e-01	3.508069e-01	3.175459e-01	1.943291e-01	5.450919e-02	1.958758e-01	8.241248e-01	7.671100e+00	
27  23.9494	-8.336201e+00	8.348334e-01	-1.935537e+00	1.354278e+00	3.282868e-01	3.706232e-01	2.936928e-01	2.154921e-01	8.777285e-02	8.174828e-01	8.241248e-01	7.671100e+00	
7  24.2195	-8.336201e+00	9.224362e-01	-2.515419e-02	1.334928e+00	5.271823e-02	4.057191e-01	2.908173e-01	2.026697e-01	7.618166e-02	7.161531e-01	8.241248e-01	7.671100e+00	
15  23.9732	-8.336201e+00	9.071454e-01	-2.195872e-01	1.464172e+00	5.519468e-01	3.908921e-01	3.152827e-01	2.105687e-01	7.115714e-02	8.071922e-01	8.241248e-01	7.671100e+00	
31  24.7554	-8.336201e+00	3.954222e-01	-5.195239e-01	1.483658e+00	-1.026481e+00	4.086896e-01	3.531402e-01	1.777145e-01	2.772713e-02	8.473343e-01	8.241248e-01	7.671100e+00	
15  25.1338	-8.336201e+00	4.310533e-01	-1.287112e+00	1.505129e+00	-1.123709e+00	4.065835e-01	3.710935e-01	1.797845e-01	2.577842e-02	8.676489e-01	8.241248e-01	7.671100e+00	
16  24.5161	-8.336201e+00	1.016184e+00	-1.193225e+00	1.527391e+00	-8.216423e-01	3.780982e-01	3.841222e-01	1.669067e-01	7.986090e-02	7.670354e-01	8.241248e-01	7.671100e+00	
11  21.9285	-8.336201e+00	1.489766e+00	-2.456984e+00	1.544311e+00	4.061306e-01	4.088885e-01	3.572909e-01	1.987794e-01	8.443571e-02	6.605836e-01	8.241248e-01	7.671100e+00	
10  21.9286	-8.284110e+00	1.489766e+00	-2.456984e+00	1.544311e+00	4.061306e-01	4.088885e-01	3.572909e-01	1.987794e-01	8.443571e-02	6.605836e-01	8.241248e-01	7.671100e+00	
9  21.9409	-8.050309e+00	1.489766e+00	-2.456984e+00	1.544311e+00	4.061306e-01	4.088885e-01	3.572909e-01	1.987794e-01	8.443571e-02	6.605836e-01	8.241247e-01	7.671100e+00	
1  21.3794	-8.050309e+00	1.316546e+00	-2.713818e+00	1.497651e+00	8.008927e-01	4.034796e-01	3.919781e-01	1.794353e-01	5.177267e-02	6.849427e-01	8.241247e-01	7.671100e+00	
81  21.3722	-8.098930e+00	1.316546e+00	-2.713818e+00	1.497651e+00	8.008927e-01	4.034796e-01	3.919781e-01	1.794353e-01	5.177267e-02	6.849427e-01	8.241247e-01	7.671100e+00	
99  21.2623	-8.098930e+00	1.754122e+00	-2.720244e+00	1.602964e+00	6.359960e-01	3.990211e-01	4.092617e-01	2.376214e-01	8.320650e-02	9.249323e-01	8.241247e-01	7.671100e+00	
16  21.2602	-8.181204e+00	1.754122e+00	-2.720244e+00	1.602964e+00	6.359960e-01	3.990211e-01	4.092617e-01	2.376214e-01	8.320650e-02	9.249323e-01	8.241247e-01	7.671100e+00	
139  21.2767	-8.181204e+00	1.635904e+00	-3.159154e+00	1.465884e+00	1.149465e-01	4.061349e-01	3.480542e-01	2.419383e-01	6.328291e-02	8.175734e-01	8.241247e-01	7.671100e+00	
7  21.3316	-8.181204e+00	1.340568e+00	-2.854312e+00	1.441329e+00	-2.037073e-01	3.870720e-01	3.635989e-01	2.028107e-01	4.390176e-02	7.202005e-01	8.241247e-01	7.671100e+00	
29  23.4885	-8.181204e+00	1.104397e+00	-3.423789e+00	1.472188e+00	-1.487991e+00	4.004172e-01	3.843033e-01	2.295616e-01	5.401636e-02	2.826067e-01	8.241247e-01	7.671100e+00	
91  21.0507	-8.181204e+00	5.480116e-01	-2.806324e+00	1.379947e+00	-1.732984e+00	3.948665e-01	3.368638e-01	2.400759e-01	5.401967e-02	7.972756e-01	8.241247e-01	7.671100e+00	
138  20.501	-8.181204e+00	1.002909e+00	-3.996220e+00	1.229566e+00	-1.122478e+00	3.792071e-01	3.217191e-01	1.961707e-01	7.060460e-02	2.370425e-01	8.241247e-01	7.671100e+00	
80  20.4967	-8.067703e+00	1.002909e+00	-3.996220e+00	1.229566e+00	-1.122478e+00	3.792071e-01	3.217191e-01	1.961707e-01	7.060460e-02	2.370425e-01	8.241247e-01	7.671100e+00	
31  20.502	-8.390730e+00	1.002909e+00	-3.996220e+00	1.229566e+00	-1.122478e+00	3.792071e-01	3.217191e-01	1.961707e-01	7.060460e-02	2.370425e-01	8.241248e-01	7.671100e+00	
19  22.3843	-8.390730e+00	7.195146e-01	-3.565969e+00	1.254409e+00	1.381155e-01	3.825648e-01	3.802314e-01	2.480978e-01	3.881890e-02	5.794282e-01	8.241248e-01	7.671100e+00	
19  22.0647	-7.825650e+00	7.195146e-01	-3.565969e+00	1.254409e+00	1.381155e-01	3.825648e-01	3.802314e-01	2.480978e-01	3.881890e-02	5.794282e-01	8.241243e-01	7.671100e+00	
44  21.5589	-7.825650e+00	9.592695e-01	-3.223796e+00	1.235583e+00	-7.687679e-01	3.901768e-01	3.834729e-01	2.152766e-01	6.304276e-02	5.351507e-01	8.241243e-01	7.671100e+00	
34  21.2243	-7.825650e+00	1.191793e+00	-3.478009e+00	1.271086e+00	1.041167e+00	3.870341e-01	3.552267e-01	1.859169e-01	6.464648e-02	8.175772e-01	8.241243e-01	7.671100e+00	
13  21.1973	-7.825650e+00	1.588752e+00	-3.315784e+00	1.157572e+00	1.538729e+00	4.309175e-01	3.706953e-01	2.209666e-01	6.380768e-02	9.263284e-01	8.241243e-01	7.671100e+00	
18  20.6386	-8.471573e+00	1.588752e+00	-3.315784e+00	1.157572e+00	1.538729e+00	4.309175e-01	3.706953e-01	2.209666e-01	6.380768e-02	9.263284e-01	8.241248e-01	7.671100e+00	
38  21.3127	-8.471573e+00	1.391520e+00	-4.044994e+00	1.211452e+00	2.133530e+00	4.022835e-01	3.522463e-01	2.077028e-01	5.454251e-02	6.810902e-01	8.241248e-01	7.671100e+00	
72  19.6665	-8.471573e+00	1.475562e+00	-3.326116e+00	1.314010e+00	3.310850e+00	4.455792e-01	3.688716e-01	1.918630e-01	5.824292e-02	8.999873e-01	8.241248e-01	7.671100e+00	
20  25.2329	-8.471573e+00	1.285369e+00	-2.968444e+00	1.348294e+00	3.476833e+00	4.480205e-01	3.477858e-01	1.767718e-01	1.284461e-01	6.064892e-01	8.241248e-01	7.671100e+00	
22  27.994	-8.471573e+00	1.143482e+00	-1.520619e+00	1.327567e+00	3.867065e+00	4.667333e-01	3.481341e-01	1.778072e-01	1.783382e-01	8.835697e-01	8.241248e-01	7.671100e+00	
2  28.0066	-8.058622e+00	1.143482e+00	-1.520619e+00	1.327567e+00	3.867065e+00	4.667333e-01	3.481341e-01	1.778072e-01	1.783382e-01	8.835697e-01	8.241247e-01	7.671100e+00	
11  22.6794	-8.058622e+00	1.163647e+00	-1.773591e+00	1.265159e+00	4.182433e+00	4.436822e-01	3.567247e-01	2.088808e-01	1.213548e-01	5.871334e-01	8.241247e-01	7.671100e+00	
7  21.5407	-8.058622e+00	7.966364e-01	-1.557503e+00	1.317641e+00	4.887305e+00	4.289268e-01	3.013556e-01	2.497460e-01	1.091217e-01	9.268196e-01	8.241247e-01	7.671100e+00	
38  21.5425	-8.423539e+00	7.966364e-01	-1.557503e+00	1.317641e+00	4.887305e+00	4.289268e-01	3.013556e-01	2.497460e-01	1.091217e-01	9.268196e-01	8.241248e-01	7.671100e+00	
92  21.0065	-8.423539e+00	1.433735e+00	-1.446899e+00	1.291094e+00	4.830419e+00	4.485185e-01	3.320182e-01	2.562080e-01	1.337996e-01	9.622189e-01	8.241248e-01	7.671100e+00	
70  21.0065	-8.283329e+00	1.433735e+00	-1.446899e+00	1.291094e+00	4.830419e+00	4.485185e-01	3.320182e-01	2.562080e-01	1.337996e-01	9.622189e-01	8.241248e-01	7.671100e+00	
83  21.0065	-8.362200e+00	1.433735e+00	-1.446899e+00	1.291094e+00	4.830419e+00	4.485185e-01	3.320182e-01	2.562080e-01	1.337996e-01	9.622189e-01	8.241248e-01	7.671100e+00	
7  21.495	-8.362200e+00	1.506647e+00	-1.317384e+00	1.251548e+00	4.291210e+00	4.182793e-01	4.103263e-01	2.858800e-01	9.471828e-02	6.318067e-01	8.241248e-01	7.671100e+00	
20  21.5982	-7.988715e+00	1.506647e+00	-1.317384e+00	1.251548e+00	4.291210e+00	4.182793e-01	4.103263e-01	2.858800e-01	9.471828e-02	6.318067e-01	8.241246e-01	7.671100e+00	
10  21.4952	-8.293640e+00	1.506647e+00	-1.317384e+00	1.251548e+00	4.291210e+00	4.182793e-01	4.103263e-01	2.858800e-01	9.471828e-02	6.318067e-01	8.241248e-01	7.671100e+00	
