4  513.227	2.225875e+00	1.190759e-01	1.040931e+00	3.057248e+00	9.675926e-01	6.049813e-02	1.000610e+00	8.322128e+00	6.864505e-01	2.477921e-01	6.729983e+01	2.126895e+00	8.128342e-01	
2  505.501	2.234276e+00	1.197358e-01	1.041373e+00	3.061107e+00	9.655377e-01	6.430010e-02	1.000610e+00	8.685715e+00	6.847009e-01	2.478280e-01	6.728840e+01	2.135118e+00	8.160629e-01	
1  504.635	2.234276e+00	1.197358e-01	1.041373e+00	3.061107e+00	9.655377e-01	6.430010e-02	9.994893e-01	8.685715e+00	6.847009e-01	2.478280e-01	6.728840e+01	2.135118e+00	8.160629e-01	
4  504.742	2.234276e+00	1.197358e-01	1.041373e+00	3.061107e+00	9.655377e-01	6.430010e-02	9.992453e-01	8.685715e+00	6.847009e-01	2.478280e-01	6.728840e+01	2.135118e+00	8.160629e-01	
3  505.426	2.234276e+00	1.197358e-01	1.041373e+00	3.061107e+00	9.655377e-01	6.430010e-02	1.000567e+00	8.685715e+00	6.847009e-01	2.478280e-01	6.728840e+01	2.135118e+00	8.160629e-01	
6  504.65	2.234276e+00	1.197358e-01	1.041373e+00	3.061107e+00	9.655377e-01	6.430010e-02	9.997931e-01	8.685715e+00	6.847009e-01	2.478280e-01	6.728840e+01	2.135118e+00	8.160629e-01	
3  505.057	2.228278e+00	1.199001e-01	1.042313e+00	3.059921e+00	9.693737e-01	6.307969e-02	9.997931e-01	8.586746e+00	6.863610e-01	2.478024e-01	6.749089e+01	2.132587e+00	8.184293e-01	
8  505.406	2.228278e+00	1.199001e-01	1.042313e+00	3.059921e+00	9.693737e-01	6.307969e-02	9.994530e-01	8.586746e+00	6.863610e-01	2.478024e-01	6.749089e+01	2.132587e+00	8.184293e-01	
6  508.033	2.228278e+00	1.199001e-01	1.042313e+00	3.059921e+00	9.693737e-01	6.307969e-02	9.983463e-01	8.586746e+00	6.863610e-01	2.478024e-01	6.749089e+01	2.132587e+00	8.184293e-01	
29  509.837	2.205547e+00	1.217199e-01	1.042296e+00	3.061552e+00	9.680561e-01	6.380938e-02	9.983463e-01	8.748886e+00	6.747707e-01	2.477049e-01	6.664577e+01	2.136069e+00	8.256019e-01	
4  509.939	2.188131e+00	1.224393e-01	1.042009e+00	3.039827e+00	9.651629e-01	5.249566e-02	9.983463e-01	7.652512e+00	6.686048e-01	2.476297e-01	6.614733e+01	2.090162e+00	8.184931e-01	
1  510.196	2.188131e+00	1.224393e-01	1.042009e+00	3.039827e+00	9.651629e-01	5.249566e-02	9.980758e-01	7.652512e+00	6.686048e-01	2.476297e-01	6.614733e+01	2.090162e+00	8.184931e-01	
8  509.89	2.188131e+00	1.224393e-01	1.042009e+00	3.039827e+00	9.651629e-01	5.249566e-02	9.990397e-01	7.652512e+00	6.686048e-01	2.476297e-01	6.614733e+01	2.090162e+00	8.184931e-01	
51  509.805	2.188131e+00	1.224393e-01	1.042009e+00	3.039827e+00	9.651629e-01	5.249566e-02	9.987291e-01	7.652512e+00	6.686048e-01	2.476297e-01	6.614733e+01	2.090162e+00	8.184931e-01	
2  508.355	2.206656e+00	1.240476e-01	1.041825e+00	3.054144e+00	9.590386e-01	5.529913e-02	9.987291e-01	7.927658e+00	6.599549e-01	2.477096e-01	6.570321e+01	2.120303e+00	8.266350e-01	
1  507.814	2.213104e+00	1.227655e-01	1.041788e+00	3.071313e+00	9.543886e-01	6.565263e-02	9.987291e-01	8.928574e+00	6.676634e-01	2.477374e-01	6.618463e+01	2.157022e+00	8.280032e-01	
1  505.743	2.203963e+00	1.222505e-01	1.041906e+00	3.052178e+00	9.596258e-01	5.848371e-02	9.987291e-01	8.230179e+00	6.703867e-01	2.476980e-01	6.631892e+01	2.116139e+00	8.205516e-01	
6  505.717	2.203963e+00	1.222505e-01	1.041906e+00	3.052178e+00	9.596258e-01	5.848371e-02	9.987003e-01	8.230179e+00	6.703867e-01	2.476980e-01	6.631892e+01	2.116139e+00	8.205516e-01	
5  505.554	2.203963e+00	1.222505e-01	1.041906e+00	3.052178e+00	9.596258e-01	5.848371e-02	9.984621e-01	8.230179e+00	6.703867e-01	2.476980e-01	6.631892e+01	2.116139e+00	8.205516e-01	
13  506.552	2.204761e+00	1.219180e-01	1.041497e+00	3.052096e+00	9.648568e-01	5.964246e-02	9.984621e-01	8.338974e+00	6.709873e-01	2.477015e-01	6.630508e+01	2.115964e+00	8.206180e-01	
15  506.578	2.204761e+00	1.219180e-01	1.041497e+00	3.052096e+00	9.648568e-01	5.964246e-02	9.984976e-01	8.338974e+00	6.709873e-01	2.477015e-01	6.630508e+01	2.115964e+00	8.206180e-01	
10  506.514	2.204761e+00	1.219180e-01	1.041497e+00	3.052096e+00	9.648568e-01	5.964246e-02	9.978017e-01	8.338974e+00	6.709873e-01	2.477015e-01	6.630508e+01	2.115964e+00	8.206180e-01	
8  506.808	2.204761e+00	1.219180e-01	1.041497e+00	3.052096e+00	9.648568e-01	5.964246e-02	9.987344e-01	8.338974e+00	6.709873e-01	2.477015e-01	6.630508e+01	2.115964e+00	8.206180e-01	
32  506.836	2.204761e+00	1.219180e-01	1.041497e+00	3.052096e+00	9.648568e-01	5.964246e-02	9.987579e-01	8.338974e+00	6.709873e-01	2.477015e-01	6.630508e+01	2.115964e+00	8.206180e-01	
7  506.461	2.204761e+00	1.219180e-01	1.041497e+00	3.052096e+00	9.648568e-01	5.964246e-02	9.979229e-01	8.338974e+00	6.709873e-01	2.477015e-01	6.630508e+01	2.115964e+00	8.206180e-01	
9  506.551	2.204761e+00	1.219180e-01	1.041497e+00	3.052096e+00	9.648568e-01	5.964246e-02	9.984599e-01	8.338974e+00	6.709873e-01	2.477015e-01	6.630508e+01	2.115964e+00	8.206180e-01	
9  507.224	2.204761e+00	1.219180e-01	1.041497e+00	3.052096e+00	9.648568e-01	5.964246e-02	9.990210e-01	8.338974e+00	6.709873e-01	2.477015e-01	6.630508e+01	2.115964e+00	8.206180e-01	
1  507.219	2.204761e+00	1.219180e-01	1.041497e+00	3.052096e+00	9.648568e-01	5.964246e-02	9.990181e-01	8.338974e+00	6.709873e-01	2.477015e-01	6.630508e+01	2.115964e+00	8.206180e-01	
1  507.118	2.204761e+00	1.219180e-01	1.041497e+00	3.052096e+00	9.648568e-01	5.964246e-02	9.989570e-01	8.338974e+00	6.709873e-01	2.477015e-01	6.630508e+01	2.115964e+00	8.206180e-01	
31  506.911	2.204761e+00	1.219180e-01	1.041497e+00	3.052096e+00	9.648568e-01	5.964246e-02	9.973685e-01	8.338974e+00	6.709873e-01	2.477015e-01	6.630508e+01	2.115964e+00	8.206180e-01	
4  507.363	2.204761e+00	1.219180e-01	1.041497e+00	3.052096e+00	9.648568e-01	5.964246e-02	9.970854e-01	8.338974e+00	6.709873e-01	2.477015e-01	6.630508e+01	2.115964e+00	8.206180e-01	
1  506.429	2.204761e+00	1.219180e-01	1.041497e+00	3.052096e+00	9.648568e-01	5.964246e-02	9.980834e-01	8.338974e+00	6.709873e-01	2.477015e-01	6.630508e+01	2.115964e+00	8.206180e-01	
29  507.239	2.204761e+00	1.219180e-01	1.041497e+00	3.052096e+00	9.648568e-01	5.964246e-02	9.971558e-01	8.338974e+00	6.709873e-01	2.477015e-01	6.630508e+01	2.115964e+00	8.206180e-01	
2  507.867	2.204761e+00	1.219180e-01	1.041497e+00	3.052096e+00	9.648568e-01	5.964246e-02	9.968379e-01	8.338974e+00	6.709873e-01	2.477015e-01	6.630508e+01	2.115964e+00	8.206180e-01	
13  506.5	2.204761e+00	1.219180e-01	1.041497e+00	3.052096e+00	9.648568e-01	5.964246e-02	9.978284e-01	8.338974e+00	6.709873e-01	2.477015e-01	6.630508e+01	2.115964e+00	8.206180e-01	
25  506.43	2.204761e+00	1.219180e-01	1.041497e+00	3.052096e+00	9.648568e-01	5.964246e-02	9.980663e-01	8.338974e+00	6.709873e-01	2.477015e-01	6.630508e+01	2.115964e+00	8.206180e-01	
19  505.073	2.217297e+00	1.200559e-01	1.041643e+00	3.054674e+00	9.622803e-01	6.184000e-02	9.980663e-01	8.494095e+00	6.827300e-01	2.477554e-01	6.711438e+01	2.121427e+00	8.144572e-01	
32  505.417	2.217297e+00	1.200559e-01	1.041643e+00	3.054674e+00	9.622803e-01	6.184000e-02	9.994965e-01	8.494095e+00	6.827300e-01	2.477554e-01	6.711438e+01	2.121427e+00	8.144572e-01	
2  505.65	2.217297e+00	1.200559e-01	1.041643e+00	3.054674e+00	9.622803e-01	6.184000e-02	9.996350e-01	8.494095e+00	6.827300e-01	2.477554e-01	6.711438e+01	2.121427e+00	8.144572e-01	
7  506.002	2.217297e+00	1.200559e-01	1.041643e+00	3.054674e+00	9.622803e-01	6.184000e-02	9.974859e-01	8.494095e+00	6.827300e-01	2.477554e-01	6.711438e+01	2.121427e+00	8.144572e-01	
28  505.26	2.217297e+00	1.200559e-01	1.041643e+00	3.054674e+00	9.622803e-01	6.184000e-02	9.979106e-01	8.494095e+00	6.827300e-01	2.477554e-01	6.711438e+01	2.121427e+00	8.144572e-01	
11  505.421	2.217297e+00	1.200559e-01	1.041643e+00	3.054674e+00	9.622803e-01	6.184000e-02	9.977995e-01	8.494095e+00	6.827300e-01	2.477554e-01	6.711438e+01	2.121427e+00	8.144572e-01	
4  505.058	2.217297e+00	1.200559e-01	1.041643e+00	3.054674e+00	9.622803e-01	6.184000e-02	9.992210e-01	8.494095e+00	6.827300e-01	2.477554e-01	6.711438e+01	2.121427e+00	8.144572e-01	
2  504.77	2.217297e+00	1.200559e-01	1.041643e+00	3.054674e+00	9.622803e-01	6.184000e-02	9.987394e-01	8.494095e+00	6.827300e-01	2.477554e-01	6.711438e+01	2.121427e+00	8.144572e-01	
13  504.764	2.217297e+00	1.200559e-01	1.041643e+00	3.054674e+00	9.622803e-01	6.184000e-02	9.986963e-01	8.494095e+00	6.827300e-01	2.477554e-01	6.711438e+01	2.121427e+00	8.144572e-01	
4  505.101	2.217297e+00	1.200559e-01	1.041643e+00	3.054674e+00	9.622803e-01	6.184000e-02	9.992600e-01	8.494095e+00	6.827300e-01	2.477554e-01	6.711438e+01	2.121427e+00	8.144572e-01	
9  504.793	2.217297e+00	1.200559e-01	1.041643e+00	3.054674e+00	9.622803e-01	6.184000e-02	9.988553e-01	8.494095e+00	6.827300e-01	2.477554e-01	6.711438e+01	2.121427e+00	8.144572e-01	
1  504.838	2.217297e+00	1.200559e-01	1.041643e+00	3.054674e+00	9.622803e-01	6.184000e-02	9.989500e-01	8.494095e+00	6.827300e-01	2.477554e-01	6.711438e+01	2.121427e+00	8.144572e-01	
3  504.983	2.217297e+00	1.200559e-01	1.041643e+00	3.054674e+00	9.622803e-01	6.184000e-02	9.981545e-01	8.494095e+00	6.827300e-01	2.477554e-01	6.711438e+01	2.121427e+00	8.144572e-01	
14  505.153	2.217297e+00	1.200559e-01	1.041643e+00	3.054674e+00	9.622803e-01	6.184000e-02	9.993046e-01	8.494095e+00	6.827300e-01	2.477554e-01	6.711438e+01	2.121427e+00	8.144572e-01	
7  505.445	2.217297e+00	1.200559e-01	1.041643e+00	3.054674e+00	9.622803e-01	6.184000e-02	9.977838e-01	8.494095e+00	6.827300e-01	2.477554e-01	6.711438e+01	2.121427e+00	8.144572e-01	
12  505.042	2.217297e+00	1.200559e-01	1.041643e+00	3.054674e+00	9.622803e-01	6.184000e-02	9.980963e-01	8.494095e+00	6.827300e-01	2.477554e-01	6.711438e+01	2.121427e+00	8.144572e-01	
2  504.777	2.217297e+00	1.200559e-01	1.041643e+00	3.054674e+00	9.622803e-01	6.184000e-02	9.985225e-01	8.494095e+00	6.827300e-01	2.477554e-01	6.711438e+01	2.121427e+00	8.144572e-01	
6  504.804	2.217297e+00	1.200559e-01	1.041643e+00	3.054674e+00	9.622803e-01	6.184000e-02	9.984323e-01	8.494095e+00	6.827300e-01	2.477554e-01	6.711438e+01	2.121427e+00	8.144572e-01	
5  505.185	2.226532e+00	1.204232e-01	1.041526e+00	3.048650e+00	9.603628e-01	5.681187e-02	9.984323e-01	7.976089e+00	6.808941e-01	2.477949e-01	6.702857e+01	2.108687e+00	8.121619e-01	
1  503.639	2.226532e+00	1.204232e-01	1.041526e+00	3.048650e+00	9.603628e-01	5.681187e-02	9.998266e-01	7.976089e+00	6.808941e-01	2.477949e-01	6.702857e+01	2.108687e+00	8.121619e-01	
1  503.741	2.226532e+00	1.204232e-01	1.041526e+00	3.048650e+00	9.603628e-01	5.681187e-02	9.993883e-01	7.976089e+00	6.808941e-01	2.477949e-01	6.702857e+01	2.108687e+00	8.121619e-01	
31  503.705	2.226532e+00	1.204232e-01	1.041526e+00	3.048650e+00	9.603628e-01	5.681187e-02	1.000015e+00	7.976089e+00	6.808941e-01	2.477949e-01	6.702857e+01	2.108687e+00	8.121619e-01	
29  503.819	2.226532e+00	1.204232e-01	1.041526e+00	3.048650e+00	9.603628e-01	5.681187e-02	9.992801e-01	7.976089e+00	6.808941e-01	2.477949e-01	6.702857e+01	2.108687e+00	8.121619e-01	
12  505.829	2.226532e+00	1.204232e-01	1.041526e+00	3.048650e+00	9.603628e-01	5.681187e-02	9.981855e-01	7.976089e+00	6.808941e-01	2.477949e-01	6.702857e+01	2.108687e+00	8.121619e-01	
4  503.626	2.221934e+00	1.211070e-01	1.041650e+00	3.047129e+00	9.599556e-01	5.630583e-02	9.981855e-01	7.946609e+00	6.771787e-01	2.477753e-01	6.678981e+01	2.105480e+00	8.139561e-01	
20  503.622	2.221934e+00	1.211070e-01	1.041650e+00	3.047129e+00	9.599556e-01	5.630583e-02	9.981894e-01	7.946609e+00	6.771787e-01	2.477753e-01	6.678981e+01	2.105480e+00	8.139561e-01	
21  503.355	2.221934e+00	1.211070e-01	1.041650e+00	3.047129e+00	9.599556e-01	5.630583e-02	9.984962e-01	7.946609e+00	6.771787e-01	2.477753e-01	6.678981e+01	2.105480e+00	8.139561e-01	
5  503.278	2.221934e+00	1.211070e-01	1.041650e+00	3.047129e+00	9.599556e-01	5.630583e-02	9.986716e-01	7.946609e+00	6.771787e-01	2.477753e-01	6.678981e+01	2.105480e+00	8.139561e-01	
3  504.555	2.219347e+00	1.197370e-01	1.041608e+00	3.047285e+00	9.628711e-01	5.793975e-02	9.986716e-01	8.095413e+00	6.845124e-01	2.477642e-01	6.723341e+01	2.105809e+00	8.104623e-01	
5  506.094	2.219347e+00	1.197370e-01	1.041608e+00	3.047285e+00	9.628711e-01	5.793975e-02	1.000607e+00	8.095413e+00	6.845124e-01	2.477642e-01	6.723341e+01	2.105809e+00	8.104623e-01	
32  504.315	2.219347e+00	1.197370e-01	1.041608e+00	3.047285e+00	9.628711e-01	5.793975e-02	9.993613e-01	8.095413e+00	6.845124e-01	2.477642e-01	6.723341e+01	2.105809e+00	8.104623e-01	
12  504.687	2.219347e+00	1.197370e-01	1.041608e+00	3.047285e+00	9.628711e-01	5.793975e-02	9.985468e-01	8.095413e+00	6.845124e-01	2.477642e-01	6.723341e+01	2.105809e+00	8.104623e-01	
2  505.255	2.219347e+00	1.197370e-01	1.041608e+00	3.047285e+00	9.628711e-01	5.793975e-02	9.981719e-01	8.095413e+00	6.845124e-01	2.477642e-01	6.723341e+01	2.105809e+00	8.104623e-01	
3  504.317	2.219347e+00	1.197370e-01	1.041608e+00	3.047285e+00	9.628711e-01	5.793975e-02	9.990616e-01	8.095413e+00	6.845124e-01	2.477642e-01	6.723341e+01	2.105809e+00	8.104623e-01	
2  504.912	2.219347e+00	1.197370e-01	1.041608e+00	3.047285e+00	9.628711e-01	5.793975e-02	1.000025e+00	8.095413e+00	6.845124e-01	2.477642e-01	6.723341e+01	2.105809e+00	8.104623e-01	
10  504.49	2.219347e+00	1.197370e-01	1.041608e+00	3.047285e+00	9.628711e-01	5.793975e-02	9.987449e-01	8.095413e+00	6.845124e-01	2.477642e-01	6.723341e+01	2.105809e+00	8.104623e-01	
47  504.398	2.219347e+00	1.197370e-01	1.041608e+00	3.047285e+00	9.628711e-01	5.793975e-02	9.988769e-01	8.095413e+00	6.845124e-01	2.477642e-01	6.723341e+01	2.105809e+00	8.104623e-01	
3  505.563	2.219347e+00	1.197370e-01	1.041608e+00	3.047285e+00	9.628711e-01	5.793975e-02	9.980191e-01	8.095413e+00	6.845124e-01	2.477642e-01	6.723341e+01	2.105809e+00	8.104623e-01	
4  505.228	2.219347e+00	1.197370e-01	1.041608e+00	3.047285e+00	9.628711e-01	5.793975e-02	1.000213e+00	8.095413e+00	6.845124e-01	2.477642e-01	6.723341e+01	2.105809e+00	8.104623e-01	
9  504.756	2.219347e+00	1.197370e-01	1.041608e+00	3.047285e+00	9.628711e-01	5.793975e-02	9.999067e-01	8.095413e+00	6.845124e-01	2.477642e-01	6.723341e+01	2.105809e+00	8.104623e-01	
3  504.783	2.219347e+00	1.197370e-01	1.041608e+00	3.047285e+00	9.628711e-01	5.793975e-02	9.984660e-01	8.095413e+00	6.845124e-01	2.477642e-01	6.723341e+01	2.105809e+00	8.104623e-01	
14  504.547	2.219347e+00	1.197370e-01	1.041608e+00	3.047285e+00	9.628711e-01	5.793975e-02	9.997227e-01	8.095413e+00	6.845124e-01	2.477642e-01	6.723341e+01	2.105809e+00	8.104623e-01	
3  504.294	2.219347e+00	1.197370e-01	1.041608e+00	3.047285e+00	9.628711e-01	5.793975e-02	9.991569e-01	8.095413e+00	6.845124e-01	2.477642e-01	6.723341e+01	2.105809e+00	8.104623e-01	
11  504.311	2.219347e+00	1.197370e-01	1.041608e+00	3.047285e+00	9.628711e-01	5.793975e-02	9.993476e-01	8.095413e+00	6.845124e-01	2.477642e-01	6.723341e+01	2.105809e+00	8.104623e-01	
18  505.201	2.219347e+00	1.197370e-01	1.041608e+00	3.047285e+00	9.628711e-01	5.793975e-02	1.000198e+00	8.095413e+00	6.845124e-01	2.477642e-01	6.723341e+01	2.105809e+00	8.104623e-01	
4  505.5	2.219347e+00	1.197370e-01	1.041608e+00	3.047285e+00	9.628711e-01	5.793975e-02	9.980485e-01	8.095413e+00	6.845124e-01	2.477642e-01	6.723341e+01	2.105809e+00	8.104623e-01	
1  505.529	2.219347e+00	1.197370e-01	1.041608e+00	3.047285e+00	9.628711e-01	5.793975e-02	1.000363e+00	8.095413e+00	6.845124e-01	2.477642e-01	6.723341e+01	2.105809e+00	8.104623e-01	
1  504.952	2.219347e+00	1.197370e-01	1.041608e+00	3.047285e+00	9.628711e-01	5.793975e-02	9.983484e-01	8.095413e+00	6.845124e-01	2.477642e-01	6.723341e+01	2.105809e+00	8.104623e-01	
9  506.161	2.219347e+00	1.197370e-01	1.041608e+00	3.047285e+00	9.628711e-01	5.793975e-02	9.977715e-01	8.095413e+00	6.845124e-01	2.477642e-01	6.723341e+01	2.105809e+00	8.104623e-01	
1  506.852	2.219347e+00	1.197370e-01	1.041608e+00	3.047285e+00	9.628711e-01	5.793975e-02	9.975277e-01	8.095413e+00	6.845124e-01	2.477642e-01	6.723341e+01	2.105809e+00	8.104623e-01	
19  504.392	2.219347e+00	1.197370e-01	1.041608e+00	3.047285e+00	9.628711e-01	5.793975e-02	9.995243e-01	8.095413e+00	6.845124e-01	2.477642e-01	6.723341e+01	2.105809e+00	8.104623e-01	
2  504.556	2.219347e+00	1.197370e-01	1.041608e+00	3.047285e+00	9.628711e-01	5.793975e-02	9.986710e-01	8.095413e+00	6.845124e-01	2.477642e-01	6.723341e+01	2.105809e+00	8.104623e-01	
1  504.407	2.219347e+00	1.197370e-01	1.041608e+00	3.047285e+00	9.628711e-01	5.793975e-02	9.995493e-01	8.095413e+00	6.845124e-01	2.477642e-01	6.723341e+01	2.105809e+00	8.104623e-01	
8  504.459	2.219347e+00	1.197370e-01	1.041608e+00	3.047285e+00	9.628711e-01	5.793975e-02	9.996217e-01	8.095413e+00	6.845124e-01	2.477642e-01	6.723341e+01	2.105809e+00	8.104623e-01	
1  506.852	2.219347e+00	1.197370e-01	1.041608e+00	3.047285e+00	9.628711e-01	5.793975e-02	1.000878e+00	8.095413e+00	6.845124e-01	2.477642e-01	6.723341e+01	2.105809e+00	8.104623e-01	
1  505.701	2.219347e+00	1.197370e-01	1.041608e+00	3.047285e+00	9.628711e-01	5.793975e-02	1.000442e+00	8.095413e+00	6.845124e-01	2.477642e-01	6.723341e+01	2.105809e+00	8.104623e-01	
15  505.122	2.219347e+00	1.197370e-01	1.041608e+00	3.047285e+00	9.628711e-01	5.793975e-02	9.982455e-01	8.095413e+00	6.845124e-01	2.477642e-01	6.723341e+01	2.105809e+00	8.104623e-01	
3  505.572	2.219347e+00	1.197370e-01	1.041608e+00	3.047285e+00	9.628711e-01	5.793975e-02	1.000383e+00	8.095413e+00	6.845124e-01	2.477642e-01	6.723341e+01	2.105809e+00	8.104623e-01	
1  506.683	2.219347e+00	1.197370e-01	1.041608e+00	3.047285e+00	9.628711e-01	5.793975e-02	1.000822e+00	8.095413e+00	6.845124e-01	2.477642e-01	6.723341e+01	2.105809e+00	8.104623e-01	
1  506.438	2.219347e+00	1.197370e-01	1.041608e+00	3.047285e+00	9.628711e-01	5.793975e-02	1.000735e+00	8.095413e+00	6.845124e-01	2.477642e-01	6.723341e+01	2.105809e+00	8.104623e-01	
13  505.066	2.219347e+00	1.197370e-01	1.041608e+00	3.047285e+00	9.628711e-01	5.793975e-02	9.982782e-01	8.095413e+00	6.845124e-01	2.477642e-01	6.723341e+01	2.105809e+00	8.104623e-01	
3  504.375	2.219347e+00	1.197370e-01	1.041608e+00	3.047285e+00	9.628711e-01	5.793975e-02	9.989177e-01	8.095413e+00	6.845124e-01	2.477642e-01	6.723341e+01	2.105809e+00	8.104623e-01	
1  506.505	2.219347e+00	1.197370e-01	1.041608e+00	3.047285e+00	9.628711e-01	5.793975e-02	1.000759e+00	8.095413e+00	6.845124e-01	2.477642e-01	6.723341e+01	2.105809e+00	8.104623e-01	
12  504.975	2.219347e+00	1.197370e-01	1.041608e+00	3.047285e+00	9.628711e-01	5.793975e-02	9.983338e-01	8.095413e+00	6.845124e-01	2.477642e-01	6.723341e+01	2.105809e+00	8.104623e-01	
4  504.328	2.219347e+00	1.197370e-01	1.041608e+00	3.047285e+00	9.628711e-01	5.793975e-02	9.993926e-01	8.095413e+00	6.845124e-01	2.477642e-01	6.723341e+01	2.105809e+00	8.104623e-01	
49  504.636	2.219347e+00	1.197370e-01	1.041608e+00	3.047285e+00	9.628711e-01	5.793975e-02	9.985932e-01	8.095413e+00	6.845124e-01	2.477642e-01	6.723341e+01	2.105809e+00	8.104623e-01	
23  504.343	2.219347e+00	1.197370e-01	1.041608e+00	3.047285e+00	9.628711e-01	5.793975e-02	9.989914e-01	8.095413e+00	6.845124e-01	2.477642e-01	6.723341e+01	2.105809e+00	8.104623e-01	
1  504.816	2.219347e+00	1.197370e-01	1.041608e+00	3.047285e+00	9.628711e-01	5.793975e-02	9.999570e-01	8.095413e+00	6.845124e-01	2.477642e-01	6.723341e+01	2.105809e+00	8.104623e-01	
2  504.953	2.219347e+00	1.197370e-01	1.041608e+00	3.047285e+00	9.628711e-01	5.793975e-02	1.000053e+00	8.095413e+00	6.845124e-01	2.477642e-01	6.723341e+01	2.105809e+00	8.104623e-01	
3  505.185	2.219347e+00	1.197370e-01	1.041608e+00	3.047285e+00	9.628711e-01	5.793975e-02	9.982098e-01	8.095413e+00	6.845124e-01	2.477642e-01	6.723341e+01	2.105809e+00	8.104623e-01	
1  504.304	2.219347e+00	1.197370e-01	1.041608e+00	3.047285e+00	9.628711e-01	5.793975e-02	9.990974e-01	8.095413e+00	6.845124e-01	2.477642e-01	6.723341e+01	2.105809e+00	8.104623e-01	
10  504.717	2.219347e+00	1.197370e-01	1.041608e+00	3.047285e+00	9.628711e-01	5.793975e-02	9.998760e-01	8.095413e+00	6.845124e-01	2.477642e-01	6.723341e+01	2.105809e+00	8.104623e-01	
7  504.419	2.219347e+00	1.197370e-01	1.041608e+00	3.047285e+00	9.628711e-01	5.793975e-02	9.988422e-01	8.095413e+00	6.845124e-01	2.477642e-01	6.723341e+01	2.105809e+00	8.104623e-01	
1  504.442	2.219347e+00	1.197370e-01	1.041608e+00	3.047285e+00	9.628711e-01	5.793975e-02	9.995995e-01	8.095413e+00	6.845124e-01	2.477642e-01	6.723341e+01	2.105809e+00	8.104623e-01	
9  504.617	2.219347e+00	1.197370e-01	1.041608e+00	3.047285e+00	9.628711e-01	5.793975e-02	9.997907e-01	8.095413e+00	6.845124e-01	2.477642e-01	6.723341e+01	2.105809e+00	8.104623e-01	
14  505.321	2.219347e+00	1.197370e-01	1.041608e+00	3.047285e+00	9.628711e-01	5.793975e-02	9.981372e-01	8.095413e+00	6.845124e-01	2.477642e-01	6.723341e+01	2.105809e+00	8.104623e-01	
22  504.832	2.219347e+00	1.197370e-01	1.041608e+00	3.047285e+00	9.628711e-01	5.793975e-02	9.984301e-01	8.095413e+00	6.845124e-01	2.477642e-01	6.723341e+01	2.105809e+00	8.104623e-01	
6  504.293	2.219347e+00	1.197370e-01	1.041608e+00	3.047285e+00	9.628711e-01	5.793975e-02	9.992053e-01	8.095413e+00	6.845124e-01	2.477642e-01	6.723341e+01	2.105809e+00	8.104623e-01	
12  503.989	2.230776e+00	1.199525e-01	1.041636e+00	3.045007e+00	9.690222e-01	5.592142e-02	9.992053e-01	7.868698e+00	6.841133e-01	2.478131e-01	6.726855e+01	2.101019e+00	8.116913e-01	
8  505.344	2.230776e+00	1.199525e-01	1.041636e+00	3.045007e+00	9.690222e-01	5.592142e-02	9.985611e-01	7.868698e+00	6.841133e-01	2.478131e-01	6.726855e+01	2.101019e+00	8.116913e-01	
3  503.408	2.230776e+00	1.199525e-01	1.041636e+00	3.045007e+00	9.690222e-01	5.592142e-02	9.998549e-01	7.868698e+00	6.841133e-01	2.478131e-01	6.726855e+01	2.101019e+00	8.116913e-01	
13  503.431	2.230776e+00	1.199525e-01	1.041636e+00	3.045007e+00	9.690222e-01	5.592142e-02	1.000237e+00	7.868698e+00	6.841133e-01	2.478131e-01	6.726855e+01	2.101019e+00	8.116913e-01	
3  503.495	2.230776e+00	1.199525e-01	1.041636e+00	3.045007e+00	9.690222e-01	5.592142e-02	9.996575e-01	7.868698e+00	6.841133e-01	2.478131e-01	6.726855e+01	2.101019e+00	8.116913e-01	
2  504.506	2.230776e+00	1.199525e-01	1.041636e+00	3.045007e+00	9.690222e-01	5.592142e-02	9.989148e-01	7.868698e+00	6.841133e-01	2.478131e-01	6.726855e+01	2.101019e+00	8.116913e-01	
11  503.557	2.230776e+00	1.199525e-01	1.041636e+00	3.045007e+00	9.690222e-01	5.592142e-02	1.000443e+00	7.868698e+00	6.841133e-01	2.478131e-01	6.726855e+01	2.101019e+00	8.116913e-01	
25  503.389	2.230776e+00	1.199525e-01	1.041636e+00	3.045007e+00	9.690222e-01	5.592142e-02	1.000081e+00	7.868698e+00	6.841133e-01	2.478131e-01	6.726855e+01	2.101019e+00	8.116913e-01	
11  504.194	2.230776e+00	1.199525e-01	1.041636e+00	3.045007e+00	9.690222e-01	5.592142e-02	1.000959e+00	7.868698e+00	6.841133e-01	2.478131e-01	6.726855e+01	2.101019e+00	8.116913e-01	
4  503.969	2.230776e+00	1.199525e-01	1.041636e+00	3.045007e+00	9.690222e-01	5.592142e-02	9.992193e-01	7.868698e+00	6.841133e-01	2.478131e-01	6.726855e+01	2.101019e+00	8.116913e-01	
24  503.445	2.230776e+00	1.199525e-01	1.041636e+00	3.045007e+00	9.690222e-01	5.592142e-02	9.997572e-01	7.868698e+00	6.841133e-01	2.478131e-01	6.726855e+01	2.101019e+00	8.116913e-01	
1  503.434	2.230776e+00	1.199525e-01	1.041636e+00	3.045007e+00	9.690222e-01	5.592142e-02	9.997829e-01	7.868698e+00	6.841133e-01	2.478131e-01	6.726855e+01	2.101019e+00	8.116913e-01	
3  503.385	2.230776e+00	1.199525e-01	1.041636e+00	3.045007e+00	9.690222e-01	5.592142e-02	1.000017e+00	7.868698e+00	6.841133e-01	2.478131e-01	6.726855e+01	2.101019e+00	8.116913e-01	
1  504.24	2.230776e+00	1.199525e-01	1.041636e+00	3.045007e+00	9.690222e-01	5.592142e-02	1.000985e+00	7.868698e+00	6.841133e-01	2.478131e-01	6.726855e+01	2.101019e+00	8.116913e-01	
2  503.714	2.230776e+00	1.199525e-01	1.041636e+00	3.045007e+00	9.690222e-01	5.592142e-02	1.000610e+00	7.868698e+00	6.841133e-01	2.478131e-01	6.726855e+01	2.101019e+00	8.116913e-01	
15  503.402	2.230776e+00	1.199525e-01	1.041636e+00	3.045007e+00	9.690222e-01	5.592142e-02	9.998762e-01	7.868698e+00	6.841133e-01	2.478131e-01	6.726855e+01	2.101019e+00	8.116913e-01	
1  503.404	2.230776e+00	1.199525e-01	1.041636e+00	3.045007e+00	9.690222e-01	5.592142e-02	9.998676e-01	7.868698e+00	6.841133e-01	2.478131e-01	6.726855e+01	2.101019e+00	8.116913e-01	
12  503.459	2.230776e+00	1.199525e-01	1.041636e+00	3.045007e+00	9.690222e-01	5.592142e-02	1.000291e+00	7.868698e+00	6.841133e-01	2.478131e-01	6.726855e+01	2.101019e+00	8.116913e-01	
1  503.395	2.230776e+00	1.199525e-01	1.041636e+00	3.045007e+00	9.690222e-01	5.592142e-02	1.000119e+00	7.868698e+00	6.841133e-01	2.478131e-01	6.726855e+01	2.101019e+00	8.116913e-01	
1  504.672	2.230776e+00	1.199525e-01	1.041636e+00	3.045007e+00	9.690222e-01	5.592142e-02	1.001207e+00	7.868698e+00	6.841133e-01	2.478131e-01	6.726855e+01	2.101019e+00	8.116913e-01	
2  504.379	2.230776e+00	1.199525e-01	1.041636e+00	3.045007e+00	9.690222e-01	5.592142e-02	1.001063e+00	7.868698e+00	6.841133e-01	2.478131e-01	6.726855e+01	2.101019e+00	8.116913e-01	
24  503.972	2.230776e+00	1.199525e-01	1.041636e+00	3.045007e+00	9.690222e-01	5.592142e-02	1.000812e+00	7.868698e+00	6.841133e-01	2.478131e-01	6.726855e+01	2.101019e+00	8.116913e-01	
5  502.657	2.235380e+00	1.199289e-01	1.041978e+00	3.053068e+00	9.657951e-01	5.782249e-02	1.000812e+00	8.049789e+00	6.855971e-01	2.478328e-01	6.743241e+01	2.118022e+00	8.140341e-01	
1  504.124	2.235380e+00	1.199289e-01	1.041978e+00	3.053068e+00	9.657951e-01	5.782249e-02	1.002860e+00	8.049789e+00	6.855971e-01	2.478328e-01	6.743241e+01	2.118022e+00	8.140341e-01	
4  503.735	2.235380e+00	1.199289e-01	1.041978e+00	3.053068e+00	9.657951e-01	5.782249e-02	1.000192e+00	8.049789e+00	6.855971e-01	2.478328e-01	6.743241e+01	2.118022e+00	8.140341e-01	
7  503.309	2.235380e+00	1.199289e-01	1.041978e+00	3.053068e+00	9.657951e-01	5.782249e-02	1.000392e+00	8.049789e+00	6.855971e-01	2.478328e-01	6.743241e+01	2.118022e+00	8.140341e-01	
23  502.5	2.235380e+00	1.199289e-01	1.041978e+00	3.053068e+00	9.657951e-01	5.782249e-02	1.001903e+00	8.049789e+00	6.855971e-01	2.478328e-01	6.743241e+01	2.118022e+00	8.140341e-01	
17  502.58	2.235380e+00	1.199289e-01	1.041978e+00	3.053068e+00	9.657951e-01	5.782249e-02	1.000884e+00	8.049789e+00	6.855971e-01	2.478328e-01	6.743241e+01	2.118022e+00	8.140341e-01	
17  503.09	2.235380e+00	1.199289e-01	1.041978e+00	3.053068e+00	9.657951e-01	5.782249e-02	1.002377e+00	8.049789e+00	6.855971e-01	2.478328e-01	6.743241e+01	2.118022e+00	8.140341e-01	
11  505.666	2.235380e+00	1.199289e-01	1.041978e+00	3.053068e+00	9.657951e-01	5.782249e-02	9.995252e-01	8.049789e+00	6.855971e-01	2.478328e-01	6.743241e+01	2.118022e+00	8.140341e-01	
25  502.298	2.235380e+00	1.199289e-01	1.041978e+00	3.053068e+00	9.657951e-01	5.782249e-02	1.001406e+00	8.049789e+00	6.855971e-01	2.478328e-01	6.743241e+01	2.118022e+00	8.140341e-01	
10  505.993	2.234971e+00	1.183569e-01	1.042029e+00	3.053093e+00	9.729614e-01	6.179120e-02	1.001406e+00	8.416183e+00	6.942751e-01	2.478310e-01	6.800476e+01	2.118075e+00	8.109667e-01	
2  505.678	2.234971e+00	1.183569e-01	1.042029e+00	3.053093e+00	9.729614e-01	6.179120e-02	9.990608e-01	8.416183e+00	6.942751e-01	2.478310e-01	6.800476e+01	2.118075e+00	8.109667e-01	
7  504.596	2.234971e+00	1.183569e-01	1.042029e+00	3.053093e+00	9.729614e-01	6.179120e-02	9.999967e-01	8.416183e+00	6.942751e-01	2.478310e-01	6.800476e+01	2.118075e+00	8.109667e-01	
25  504.924	2.234971e+00	1.183569e-01	1.042029e+00	3.053093e+00	9.729614e-01	6.179120e-02	9.995336e-01	8.416183e+00	6.942751e-01	2.478310e-01	6.800476e+01	2.118075e+00	8.109667e-01	
15  504.642	2.234971e+00	1.183569e-01	1.042029e+00	3.053093e+00	9.729614e-01	6.179120e-02	1.000431e+00	8.416183e+00	6.942751e-01	2.478310e-01	6.800476e+01	2.118075e+00	8.109667e-01	
8  504.578	2.234971e+00	1.183569e-01	1.042029e+00	3.053093e+00	9.729614e-01	6.179120e-02	1.000218e+00	8.416183e+00	6.942751e-01	2.478310e-01	6.800476e+01	2.118075e+00	8.109667e-01	
6  506.568	2.234971e+00	1.183569e-01	1.042029e+00	3.053093e+00	9.729614e-01	6.179120e-02	1.001641e+00	8.416183e+00	6.942751e-01	2.478310e-01	6.800476e+01	2.118075e+00	8.109667e-01	
11  505.432	2.234971e+00	1.183569e-01	1.042029e+00	3.053093e+00	9.729614e-01	6.179120e-02	1.001128e+00	8.416183e+00	6.942751e-01	2.478310e-01	6.800476e+01	2.118075e+00	8.109667e-01	
23  504.627	2.234971e+00	1.183569e-01	1.042029e+00	3.053093e+00	9.729614e-01	6.179120e-02	1.000400e+00	8.416183e+00	6.942751e-01	2.478310e-01	6.800476e+01	2.118075e+00	8.109667e-01	
14  504.592	2.234971e+00	1.183569e-01	1.042029e+00	3.053093e+00	9.729614e-01	6.179120e-02	1.000301e+00	8.416183e+00	6.942751e-01	2.478310e-01	6.800476e+01	2.118075e+00	8.109667e-01	
28  504.913	2.234971e+00	1.183569e-01	1.042029e+00	3.053093e+00	9.729614e-01	6.179120e-02	1.000767e+00	8.416183e+00	6.942751e-01	2.478310e-01	6.800476e+01	2.118075e+00	8.109667e-01	
2  504.62	2.234971e+00	1.183569e-01	1.042029e+00	3.053093e+00	9.729614e-01	6.179120e-02	9.999278e-01	8.416183e+00	6.942751e-01	2.478310e-01	6.800476e+01	2.118075e+00	8.109667e-01	
19  504.58	2.234971e+00	1.183569e-01	1.042029e+00	3.053093e+00	9.729614e-01	6.179120e-02	1.000066e+00	8.416183e+00	6.942751e-01	2.478310e-01	6.800476e+01	2.118075e+00	8.109667e-01	
7  504.641	2.234971e+00	1.183569e-01	1.042029e+00	3.053093e+00	9.729614e-01	6.179120e-02	9.998804e-01	8.416183e+00	6.942751e-01	2.478310e-01	6.800476e+01	2.118075e+00	8.109667e-01	
6  505.196	2.231122e+00	1.210891e-01	1.042422e+00	3.058749e+00	9.643046e-01	6.055666e-02	9.998804e-01	8.353012e+00	6.803320e-01	2.478146e-01	6.713567e+01	2.130089e+00	8.203358e-01	
1  505.509	2.231122e+00	1.210891e-01	1.042422e+00	3.058749e+00	9.643046e-01	6.055666e-02	9.994840e-01	8.353012e+00	6.803320e-01	2.478146e-01	6.713567e+01	2.130089e+00	8.203358e-01	
17  505.977	2.231122e+00	1.210891e-01	1.042422e+00	3.058749e+00	9.643046e-01	6.055666e-02	9.991669e-01	8.353012e+00	6.803320e-01	2.478146e-01	6.713567e+01	2.130089e+00	8.203358e-01	
8  512.899	2.231122e+00	1.210891e-01	1.042422e+00	3.058749e+00	9.643046e-01	6.055666e-02	1.003039e+00	8.353012e+00	6.803320e-01	2.478146e-01	6.713567e+01	2.130089e+00	8.203358e-01	
3  508.581	2.250113e+00	1.198966e-01	1.042710e+00	3.048265e+00	9.646338e-01	5.197668e-02	1.003039e+00	7.423691e+00	6.889380e-01	2.478955e-01	6.782084e+01	2.107875e+00	8.116959e-01	
11  507.961	2.250113e+00	1.198966e-01	1.042710e+00	3.048265e+00	9.646338e-01	5.197668e-02	1.004099e+00	7.423691e+00	6.889380e-01	2.478955e-01	6.782084e+01	2.107875e+00	8.116959e-01	
7  509.002	2.253450e+00	1.194442e-01	1.042845e+00	3.050489e+00	9.690843e-01	5.390948e-02	1.004099e+00	7.607590e+00	6.919929e-01	2.479096e-01	6.805644e+01	2.112568e+00	8.124219e-01	
5  509.379	2.253450e+00	1.194442e-01	1.042845e+00	3.050489e+00	9.690843e-01	5.390948e-02	1.004571e+00	7.607590e+00	6.919929e-01	2.479096e-01	6.805644e+01	2.112568e+00	8.124219e-01	
8  512.546	2.253450e+00	1.194442e-01	1.042845e+00	3.050489e+00	9.690843e-01	5.390948e-02	1.001913e+00	7.607590e+00	6.919929e-01	2.479096e-01	6.805644e+01	2.112568e+00	8.124219e-01	
7  512.417	2.253450e+00	1.194442e-01	1.042845e+00	3.050489e+00	9.690843e-01	5.390948e-02	1.001950e+00	7.607590e+00	6.919929e-01	2.479096e-01	6.805644e+01	2.112568e+00	8.124219e-01	
1  510.684	2.253450e+00	1.194442e-01	1.042845e+00	3.050489e+00	9.690843e-01	5.390948e-02	1.002522e+00	7.607590e+00	6.919929e-01	2.479096e-01	6.805644e+01	2.112568e+00	8.124219e-01	
8  509.941	2.253450e+00	1.194442e-01	1.042845e+00	3.050489e+00	9.690843e-01	5.390948e-02	1.004934e+00	7.607590e+00	6.919929e-01	2.479096e-01	6.805644e+01	2.112568e+00	8.124219e-01	
9  509.031	2.253450e+00	1.194442e-01	1.042845e+00	3.050489e+00	9.690843e-01	5.390948e-02	1.004165e+00	7.607590e+00	6.919929e-01	2.479096e-01	6.805644e+01	2.112568e+00	8.124219e-01	
7  509.056	2.253450e+00	1.194442e-01	1.042845e+00	3.050489e+00	9.690843e-01	5.390948e-02	1.003581e+00	7.607590e+00	6.919929e-01	2.479096e-01	6.805644e+01	2.112568e+00	8.124219e-01	
20  508.971	2.253450e+00	1.194442e-01	1.042845e+00	3.050489e+00	9.690843e-01	5.390948e-02	1.003935e+00	7.607590e+00	6.919929e-01	2.479096e-01	6.805644e+01	2.112568e+00	8.124219e-01	
16  509.022	2.253450e+00	1.194442e-01	1.042845e+00	3.050489e+00	9.690843e-01	5.390948e-02	1.004146e+00	7.607590e+00	6.919929e-01	2.479096e-01	6.805644e+01	2.112568e+00	8.124219e-01	
19  511.899	2.253450e+00	1.194442e-01	1.042845e+00	3.050489e+00	9.690843e-01	5.390948e-02	1.002101e+00	7.607590e+00	6.919929e-01	2.479096e-01	6.805644e+01	2.112568e+00	8.124219e-01	
1  509.083	2.253450e+00	1.194442e-01	1.042845e+00	3.050489e+00	9.690843e-01	5.390948e-02	1.003537e+00	7.607590e+00	6.919929e-01	2.479096e-01	6.805644e+01	2.112568e+00	8.124219e-01	
10  509.028	2.253450e+00	1.194442e-01	1.042845e+00	3.050489e+00	9.690843e-01	5.390948e-02	1.004159e+00	7.607590e+00	6.919929e-01	2.479096e-01	6.805644e+01	2.112568e+00	8.124219e-01	
20  509.231	2.253450e+00	1.194442e-01	1.042845e+00	3.050489e+00	9.690843e-01	5.390948e-02	1.003354e+00	7.607590e+00	6.919929e-01	2.479096e-01	6.805644e+01	2.112568e+00	8.124219e-01	
2  509.277	2.253450e+00	1.194442e-01	1.042845e+00	3.050489e+00	9.690843e-01	5.390948e-02	1.003308e+00	7.607590e+00	6.919929e-01	2.479096e-01	6.805644e+01	2.112568e+00	8.124219e-01	
33  509.213	2.253450e+00	1.194442e-01	1.042845e+00	3.050489e+00	9.690843e-01	5.390948e-02	1.004416e+00	7.607590e+00	6.919929e-01	2.479096e-01	6.805644e+01	2.112568e+00	8.124219e-01	
12  509.025	2.253450e+00	1.194442e-01	1.042845e+00	3.050489e+00	9.690843e-01	5.390948e-02	1.003643e+00	7.607590e+00	6.919929e-01	2.479096e-01	6.805644e+01	2.112568e+00	8.124219e-01	
7  509.06	2.253450e+00	1.194442e-01	1.042845e+00	3.050489e+00	9.690843e-01	5.390948e-02	1.003575e+00	7.607590e+00	6.919929e-01	2.479096e-01	6.805644e+01	2.112568e+00	8.124219e-01	
5  505.965	2.255172e+00	1.195538e-01	1.042328e+00	3.037433e+00	9.705217e-01	4.803820e-02	1.003575e+00	6.995529e+00	6.899261e-01	2.479169e-01	6.785940e+01	2.085165e+00	8.074104e-01	
1  505.97	2.255172e+00	1.195538e-01	1.042328e+00	3.037433e+00	9.705217e-01	4.803820e-02	1.003314e+00	6.995529e+00	6.899261e-01	2.479169e-01	6.785940e+01	2.085165e+00	8.074104e-01	
3  507.138	2.255172e+00	1.195538e-01	1.042328e+00	3.037433e+00	9.705217e-01	4.803820e-02	1.002323e+00	6.995529e+00	6.899261e-01	2.479169e-01	6.785940e+01	2.085165e+00	8.074104e-01	
11  507.307	2.255172e+00	1.195538e-01	1.042328e+00	3.037433e+00	9.705217e-01	4.803820e-02	1.004681e+00	6.995529e+00	6.899261e-01	2.479169e-01	6.785940e+01	2.085165e+00	8.074104e-01	
5  506.157	2.255172e+00	1.195538e-01	1.042328e+00	3.037433e+00	9.705217e-01	4.803820e-02	1.002984e+00	6.995529e+00	6.899261e-01	2.479169e-01	6.785940e+01	2.085165e+00	8.074104e-01	
9  506.032	2.255172e+00	1.195538e-01	1.042328e+00	3.037433e+00	9.705217e-01	4.803820e-02	1.003754e+00	6.995529e+00	6.899261e-01	2.479169e-01	6.785940e+01	2.085165e+00	8.074104e-01	
2  508.084	2.248487e+00	1.199832e-01	1.042060e+00	3.018328e+00	9.705618e-01	3.906766e-02	1.003754e+00	6.033218e+00	6.863575e-01	2.478886e-01	6.755785e+01	2.045705e+00	8.011974e-01	
1  507.915	2.248487e+00	1.199832e-01	1.042060e+00	3.018328e+00	9.705618e-01	3.906766e-02	1.003655e+00	6.033218e+00	6.863575e-01	2.478886e-01	6.755785e+01	2.045705e+00	8.011974e-01	
7  507.913	2.248487e+00	1.199832e-01	1.042060e+00	3.018328e+00	9.705618e-01	3.906766e-02	1.003654e+00	6.033218e+00	6.863575e-01	2.478886e-01	6.755785e+01	2.045705e+00	8.011974e-01	
26  507.176	2.248487e+00	1.199832e-01	1.042060e+00	3.018328e+00	9.705618e-01	3.906766e-02	1.002623e+00	6.033218e+00	6.863575e-01	2.478886e-01	6.755785e+01	2.045705e+00	8.011974e-01	
2  508.534	2.248487e+00	1.199832e-01	1.042060e+00	3.018328e+00	9.705618e-01	3.906766e-02	1.001537e+00	6.033218e+00	6.863575e-01	2.478886e-01	6.755785e+01	2.045705e+00	8.011974e-01	
3  509.386	2.248487e+00	1.199832e-01	1.042060e+00	3.018328e+00	9.705618e-01	3.906766e-02	1.004320e+00	6.033218e+00	6.863575e-01	2.478886e-01	6.755785e+01	2.045705e+00	8.011974e-01	
9  511.177	2.248487e+00	1.199832e-01	1.042060e+00	3.018328e+00	9.705618e-01	3.906766e-02	1.004859e+00	6.033218e+00	6.863575e-01	2.478886e-01	6.755785e+01	2.045705e+00	8.011974e-01	
1  512.587	2.248487e+00	1.199832e-01	1.042060e+00	3.018328e+00	9.705618e-01	3.906766e-02	1.005203e+00	6.033218e+00	6.863575e-01	2.478886e-01	6.755785e+01	2.045705e+00	8.011974e-01	
1  507.646	2.248487e+00	1.199832e-01	1.042060e+00	3.018328e+00	9.705618e-01	3.906766e-02	1.003492e+00	6.033218e+00	6.863575e-01	2.478886e-01	6.755785e+01	2.045705e+00	8.011974e-01	
5  507.163	2.248487e+00	1.199832e-01	1.042060e+00	3.018328e+00	9.705618e-01	3.906766e-02	1.002693e+00	6.033218e+00	6.863575e-01	2.478886e-01	6.755785e+01	2.045705e+00	8.011974e-01	
9  508.425	2.248487e+00	1.199832e-01	1.042060e+00	3.018328e+00	9.705618e-01	3.906766e-02	1.001588e+00	6.033218e+00	6.863575e-01	2.478886e-01	6.755785e+01	2.045705e+00	8.011974e-01	
5  508.912	2.248487e+00	1.199832e-01	1.042060e+00	3.018328e+00	9.705618e-01	3.906766e-02	1.001377e+00	6.033218e+00	6.863575e-01	2.478886e-01	6.755785e+01	2.045705e+00	8.011974e-01	
4  507.179	2.248487e+00	1.199832e-01	1.042060e+00	3.018328e+00	9.705618e-01	3.906766e-02	1.002611e+00	6.033218e+00	6.863575e-01	2.478886e-01	6.755785e+01	2.045705e+00	8.011974e-01	
27  507.319	2.248487e+00	1.199832e-01	1.042060e+00	3.018328e+00	9.705618e-01	3.906766e-02	1.003180e+00	6.033218e+00	6.863575e-01	2.478886e-01	6.755785e+01	2.045705e+00	8.011974e-01	
20  507.2	2.248487e+00	1.199832e-01	1.042060e+00	3.018328e+00	9.705618e-01	3.906766e-02	1.002549e+00	6.033218e+00	6.863575e-01	2.478886e-01	6.755785e+01	2.045705e+00	8.011974e-01	
4  507.285	2.248487e+00	1.199832e-01	1.042060e+00	3.018328e+00	9.705618e-01	3.906766e-02	1.002391e+00	6.033218e+00	6.863575e-01	2.478886e-01	6.755785e+01	2.045705e+00	8.011974e-01	
5  507.199	2.206417e+00	1.203956e-01	1.041803e+00	3.032349e+00	9.643316e-01	4.534308e-02	1.002391e+00	6.815140e+00	6.806666e-01	2.477086e-01	6.695122e+01	2.074591e+00	8.077390e-01	
20  505.94	2.206417e+00	1.203956e-01	1.041803e+00	3.032349e+00	9.643316e-01	4.534308e-02	1.003701e+00	6.815140e+00	6.806666e-01	2.477086e-01	6.695122e+01	2.074591e+00	8.077390e-01	
3  506.879	2.206417e+00	1.203956e-01	1.041803e+00	3.032349e+00	9.643316e-01	4.534308e-02	1.002549e+00	6.815140e+00	6.806666e-01	2.477086e-01	6.695122e+01	2.074591e+00	8.077390e-01	
1  507.368	2.206417e+00	1.203956e-01	1.041803e+00	3.032349e+00	9.643316e-01	4.534308e-02	1.004826e+00	6.815140e+00	6.806666e-01	2.477086e-01	6.695122e+01	2.074591e+00	8.077390e-01	
13  506.801	2.206417e+00	1.203956e-01	1.041803e+00	3.032349e+00	9.643316e-01	4.534308e-02	1.002591e+00	6.815140e+00	6.806666e-01	2.477086e-01	6.695122e+01	2.074591e+00	8.077390e-01	
11  507.89	2.206417e+00	1.203956e-01	1.041803e+00	3.032349e+00	9.643316e-01	4.534308e-02	1.002104e+00	6.815140e+00	6.806666e-01	2.477086e-01	6.695122e+01	2.074591e+00	8.077390e-01	
6  506.164	2.206417e+00	1.203956e-01	1.041803e+00	3.032349e+00	9.643316e-01	4.534308e-02	1.003075e+00	6.815140e+00	6.806666e-01	2.477086e-01	6.695122e+01	2.074591e+00	8.077390e-01	
11  506.371	2.206417e+00	1.203956e-01	1.041803e+00	3.032349e+00	9.643316e-01	4.534308e-02	1.004271e+00	6.815140e+00	6.806666e-01	2.477086e-01	6.695122e+01	2.074591e+00	8.077390e-01	
1  506.031	2.206417e+00	1.203956e-01	1.041803e+00	3.032349e+00	9.643316e-01	4.534308e-02	1.003257e+00	6.815140e+00	6.806666e-01	2.477086e-01	6.695122e+01	2.074591e+00	8.077390e-01	
4  505.944	2.206417e+00	1.203956e-01	1.041803e+00	3.032349e+00	9.643316e-01	4.534308e-02	1.003493e+00	6.815140e+00	6.806666e-01	2.477086e-01	6.695122e+01	2.074591e+00	8.077390e-01	
12  506.455	2.206417e+00	1.203956e-01	1.041803e+00	3.032349e+00	9.643316e-01	4.534308e-02	1.004334e+00	6.815140e+00	6.806666e-01	2.477086e-01	6.695122e+01	2.074591e+00	8.077390e-01	
45  506.868	2.206417e+00	1.203956e-01	1.041803e+00	3.032349e+00	9.643316e-01	4.534308e-02	1.004590e+00	6.815140e+00	6.806666e-01	2.477086e-01	6.695122e+01	2.074591e+00	8.077390e-01	
16  505.93	2.206417e+00	1.203956e-01	1.041803e+00	3.032349e+00	9.643316e-01	4.534308e-02	1.003578e+00	6.815140e+00	6.806666e-01	2.477086e-01	6.695122e+01	2.074591e+00	8.077390e-01	
18  506.142	2.206417e+00	1.203956e-01	1.041803e+00	3.032349e+00	9.643316e-01	4.534308e-02	1.003100e+00	6.815140e+00	6.806666e-01	2.477086e-01	6.695122e+01	2.074591e+00	8.077390e-01	
11  506.302	2.206417e+00	1.203956e-01	1.041803e+00	3.032349e+00	9.643316e-01	4.534308e-02	1.002941e+00	6.815140e+00	6.806666e-01	2.477086e-01	6.695122e+01	2.074591e+00	8.077390e-01	
7  506.716	2.201385e+00	1.210524e-01	1.041516e+00	3.028337e+00	9.644771e-01	4.414282e-02	1.002941e+00	6.701431e+00	6.757409e-01	2.476869e-01	6.658137e+01	2.066284e+00	8.082162e-01	
5  506.59	2.201385e+00	1.210524e-01	1.041516e+00	3.028337e+00	9.644771e-01	4.414282e-02	1.001965e+00	6.701431e+00	6.757409e-01	2.476869e-01	6.658137e+01	2.066284e+00	8.082162e-01	
1  506.767	2.201385e+00	1.210524e-01	1.041516e+00	3.028337e+00	9.644771e-01	4.414282e-02	1.002989e+00	6.701431e+00	6.757409e-01	2.476869e-01	6.658137e+01	2.066284e+00	8.082162e-01	
6  505.252	2.238891e+00	1.214628e-01	1.041367e+00	3.036757e+00	9.634360e-01	4.638896e-02	1.002989e+00	6.876907e+00	6.753558e-01	2.478477e-01	6.672342e+01	2.083756e+00	8.110181e-01	
5  509.108	2.238891e+00	1.214628e-01	1.041367e+00	3.036757e+00	9.634360e-01	4.638896e-02	1.004809e+00	6.876907e+00	6.753558e-01	2.478477e-01	6.672342e+01	2.083756e+00	8.110181e-01	
22  507.221	2.238891e+00	1.214628e-01	1.041367e+00	3.036757e+00	9.634360e-01	4.638896e-02	1.004227e+00	6.876907e+00	6.753558e-01	2.478477e-01	6.672342e+01	2.083756e+00	8.110181e-01	
22  503.825	2.242604e+00	1.203847e-01	1.041751e+00	3.049586e+00	9.616691e-01	5.228390e-02	1.004227e+00	7.477036e+00	6.828237e-01	2.478635e-01	6.726082e+01	2.110660e+00	8.123787e-01	
5  503.771	2.242604e+00	1.203847e-01	1.041751e+00	3.049586e+00	9.616691e-01	5.228390e-02	1.004079e+00	7.477036e+00	6.828237e-01	2.478635e-01	6.726082e+01	2.110660e+00	8.123787e-01	
47  503.76	2.242604e+00	1.203847e-01	1.041751e+00	3.049586e+00	9.616691e-01	5.228390e-02	1.004018e+00	7.477036e+00	6.828237e-01	2.478635e-01	6.726082e+01	2.110660e+00	8.123787e-01	
15  503.909	2.242604e+00	1.203847e-01	1.041751e+00	3.049586e+00	9.616691e-01	5.228390e-02	1.004362e+00	7.477036e+00	6.828237e-01	2.478635e-01	6.726082e+01	2.110660e+00	8.123787e-01	
13  505.829	2.242604e+00	1.203847e-01	1.041751e+00	3.049586e+00	9.616691e-01	5.228390e-02	1.005461e+00	7.477036e+00	6.828237e-01	2.478635e-01	6.726082e+01	2.110660e+00	8.123787e-01	
11  506.051	2.242604e+00	1.203847e-01	1.041751e+00	3.049586e+00	9.616691e-01	5.228390e-02	1.005540e+00	7.477036e+00	6.828237e-01	2.478635e-01	6.726082e+01	2.110660e+00	8.123787e-01	
4  504.97	2.228579e+00	1.198714e-01	1.041567e+00	3.050461e+00	9.640035e-01	5.233846e-02	1.005540e+00	7.504410e+00	6.842081e-01	2.478037e-01	6.725440e+01	2.112508e+00	8.121337e-01	
4  505.436	2.228579e+00	1.198714e-01	1.041567e+00	3.050461e+00	9.640035e-01	5.233846e-02	1.004771e+00	7.504410e+00	6.842081e-01	2.478037e-01	6.725440e+01	2.112508e+00	8.121337e-01	
5  505.066	2.228579e+00	1.198714e-01	1.041567e+00	3.050461e+00	9.640035e-01	5.233846e-02	1.005152e+00	7.504410e+00	6.842081e-01	2.478037e-01	6.725440e+01	2.112508e+00	8.121337e-01	
26  504.968	2.228579e+00	1.198714e-01	1.041567e+00	3.050461e+00	9.640035e-01	5.233846e-02	1.005487e+00	7.504410e+00	6.842081e-01	2.478037e-01	6.725440e+01	2.112508e+00	8.121337e-01	
6  504.999	2.228579e+00	1.198714e-01	1.041567e+00	3.050461e+00	9.640035e-01	5.233846e-02	1.005306e+00	7.504410e+00	6.842081e-01	2.478037e-01	6.725440e+01	2.112508e+00	8.121337e-01	
14  504.98	2.228579e+00	1.198714e-01	1.041567e+00	3.050461e+00	9.640035e-01	5.233846e-02	1.005610e+00	7.504410e+00	6.842081e-01	2.478037e-01	6.725440e+01	2.112508e+00	8.121337e-01	
17  506.422	2.228579e+00	1.198714e-01	1.041567e+00	3.050461e+00	9.640035e-01	5.233846e-02	1.006761e+00	7.504410e+00	6.842081e-01	2.478037e-01	6.725440e+01	2.112508e+00	8.121337e-01	
13  505.36	2.228579e+00	1.198714e-01	1.041567e+00	3.050461e+00	9.640035e-01	5.233846e-02	1.006150e+00	7.504410e+00	6.842081e-01	2.478037e-01	6.725440e+01	2.112508e+00	8.121337e-01	
11  505.037	2.228579e+00	1.198714e-01	1.041567e+00	3.050461e+00	9.640035e-01	5.233846e-02	1.005216e+00	7.504410e+00	6.842081e-01	2.478037e-01	6.725440e+01	2.112508e+00	8.121337e-01	
1  505.353	2.228579e+00	1.198714e-01	1.041567e+00	3.050461e+00	9.640035e-01	5.233846e-02	1.006144e+00	7.504410e+00	6.842081e-01	2.478037e-01	6.725440e+01	2.112508e+00	8.121337e-01	
7  504.986	2.228579e+00	1.198714e-01	1.041567e+00	3.050461e+00	9.640035e-01	5.233846e-02	1.005635e+00	7.504410e+00	6.842081e-01	2.478037e-01	6.725440e+01	2.112508e+00	8.121337e-01	
10  505.038	2.228579e+00	1.198714e-01	1.041567e+00	3.050461e+00	9.640035e-01	5.233846e-02	1.005770e+00	7.504410e+00	6.842081e-01	2.478037e-01	6.725440e+01	2.112508e+00	8.121337e-01	
1  505.145	2.228579e+00	1.198714e-01	1.041567e+00	3.050461e+00	9.640035e-01	5.233846e-02	1.005934e+00	7.504410e+00	6.842081e-01	2.478037e-01	6.725440e+01	2.112508e+00	8.121337e-01	
5  504.972	2.228579e+00	1.198714e-01	1.041567e+00	3.050461e+00	9.640035e-01	5.233846e-02	1.005423e+00	7.504410e+00	6.842081e-01	2.478037e-01	6.725440e+01	2.112508e+00	8.121337e-01	
1  505.472	2.228579e+00	1.198714e-01	1.041567e+00	3.050461e+00	9.640035e-01	5.233846e-02	1.006237e+00	7.504410e+00	6.842081e-01	2.478037e-01	6.725440e+01	2.112508e+00	8.121337e-01	
13  504.985	2.228579e+00	1.198714e-01	1.041567e+00	3.050461e+00	9.640035e-01	5.233846e-02	1.005354e+00	7.504410e+00	6.842081e-01	2.478037e-01	6.725440e+01	2.112508e+00	8.121337e-01	
3  505.168	2.228579e+00	1.198714e-01	1.041567e+00	3.050461e+00	9.640035e-01	5.233846e-02	1.005961e+00	7.504410e+00	6.842081e-01	2.478037e-01	6.725440e+01	2.112508e+00	8.121337e-01	
7  505.252	2.228579e+00	1.198714e-01	1.041567e+00	3.050461e+00	9.640035e-01	5.233846e-02	1.006052e+00	7.504410e+00	6.842081e-01	2.478037e-01	6.725440e+01	2.112508e+00	8.121337e-01	
17  507.031	2.228579e+00	1.198714e-01	1.041567e+00	3.050461e+00	9.640035e-01	5.233846e-02	1.003991e+00	7.504410e+00	6.842081e-01	2.478037e-01	6.725440e+01	2.112508e+00	8.121337e-01	
3  506.741	2.228579e+00	1.198714e-01	1.041567e+00	3.050461e+00	9.640035e-01	5.233846e-02	1.004101e+00	7.504410e+00	6.842081e-01	2.478037e-01	6.725440e+01	2.112508e+00	8.121337e-01	
18  505.557	2.228579e+00	1.198714e-01	1.041567e+00	3.050461e+00	9.640035e-01	5.233846e-02	1.006301e+00	7.504410e+00	6.842081e-01	2.478037e-01	6.725440e+01	2.112508e+00	8.121337e-01	
13  505.092	2.228579e+00	1.198714e-01	1.041567e+00	3.050461e+00	9.640035e-01	5.233846e-02	1.005111e+00	7.504410e+00	6.842081e-01	2.478037e-01	6.725440e+01	2.112508e+00	8.121337e-01	
4  505.216	2.228579e+00	1.198714e-01	1.041567e+00	3.050461e+00	9.640035e-01	5.233846e-02	1.004962e+00	7.504410e+00	6.842081e-01	2.478037e-01	6.725440e+01	2.112508e+00	8.121337e-01	
1  506.762	2.228579e+00	1.198714e-01	1.041567e+00	3.050461e+00	9.640035e-01	5.233846e-02	1.004092e+00	7.504410e+00	6.842081e-01	2.478037e-01	6.725440e+01	2.112508e+00	8.121337e-01	
1  508.88	2.228579e+00	1.198714e-01	1.041567e+00	3.050461e+00	9.640035e-01	5.233846e-02	1.007573e+00	7.504410e+00	6.842081e-01	2.478037e-01	6.725440e+01	2.112508e+00	8.121337e-01	
10  507.141	2.228579e+00	1.198714e-01	1.041567e+00	3.050461e+00	9.640035e-01	5.233846e-02	1.007046e+00	7.504410e+00	6.842081e-01	2.478037e-01	6.725440e+01	2.112508e+00	8.121337e-01	
2  508.793	2.228579e+00	1.198714e-01	1.041567e+00	3.050461e+00	9.640035e-01	5.233846e-02	1.003446e+00	7.504410e+00	6.842081e-01	2.478037e-01	6.725440e+01	2.112508e+00	8.121337e-01	
3  506.395	2.228579e+00	1.198714e-01	1.041567e+00	3.050461e+00	9.640035e-01	5.233846e-02	1.006750e+00	7.504410e+00	6.842081e-01	2.478037e-01	6.725440e+01	2.112508e+00	8.121337e-01	
12  505.023	2.228579e+00	1.198714e-01	1.041567e+00	3.050461e+00	9.640035e-01	5.233846e-02	1.005246e+00	7.504410e+00	6.842081e-01	2.478037e-01	6.725440e+01	2.112508e+00	8.121337e-01	
15  505.331	2.228579e+00	1.198714e-01	1.041567e+00	3.050461e+00	9.640035e-01	5.233846e-02	1.006125e+00	7.504410e+00	6.842081e-01	2.478037e-01	6.725440e+01	2.112508e+00	8.121337e-01	
6  504.982	2.228579e+00	1.198714e-01	1.041567e+00	3.050461e+00	9.640035e-01	5.233846e-02	1.005366e+00	7.504410e+00	6.842081e-01	2.478037e-01	6.725440e+01	2.112508e+00	8.121337e-01	
11  505.424	2.228579e+00	1.198714e-01	1.041567e+00	3.050461e+00	9.640035e-01	5.233846e-02	1.006201e+00	7.504410e+00	6.842081e-01	2.478037e-01	6.725440e+01	2.112508e+00	8.121337e-01	
29  505.151	2.228579e+00	1.198714e-01	1.041567e+00	3.050461e+00	9.640035e-01	5.233846e-02	1.005035e+00	7.504410e+00	6.842081e-01	2.478037e-01	6.725440e+01	2.112508e+00	8.121337e-01	
8  505.373	2.228579e+00	1.198714e-01	1.041567e+00	3.050461e+00	9.640035e-01	5.233846e-02	1.004821e+00	7.504410e+00	6.842081e-01	2.478037e-01	6.725440e+01	2.112508e+00	8.121337e-01	
10  505.891	2.228579e+00	1.198714e-01	1.041567e+00	3.050461e+00	9.640035e-01	5.233846e-02	1.004484e+00	7.504410e+00	6.842081e-01	2.478037e-01	6.725440e+01	2.112508e+00	8.121337e-01	
7  505.368	2.228579e+00	1.198714e-01	1.041567e+00	3.050461e+00	9.640035e-01	5.233846e-02	1.004826e+00	7.504410e+00	6.842081e-01	2.478037e-01	6.725440e+01	2.112508e+00	8.121337e-01	
15  507.034	2.253373e+00	1.200254e-01	1.041912e+00	3.038503e+00	9.597770e-01	4.655647e-02	1.004826e+00	6.847427e+00	6.859689e-01	2.479093e-01	6.753751e+01	2.087396e+00	8.058469e-01	
4  506.524	2.253373e+00	1.200254e-01	1.041912e+00	3.038503e+00	9.597770e-01	4.655647e-02	1.003755e+00	6.847427e+00	6.859689e-01	2.479093e-01	6.753751e+01	2.087396e+00	8.058469e-01	
3  505.019	2.250274e+00	1.197234e-01	1.041839e+00	3.044353e+00	9.618262e-01	5.152665e-02	1.003755e+00	7.372452e+00	6.872019e-01	2.478961e-01	6.759178e+01	2.099644e+00	8.078763e-01	
1  507.154	2.250274e+00	1.197234e-01	1.041839e+00	3.044353e+00	9.618262e-01	5.152665e-02	1.004589e+00	7.372452e+00	6.872019e-01	2.478961e-01	6.759178e+01	2.099644e+00	8.078763e-01	
6  505.678	2.250274e+00	1.197234e-01	1.041839e+00	3.044353e+00	9.618262e-01	5.152665e-02	1.004067e+00	7.372452e+00	6.872019e-01	2.478961e-01	6.759178e+01	2.099644e+00	8.078763e-01	
1  506.006	2.250274e+00	1.197234e-01	1.041839e+00	3.044353e+00	9.618262e-01	5.152665e-02	1.001317e+00	7.372452e+00	6.872019e-01	2.478961e-01	6.759178e+01	2.099644e+00	8.078763e-01	
14  504.163	2.250274e+00	1.197234e-01	1.041839e+00	3.044353e+00	9.618262e-01	5.152665e-02	1.002534e+00	7.372452e+00	6.872019e-01	2.478961e-01	6.759178e+01	2.099644e+00	8.078763e-01	
13  504.528	2.250274e+00	1.197234e-01	1.041839e+00	3.044353e+00	9.618262e-01	5.152665e-02	1.003430e+00	7.372452e+00	6.872019e-01	2.478961e-01	6.759178e+01	2.099644e+00	8.078763e-01	
1  504.405	2.250274e+00	1.197234e-01	1.041839e+00	3.044353e+00	9.618262e-01	5.152665e-02	1.003320e+00	7.372452e+00	6.872019e-01	2.478961e-01	6.759178e+01	2.099644e+00	8.078763e-01	
3  504.117	2.250274e+00	1.197234e-01	1.041839e+00	3.044353e+00	9.618262e-01	5.152665e-02	1.002819e+00	7.372452e+00	6.872019e-01	2.478961e-01	6.759178e+01	2.099644e+00	8.078763e-01	
25  504.228	2.250274e+00	1.197234e-01	1.041839e+00	3.044353e+00	9.618262e-01	5.152665e-02	1.003110e+00	7.372452e+00	6.872019e-01	2.478961e-01	6.759178e+01	2.099644e+00	8.078763e-01	
2  504.125	2.250274e+00	1.197234e-01	1.041839e+00	3.044353e+00	9.618262e-01	5.152665e-02	1.002664e+00	7.372452e+00	6.872019e-01	2.478961e-01	6.759178e+01	2.099644e+00	8.078763e-01	
6  504.134	2.250274e+00	1.197234e-01	1.041839e+00	3.044353e+00	9.618262e-01	5.152665e-02	1.002902e+00	7.372452e+00	6.872019e-01	2.478961e-01	6.759178e+01	2.099644e+00	8.078763e-01	
11  504.72	2.250274e+00	1.197234e-01	1.041839e+00	3.044353e+00	9.618262e-01	5.152665e-02	1.003572e+00	7.372452e+00	6.872019e-01	2.478961e-01	6.759178e+01	2.099644e+00	8.078763e-01	
1  505.92	2.250274e+00	1.197234e-01	1.041839e+00	3.044353e+00	9.618262e-01	5.152665e-02	1.001350e+00	7.372452e+00	6.872019e-01	2.478961e-01	6.759178e+01	2.099644e+00	8.078763e-01	
12  504.288	2.250274e+00	1.197234e-01	1.041839e+00	3.044353e+00	9.618262e-01	5.152665e-02	1.003192e+00	7.372452e+00	6.872019e-01	2.478961e-01	6.759178e+01	2.099644e+00	8.078763e-01	
41  504.304	2.250274e+00	1.197234e-01	1.041839e+00	3.044353e+00	9.618262e-01	5.152665e-02	1.002297e+00	7.372452e+00	6.872019e-01	2.478961e-01	6.759178e+01	2.099644e+00	8.078763e-01	
8  504.134	2.250274e+00	1.197234e-01	1.041839e+00	3.044353e+00	9.618262e-01	5.152665e-02	1.002622e+00	7.372452e+00	6.872019e-01	2.478961e-01	6.759178e+01	2.099644e+00	8.078763e-01	
6  504.114	2.250274e+00	1.197234e-01	1.041839e+00	3.044353e+00	9.618262e-01	5.152665e-02	1.002779e+00	7.372452e+00	6.872019e-01	2.478961e-01	6.759178e+01	2.099644e+00	8.078763e-01	
17  504.129	2.250274e+00	1.197234e-01	1.041839e+00	3.044353e+00	9.618262e-01	5.152665e-02	1.002880e+00	7.372452e+00	6.872019e-01	2.478961e-01	6.759178e+01	2.099644e+00	8.078763e-01	
11  504.311	2.250274e+00	1.197234e-01	1.041839e+00	3.044353e+00	9.618262e-01	5.152665e-02	1.002289e+00	7.372452e+00	6.872019e-01	2.478961e-01	6.759178e+01	2.099644e+00	8.078763e-01	
2  505.034	2.250274e+00	1.197234e-01	1.041839e+00	3.044353e+00	9.618262e-01	5.152665e-02	1.003763e+00	7.372452e+00	6.872019e-01	2.478961e-01	6.759178e+01	2.099644e+00	8.078763e-01	
1  505.076	2.250274e+00	1.197234e-01	1.041839e+00	3.044353e+00	9.618262e-01	5.152665e-02	1.001729e+00	7.372452e+00	6.872019e-01	2.478961e-01	6.759178e+01	2.099644e+00	8.078763e-01	
3  506.114	2.250274e+00	1.197234e-01	1.041839e+00	3.044353e+00	9.618262e-01	5.152665e-02	1.001279e+00	7.372452e+00	6.872019e-01	2.478961e-01	6.759178e+01	2.099644e+00	8.078763e-01	
11  504.244	2.250274e+00	1.197234e-01	1.041839e+00	3.044353e+00	9.618262e-01	5.152665e-02	1.002384e+00	7.372452e+00	6.872019e-01	2.478961e-01	6.759178e+01	2.099644e+00	8.078763e-01	
6  505.67	2.250274e+00	1.197234e-01	1.041839e+00	3.044353e+00	9.618262e-01	5.152665e-02	1.001451e+00	7.372452e+00	6.872019e-01	2.478961e-01	6.759178e+01	2.099644e+00	8.078763e-01	
12  509.223	2.263909e+00	1.195158e-01	1.041124e+00	3.049434e+00	9.688817e-01	5.673662e-02	1.001451e+00	7.867294e+00	6.869525e-01	2.479539e-01	6.754800e+01	2.110339e+00	8.101757e-01	
3  509.108	2.263909e+00	1.195158e-01	1.041124e+00	3.049434e+00	9.688817e-01	5.673662e-02	1.001034e+00	7.867294e+00	6.869525e-01	2.479539e-01	6.754800e+01	2.110339e+00	8.101757e-01	
15  509.241	2.263909e+00	1.195158e-01	1.041124e+00	3.049434e+00	9.688817e-01	5.673662e-02	1.001477e+00	7.867294e+00	6.869525e-01	2.479539e-01	6.754800e+01	2.110339e+00	8.101757e-01	
9  510.466	2.263909e+00	1.195158e-01	1.041124e+00	3.049434e+00	9.688817e-01	5.673662e-02	9.998734e-01	7.867294e+00	6.869525e-01	2.479539e-01	6.754800e+01	2.110339e+00	8.101757e-01	
2  510.634	2.263909e+00	1.195158e-01	1.041124e+00	3.049434e+00	9.688817e-01	5.673662e-02	9.998024e-01	7.867294e+00	6.869525e-01	2.479539e-01	6.754800e+01	2.110339e+00	8.101757e-01	
1  510.165	2.263909e+00	1.195158e-01	1.041124e+00	3.049434e+00	9.688817e-01	5.673662e-02	1.000017e+00	7.867294e+00	6.869525e-01	2.479539e-01	6.754800e+01	2.110339e+00	8.101757e-01	
13  509.262	2.263909e+00	1.195158e-01	1.041124e+00	3.049434e+00	9.688817e-01	5.673662e-02	1.000679e+00	7.867294e+00	6.869525e-01	2.479539e-01	6.754800e+01	2.110339e+00	8.101757e-01	
4  512.89	2.263909e+00	1.195158e-01	1.041124e+00	3.049434e+00	9.688817e-01	5.673662e-02	9.990607e-01	7.867294e+00	6.869525e-01	2.479539e-01	6.754800e+01	2.110339e+00	8.101757e-01	
1  509.116	2.263909e+00	1.195158e-01	1.041124e+00	3.049434e+00	9.688817e-01	5.673662e-02	1.000982e+00	7.867294e+00	6.869525e-01	2.479539e-01	6.754800e+01	2.110339e+00	8.101757e-01	
3  510.146	2.263909e+00	1.195158e-01	1.041124e+00	3.049434e+00	9.688817e-01	5.673662e-02	1.002160e+00	7.867294e+00	6.869525e-01	2.479539e-01	6.754800e+01	2.110339e+00	8.101757e-01	
23  509.107	2.263909e+00	1.195158e-01	1.041124e+00	3.049434e+00	9.688817e-01	5.673662e-02	1.001048e+00	7.867294e+00	6.869525e-01	2.479539e-01	6.754800e+01	2.110339e+00	8.101757e-01	
5  509.107	2.263909e+00	1.195158e-01	1.041124e+00	3.049434e+00	9.688817e-01	5.673662e-02	1.001138e+00	7.867294e+00	6.869525e-01	2.479539e-01	6.754800e+01	2.110339e+00	8.101757e-01	
4  509.156	2.263909e+00	1.195158e-01	1.041124e+00	3.049434e+00	9.688817e-01	5.673662e-02	1.000861e+00	7.867294e+00	6.869525e-01	2.479539e-01	6.754800e+01	2.110339e+00	8.101757e-01	
6  509.229	2.263909e+00	1.195158e-01	1.041124e+00	3.049434e+00	9.688817e-01	5.673662e-02	1.000726e+00	7.867294e+00	6.869525e-01	2.479539e-01	6.754800e+01	2.110339e+00	8.101757e-01	
1  508.416	2.254893e+00	1.190647e-01	1.041349e+00	3.060648e+00	9.612057e-01	6.172887e-02	1.000726e+00	8.373367e+00	6.895585e-01	2.479157e-01	6.770230e+01	2.134139e+00	8.114218e-01	
32  507.827	2.254893e+00	1.190647e-01	1.041349e+00	3.060648e+00	9.612057e-01	6.172887e-02	1.001905e+00	8.373367e+00	6.895585e-01	2.479157e-01	6.770230e+01	2.134139e+00	8.114218e-01	
8  507.73	2.254893e+00	1.190647e-01	1.041349e+00	3.060648e+00	9.612057e-01	6.172887e-02	1.001551e+00	8.373367e+00	6.895585e-01	2.479157e-01	6.770230e+01	2.134139e+00	8.114218e-01	
27  507.738	2.254893e+00	1.190647e-01	1.041349e+00	3.060648e+00	9.612057e-01	6.172887e-02	1.001488e+00	8.373367e+00	6.895585e-01	2.479157e-01	6.770230e+01	2.134139e+00	8.114218e-01	
1  508.494	2.254893e+00	1.190647e-01	1.041349e+00	3.060648e+00	9.612057e-01	6.172887e-02	1.000681e+00	8.373367e+00	6.895585e-01	2.479157e-01	6.770230e+01	2.134139e+00	8.114218e-01	
3  508.462	2.254893e+00	1.190647e-01	1.041349e+00	3.060648e+00	9.612057e-01	6.172887e-02	1.000697e+00	8.373367e+00	6.895585e-01	2.479157e-01	6.770230e+01	2.134139e+00	8.114218e-01	
4  507.941	2.254893e+00	1.190647e-01	1.041349e+00	3.060648e+00	9.612057e-01	6.172887e-02	1.002072e+00	8.373367e+00	6.895585e-01	2.479157e-01	6.770230e+01	2.134139e+00	8.114218e-01	
5  507.794	2.266023e+00	1.167495e-01	1.041635e+00	3.060214e+00	9.718372e-01	6.362262e-02	1.002072e+00	8.488480e+00	7.034542e-01	2.479628e-01	6.873181e+01	2.133212e+00	8.062234e-01	
7  507.967	2.266023e+00	1.167495e-01	1.041635e+00	3.060214e+00	9.718372e-01	6.362262e-02	1.003478e+00	8.488480e+00	7.034542e-01	2.479628e-01	6.873181e+01	2.133212e+00	8.062234e-01	
2  508.785	2.266023e+00	1.167495e-01	1.041635e+00	3.060214e+00	9.718372e-01	6.362262e-02	1.001492e+00	8.488480e+00	7.034542e-01	2.479628e-01	6.873181e+01	2.133212e+00	8.062234e-01	
17  508.69	2.266023e+00	1.167495e-01	1.041635e+00	3.060214e+00	9.718372e-01	6.362262e-02	1.003888e+00	8.488480e+00	7.034542e-01	2.479628e-01	6.873181e+01	2.133212e+00	8.062234e-01	
1  506.723	2.254730e+00	1.178308e-01	1.041563e+00	3.056306e+00	9.685322e-01	6.042742e-02	1.003888e+00	8.225266e+00	6.968577e-01	2.479150e-01	6.821443e+01	2.124892e+00	8.078522e-01	
12  507.685	2.248485e+00	1.176736e-01	1.041421e+00	3.048653e+00	9.675628e-01	5.682343e-02	1.003888e+00	7.881332e+00	6.969132e-01	2.478885e-01	6.816754e+01	2.108693e+00	8.040643e-01	
16  506.973	2.248485e+00	1.176736e-01	1.041421e+00	3.048653e+00	9.675628e-01	5.682343e-02	1.002186e+00	7.881332e+00	6.969132e-01	2.478885e-01	6.816754e+01	2.108693e+00	8.040643e-01	
12  508.475	2.248485e+00	1.176736e-01	1.041421e+00	3.048653e+00	9.675628e-01	5.682343e-02	1.004236e+00	7.881332e+00	6.969132e-01	2.478885e-01	6.816754e+01	2.108693e+00	8.040643e-01	
4  507.281	2.248485e+00	1.176736e-01	1.041421e+00	3.048653e+00	9.675628e-01	5.682343e-02	1.001958e+00	7.881332e+00	6.969132e-01	2.478885e-01	6.816754e+01	2.108693e+00	8.040643e-01	
7  507.057	2.248485e+00	1.176736e-01	1.041421e+00	3.048653e+00	9.675628e-01	5.682343e-02	1.003507e+00	7.881332e+00	6.969132e-01	2.478885e-01	6.816754e+01	2.108693e+00	8.040643e-01	
8  506.507	2.263713e+00	1.182891e-01	1.041623e+00	3.056168e+00	9.728494e-01	5.877985e-02	1.003507e+00	8.051193e+00	6.951078e-01	2.479530e-01	6.815043e+01	2.124599e+00	8.103937e-01	
2  506.811	2.263713e+00	1.182891e-01	1.041623e+00	3.056168e+00	9.728494e-01	5.877985e-02	1.003139e+00	8.051193e+00	6.951078e-01	2.479530e-01	6.815043e+01	2.124599e+00	8.103937e-01	
9  506.58	2.263713e+00	1.182891e-01	1.041623e+00	3.056168e+00	9.728494e-01	5.877985e-02	1.003384e+00	8.051193e+00	6.951078e-01	2.479530e-01	6.815043e+01	2.124599e+00	8.103937e-01	
39  506.555	2.263713e+00	1.182891e-01	1.041623e+00	3.056168e+00	9.728494e-01	5.877985e-02	1.003422e+00	8.051193e+00	6.951078e-01	2.479530e-01	6.815043e+01	2.124599e+00	8.103937e-01	
47  506.499	2.263713e+00	1.182891e-01	1.041623e+00	3.056168e+00	9.728494e-01	5.877985e-02	1.004019e+00	8.051193e+00	6.951078e-01	2.479530e-01	6.815043e+01	2.124599e+00	8.103937e-01	
15  506.587	2.263713e+00	1.182891e-01	1.041623e+00	3.056168e+00	9.728494e-01	5.877985e-02	1.004178e+00	8.051193e+00	6.951078e-01	2.479530e-01	6.815043e+01	2.124599e+00	8.103937e-01	
16  506.508	2.263713e+00	1.182891e-01	1.041623e+00	3.056168e+00	9.728494e-01	5.877985e-02	1.003503e+00	8.051193e+00	6.951078e-01	2.479530e-01	6.815043e+01	2.124599e+00	8.103937e-01	
1  508.525	2.263713e+00	1.182891e-01	1.041623e+00	3.056168e+00	9.728494e-01	5.877985e-02	1.005297e+00	8.051193e+00	6.951078e-01	2.479530e-01	6.815043e+01	2.124599e+00	8.103937e-01	
13  507.821	2.263713e+00	1.182891e-01	1.041623e+00	3.056168e+00	9.728494e-01	5.877985e-02	1.005013e+00	8.051193e+00	6.951078e-01	2.479530e-01	6.815043e+01	2.124599e+00	8.103937e-01	
4  507.274	2.263713e+00	1.182891e-01	1.041623e+00	3.056168e+00	9.728494e-01	5.877985e-02	1.002819e+00	8.051193e+00	6.951078e-01	2.479530e-01	6.815043e+01	2.124599e+00	8.103937e-01	
11  506.604	2.263713e+00	1.182891e-01	1.041623e+00	3.056168e+00	9.728494e-01	5.877985e-02	1.004197e+00	8.051193e+00	6.951078e-01	2.479530e-01	6.815043e+01	2.124599e+00	8.103937e-01	
36  506.47	2.263713e+00	1.182891e-01	1.041623e+00	3.056168e+00	9.728494e-01	5.877985e-02	1.003597e+00	8.051193e+00	6.951078e-01	2.479530e-01	6.815043e+01	2.124599e+00	8.103937e-01	
10  506.445	2.263713e+00	1.182891e-01	1.041623e+00	3.056168e+00	9.728494e-01	5.877985e-02	1.003797e+00	8.051193e+00	6.951078e-01	2.479530e-01	6.815043e+01	2.124599e+00	8.103937e-01	
4  506.978	2.263713e+00	1.182891e-01	1.041623e+00	3.056168e+00	9.728494e-01	5.877985e-02	1.004549e+00	8.051193e+00	6.951078e-01	2.479530e-01	6.815043e+01	2.124599e+00	8.103937e-01	
2  507.229	2.263713e+00	1.182891e-01	1.041623e+00	3.056168e+00	9.728494e-01	5.877985e-02	1.004711e+00	8.051193e+00	6.951078e-01	2.479530e-01	6.815043e+01	2.124599e+00	8.103937e-01	
9  506.481	2.263713e+00	1.182891e-01	1.041623e+00	3.056168e+00	9.728494e-01	5.877985e-02	1.003972e+00	8.051193e+00	6.951078e-01	2.479530e-01	6.815043e+01	2.124599e+00	8.103937e-01	
22  506.905	2.263713e+00	1.182891e-01	1.041623e+00	3.056168e+00	9.728494e-01	5.877985e-02	1.003063e+00	8.051193e+00	6.951078e-01	2.479530e-01	6.815043e+01	2.124599e+00	8.103937e-01	
14  506.591	2.263713e+00	1.182891e-01	1.041623e+00	3.056168e+00	9.728494e-01	5.877985e-02	1.003369e+00	8.051193e+00	6.951078e-01	2.479530e-01	6.815043e+01	2.124599e+00	8.103937e-01	
2  506.928	2.263713e+00	1.182891e-01	1.041623e+00	3.056168e+00	9.728494e-01	5.877985e-02	1.004510e+00	8.051193e+00	6.951078e-01	2.479530e-01	6.815043e+01	2.124599e+00	8.103937e-01	
30  506.497	2.263713e+00	1.182891e-01	1.041623e+00	3.056168e+00	9.728494e-01	5.877985e-02	1.004013e+00	8.051193e+00	6.951078e-01	2.479530e-01	6.815043e+01	2.124599e+00	8.103937e-01	
1  506.59	2.263713e+00	1.182891e-01	1.041623e+00	3.056168e+00	9.728494e-01	5.877985e-02	1.003371e+00	8.051193e+00	6.951078e-01	2.479530e-01	6.815043e+01	2.124599e+00	8.103937e-01	
13  506.937	2.263713e+00	1.182891e-01	1.041623e+00	3.056168e+00	9.728494e-01	5.877985e-02	1.004519e+00	8.051193e+00	6.951078e-01	2.479530e-01	6.815043e+01	2.124599e+00	8.103937e-01	
1  506.768	2.263713e+00	1.182891e-01	1.041623e+00	3.056168e+00	9.728494e-01	5.877985e-02	1.004374e+00	8.051193e+00	6.951078e-01	2.479530e-01	6.815043e+01	2.124599e+00	8.103937e-01	
16  506.725	2.263713e+00	1.182891e-01	1.041623e+00	3.056168e+00	9.728494e-01	5.877985e-02	1.003219e+00	8.051193e+00	6.951078e-01	2.479530e-01	6.815043e+01	2.124599e+00	8.103937e-01	
1  507.325	2.263713e+00	1.182891e-01	1.041623e+00	3.056168e+00	9.728494e-01	5.877985e-02	1.002790e+00	8.051193e+00	6.951078e-01	2.479530e-01	6.815043e+01	2.124599e+00	8.103937e-01	
2  507.827	2.263713e+00	1.182891e-01	1.041623e+00	3.056168e+00	9.728494e-01	5.877985e-02	1.005016e+00	8.051193e+00	6.951078e-01	2.479530e-01	6.815043e+01	2.124599e+00	8.103937e-01	
3  507.155	2.263713e+00	1.182891e-01	1.041623e+00	3.056168e+00	9.728494e-01	5.877985e-02	1.004666e+00	8.051193e+00	6.951078e-01	2.479530e-01	6.815043e+01	2.124599e+00	8.103937e-01	
12  506.819	2.263713e+00	1.182891e-01	1.041623e+00	3.056168e+00	9.728494e-01	5.877985e-02	1.004420e+00	8.051193e+00	6.951078e-01	2.479530e-01	6.815043e+01	2.124599e+00	8.103937e-01	
13  506.924	2.263713e+00	1.182891e-01	1.041623e+00	3.056168e+00	9.728494e-01	5.877985e-02	1.004507e+00	8.051193e+00	6.951078e-01	2.479530e-01	6.815043e+01	2.124599e+00	8.103937e-01	
6  506.452	2.263713e+00	1.182891e-01	1.041623e+00	3.056168e+00	9.728494e-01	5.877985e-02	1.003861e+00	8.051193e+00	6.951078e-01	2.479530e-01	6.815043e+01	2.124599e+00	8.103937e-01	
34  506.647	2.263713e+00	1.182891e-01	1.041623e+00	3.056168e+00	9.728494e-01	5.877985e-02	1.003300e+00	8.051193e+00	6.951078e-01	2.479530e-01	6.815043e+01	2.124599e+00	8.103937e-01	
2  506.372	2.255520e+00	1.195074e-01	1.041360e+00	3.061675e+00	9.672951e-01	5.991858e-02	1.003300e+00	8.202103e+00	6.872162e-01	2.479184e-01	6.755464e+01	2.136331e+00	8.151902e-01	
16  510.01	2.223141e+00	1.222814e-01	1.041694e+00	3.063157e+00	9.698065e-01	5.988176e-02	1.003300e+00	8.324234e+00	6.707758e-01	2.477804e-01	6.640903e+01	2.139498e+00	8.273353e-01	
7  508.521	2.236116e+00	1.218790e-01	1.041566e+00	3.072377e+00	9.687362e-01	6.361687e-02	1.003300e+00	8.654129e+00	6.734830e-01	2.478359e-01	6.662113e+01	2.159317e+00	8.288824e-01	
2  508.532	2.236116e+00	1.218790e-01	1.041566e+00	3.072377e+00	9.687362e-01	6.361687e-02	1.003382e+00	8.654129e+00	6.734830e-01	2.478359e-01	6.662113e+01	2.159317e+00	8.288824e-01	
13  508.613	2.236116e+00	1.218790e-01	1.041566e+00	3.072377e+00	9.687362e-01	6.361687e-02	1.003588e+00	8.654129e+00	6.734830e-01	2.478359e-01	6.662113e+01	2.159317e+00	8.288824e-01	
1  508.956	2.236116e+00	1.218790e-01	1.041566e+00	3.072377e+00	9.687362e-01	6.361687e-02	1.003971e+00	8.654129e+00	6.734830e-01	2.478359e-01	6.662113e+01	2.159317e+00	8.288824e-01	
3  509.388	2.236116e+00	1.218790e-01	1.041566e+00	3.072377e+00	9.687362e-01	6.361687e-02	1.004254e+00	8.654129e+00	6.734830e-01	2.478359e-01	6.662113e+01	2.159317e+00	8.288824e-01	
12  509.192	2.236116e+00	1.218790e-01	1.041566e+00	3.072377e+00	9.687362e-01	6.361687e-02	1.002420e+00	8.654129e+00	6.734830e-01	2.478359e-01	6.662113e+01	2.159317e+00	8.288824e-01	
15  509.144	2.236116e+00	1.218790e-01	1.041566e+00	3.072377e+00	9.687362e-01	6.361687e-02	1.004106e+00	8.654129e+00	6.734830e-01	2.478359e-01	6.662113e+01	2.159317e+00	8.288824e-01	
17  508.56	2.236116e+00	1.218790e-01	1.041566e+00	3.072377e+00	9.687362e-01	6.361687e-02	1.003064e+00	8.654129e+00	6.734830e-01	2.478359e-01	6.662113e+01	2.159317e+00	8.288824e-01	
1  510.782	2.236116e+00	1.218790e-01	1.041566e+00	3.072377e+00	9.687362e-01	6.361687e-02	1.001701e+00	8.654129e+00	6.734830e-01	2.478359e-01	6.662113e+01	2.159317e+00	8.288824e-01	
1  510.121	2.236116e+00	1.218790e-01	1.041566e+00	3.072377e+00	9.687362e-01	6.361687e-02	1.001950e+00	8.654129e+00	6.734830e-01	2.478359e-01	6.662113e+01	2.159317e+00	8.288824e-01	
2  509.797	2.236116e+00	1.218790e-01	1.041566e+00	3.072377e+00	9.687362e-01	6.361687e-02	1.004464e+00	8.654129e+00	6.734830e-01	2.478359e-01	6.662113e+01	2.159317e+00	8.288824e-01	
3  510.059	2.236116e+00	1.218790e-01	1.041566e+00	3.072377e+00	9.687362e-01	6.361687e-02	1.001976e+00	8.654129e+00	6.734830e-01	2.478359e-01	6.662113e+01	2.159317e+00	8.288824e-01	
2  509.963	2.236116e+00	1.218790e-01	1.041566e+00	3.072377e+00	9.687362e-01	6.361687e-02	1.004538e+00	8.654129e+00	6.734830e-01	2.478359e-01	6.662113e+01	2.159317e+00	8.288824e-01	
2  509.992	2.205338e+00	1.217004e-01	1.041535e+00	3.069683e+00	9.665489e-01	6.059014e-02	1.004538e+00	8.428818e+00	6.723885e-01	2.477040e-01	6.639804e+01	2.153507e+00	8.276970e-01	
4  507.95	2.213982e+00	1.200302e-01	1.042030e+00	3.060354e+00	9.714866e-01	5.892375e-02	1.004538e+00	8.212631e+00	6.838829e-01	2.477411e-01	6.722282e+01	2.133511e+00	8.200123e-01	
37  508.088	2.213982e+00	1.200302e-01	1.042030e+00	3.060354e+00	9.714866e-01	5.892375e-02	1.005100e+00	8.212631e+00	6.838829e-01	2.477411e-01	6.722282e+01	2.133511e+00	8.200123e-01	
3  508.453	2.213982e+00	1.200302e-01	1.042030e+00	3.060354e+00	9.714866e-01	5.892375e-02	1.005443e+00	8.212631e+00	6.838829e-01	2.477411e-01	6.722282e+01	2.133511e+00	8.200123e-01	
8  508.364	2.213982e+00	1.200302e-01	1.042030e+00	3.060354e+00	9.714866e-01	5.892375e-02	1.004005e+00	8.212631e+00	6.838829e-01	2.477411e-01	6.722282e+01	2.133511e+00	8.200123e-01	
4  508.152	2.213982e+00	1.200302e-01	1.042030e+00	3.060354e+00	9.714866e-01	5.892375e-02	1.005178e+00	8.212631e+00	6.838829e-01	2.477411e-01	6.722282e+01	2.133511e+00	8.200123e-01	
3  507.942	2.213982e+00	1.200302e-01	1.042030e+00	3.060354e+00	9.714866e-01	5.892375e-02	1.004571e+00	8.212631e+00	6.838829e-01	2.477411e-01	6.722282e+01	2.133511e+00	8.200123e-01	
5  507.997	2.213982e+00	1.200302e-01	1.042030e+00	3.060354e+00	9.714866e-01	5.892375e-02	1.004954e+00	8.212631e+00	6.838829e-01	2.477411e-01	6.722282e+01	2.133511e+00	8.200123e-01	
2  508.794	2.220646e+00	1.193918e-01	1.042481e+00	3.060313e+00	9.667310e-01	5.997395e-02	1.004954e+00	8.291245e+00	6.891942e-01	2.477697e-01	6.765896e+01	2.133423e+00	8.165288e-01	
4  508.83	2.216119e+00	1.197259e-01	1.042490e+00	3.058899e+00	9.697055e-01	5.829418e-02	1.004954e+00	8.140335e+00	6.871230e-01	2.477503e-01	6.750305e+01	2.130409e+00	8.181920e-01	
14  508.801	2.216119e+00	1.197259e-01	1.042490e+00	3.058899e+00	9.697055e-01	5.829418e-02	1.004907e+00	8.140335e+00	6.871230e-01	2.477503e-01	6.750305e+01	2.130409e+00	8.181920e-01	
2  509.744	2.216119e+00	1.197259e-01	1.042490e+00	3.058899e+00	9.697055e-01	5.829418e-02	1.003463e+00	8.140335e+00	6.871230e-01	2.477503e-01	6.750305e+01	2.130409e+00	8.181920e-01	
17  509.008	2.216119e+00	1.197259e-01	1.042490e+00	3.058899e+00	9.697055e-01	5.829418e-02	1.005148e+00	8.140335e+00	6.871230e-01	2.477503e-01	6.750305e+01	2.130409e+00	8.181920e-01	
17  508.895	2.216119e+00	1.197259e-01	1.042490e+00	3.058899e+00	9.697055e-01	5.829418e-02	1.005033e+00	8.140335e+00	6.871230e-01	2.477503e-01	6.750305e+01	2.130409e+00	8.181920e-01	
18  509.355	2.216119e+00	1.197259e-01	1.042490e+00	3.058899e+00	9.697055e-01	5.829418e-02	1.005412e+00	8.140335e+00	6.871230e-01	2.477503e-01	6.750305e+01	2.130409e+00	8.181920e-01	
14  509.089	2.216119e+00	1.197259e-01	1.042490e+00	3.058899e+00	9.697055e-01	5.829418e-02	1.005218e+00	8.140335e+00	6.871230e-01	2.477503e-01	6.750305e+01	2.130409e+00	8.181920e-01	
4  508.793	2.216119e+00	1.197259e-01	1.042490e+00	3.058899e+00	9.697055e-01	5.829418e-02	1.004878e+00	8.140335e+00	6.871230e-01	2.477503e-01	6.750305e+01	2.130409e+00	8.181920e-01	
2  508.803	2.216119e+00	1.197259e-01	1.042490e+00	3.058899e+00	9.697055e-01	5.829418e-02	1.004916e+00	8.140335e+00	6.871230e-01	2.477503e-01	6.750305e+01	2.130409e+00	8.181920e-01	
27  506.765	2.218287e+00	1.197011e-01	1.042218e+00	3.040596e+00	9.671068e-01	4.988818e-02	1.004916e+00	7.269272e+00	6.865459e-01	2.477596e-01	6.744015e+01	2.091770e+00	8.095296e-01	
8  507.043	2.218287e+00	1.197011e-01	1.042218e+00	3.040596e+00	9.671068e-01	4.988818e-02	1.002408e+00	7.269272e+00	6.865459e-01	2.477596e-01	6.744015e+01	2.091770e+00	8.095296e-01	
11  507.399	2.221115e+00	1.210869e-01	1.042137e+00	3.036555e+00	9.703519e-01	4.895641e-02	1.002408e+00	7.185043e+00	6.788035e-01	2.477717e-01	6.695195e+01	2.083334e+00	8.132517e-01	
11  508.256	2.221115e+00	1.210869e-01	1.042137e+00	3.036555e+00	9.703519e-01	4.895641e-02	1.002831e+00	7.185043e+00	6.788035e-01	2.477717e-01	6.695195e+01	2.083334e+00	8.132517e-01	
17  508.601	2.221115e+00	1.210869e-01	1.042137e+00	3.036555e+00	9.703519e-01	4.895641e-02	1.000040e+00	7.185043e+00	6.788035e-01	2.477717e-01	6.695195e+01	2.083334e+00	8.132517e-01	
4  507.251	2.221115e+00	1.210869e-01	1.042137e+00	3.036555e+00	9.703519e-01	4.895641e-02	1.002313e+00	7.185043e+00	6.788035e-01	2.477717e-01	6.695195e+01	2.083334e+00	8.132517e-01	
1  509.701	2.221115e+00	1.210869e-01	1.042137e+00	3.036555e+00	9.703519e-01	4.895641e-02	1.003335e+00	7.185043e+00	6.788035e-01	2.477717e-01	6.695195e+01	2.083334e+00	8.132517e-01	
1  509.035	2.232904e+00	1.197882e-01	1.042315e+00	3.029327e+00	9.637946e-01	4.628948e-02	1.003335e+00	6.857254e+00	6.872625e-01	2.478222e-01	6.757257e+01	2.068330e+00	8.037699e-01	
5  506.183	2.232769e+00	1.191423e-01	1.041592e+00	3.016772e+00	9.674022e-01	3.960538e-02	1.003335e+00	6.111130e+00	6.885481e-01	2.478216e-01	6.755825e+01	2.042525e+00	7.970433e-01	
7  506.306	2.232769e+00	1.191423e-01	1.041592e+00	3.016772e+00	9.674022e-01	3.960538e-02	1.003444e+00	6.111130e+00	6.885481e-01	2.478216e-01	6.755825e+01	2.042525e+00	7.970433e-01	
2  509.657	2.232769e+00	1.191423e-01	1.041592e+00	3.016772e+00	9.674022e-01	3.960538e-02	1.004794e+00	6.111130e+00	6.885481e-01	2.478216e-01	6.755825e+01	2.042525e+00	7.970433e-01	
1  506.425	2.232769e+00	1.191423e-01	1.041592e+00	3.016772e+00	9.674022e-01	3.960538e-02	1.003531e+00	6.111130e+00	6.885481e-01	2.478216e-01	6.755825e+01	2.042525e+00	7.970433e-01	
8  506.362	2.239205e+00	1.186455e-01	1.042050e+00	3.018555e+00	9.666674e-01	3.954374e-02	1.003531e+00	6.087967e+00	6.930323e-01	2.478491e-01	6.794633e+01	2.046171e+00	7.960194e-01	
3  506.573	2.239205e+00	1.186455e-01	1.042050e+00	3.018555e+00	9.666674e-01	3.954374e-02	1.003191e+00	6.087967e+00	6.930323e-01	2.478491e-01	6.794633e+01	2.046171e+00	7.960194e-01	
2  508.942	2.239205e+00	1.186455e-01	1.042050e+00	3.018555e+00	9.666674e-01	3.954374e-02	1.002048e+00	6.087967e+00	6.930323e-01	2.478491e-01	6.794633e+01	2.046171e+00	7.960194e-01	
6  507.04	2.239205e+00	1.186455e-01	1.042050e+00	3.018555e+00	9.666674e-01	3.954374e-02	1.002842e+00	6.087967e+00	6.930323e-01	2.478491e-01	6.794633e+01	2.046171e+00	7.960194e-01	
19  512.957	2.225536e+00	1.182884e-01	1.042650e+00	3.008232e+00	9.735867e-01	3.763361e-02	1.002842e+00	5.891434e+00	6.959557e-01	2.477907e-01	6.815316e+01	2.025157e+00	7.938807e-01	
18  512.236	2.225536e+00	1.182884e-01	1.042650e+00	3.008232e+00	9.735867e-01	3.763361e-02	1.001813e+00	5.891434e+00	6.959557e-01	2.477907e-01	6.815316e+01	2.025157e+00	7.938807e-01	
3  512.261	2.225536e+00	1.182884e-01	1.042650e+00	3.008232e+00	9.735867e-01	3.763361e-02	1.001730e+00	5.891434e+00	6.959557e-01	2.477907e-01	6.815316e+01	2.025157e+00	7.938807e-01	
11  512.54	2.225536e+00	1.182884e-01	1.042650e+00	3.008232e+00	9.735867e-01	3.763361e-02	1.002531e+00	5.891434e+00	6.959557e-01	2.477907e-01	6.815316e+01	2.025157e+00	7.938807e-01	
3  513.137	2.225536e+00	1.182884e-01	1.042650e+00	3.008232e+00	9.735867e-01	3.763361e-02	1.000939e+00	5.891434e+00	6.959557e-01	2.477907e-01	6.815316e+01	2.025157e+00	7.938807e-01	
13  512.694	2.225536e+00	1.182884e-01	1.042650e+00	3.008232e+00	9.735867e-01	3.763361e-02	1.001223e+00	5.891434e+00	6.959557e-01	2.477907e-01	6.815316e+01	2.025157e+00	7.938807e-01	
1  512.28	2.225536e+00	1.182884e-01	1.042650e+00	3.008232e+00	9.735867e-01	3.763361e-02	1.002199e+00	5.891434e+00	6.959557e-01	2.477907e-01	6.815316e+01	2.025157e+00	7.938807e-01	
23  513.517	2.225536e+00	1.182884e-01	1.042650e+00	3.008232e+00	9.735867e-01	3.763361e-02	1.003135e+00	5.891434e+00	6.959557e-01	2.477907e-01	6.815316e+01	2.025157e+00	7.938807e-01	
11  513.82	2.225536e+00	1.182884e-01	1.042650e+00	3.008232e+00	9.735867e-01	3.763361e-02	1.003266e+00	5.891434e+00	6.959557e-01	2.477907e-01	6.815316e+01	2.025157e+00	7.938807e-01	
4  512.633	2.225536e+00	1.182884e-01	1.042650e+00	3.008232e+00	9.735867e-01	3.763361e-02	1.001270e+00	5.891434e+00	6.959557e-01	2.477907e-01	6.815316e+01	2.025157e+00	7.938807e-01	
11  512.71	2.225536e+00	1.182884e-01	1.042650e+00	3.008232e+00	9.735867e-01	3.763361e-02	1.001211e+00	5.891434e+00	6.959557e-01	2.477907e-01	6.815316e+01	2.025157e+00	7.938807e-01	
2  512.629	2.225536e+00	1.182884e-01	1.042650e+00	3.008232e+00	9.735867e-01	3.763361e-02	1.002612e+00	5.891434e+00	6.959557e-01	2.477907e-01	6.815316e+01	2.025157e+00	7.938807e-01	
2  512.953	2.225536e+00	1.182884e-01	1.042650e+00	3.008232e+00	9.735867e-01	3.763361e-02	1.002839e+00	5.891434e+00	6.959557e-01	2.477907e-01	6.815316e+01	2.025157e+00	7.938807e-01	
3  513.284	2.225536e+00	1.182884e-01	1.042650e+00	3.008232e+00	9.735867e-01	3.763361e-02	1.003023e+00	5.891434e+00	6.959557e-01	2.477907e-01	6.815316e+01	2.025157e+00	7.938807e-01	
13  512.469	2.225536e+00	1.182884e-01	1.042650e+00	3.008232e+00	9.735867e-01	3.763361e-02	1.001423e+00	5.891434e+00	6.959557e-01	2.477907e-01	6.815316e+01	2.025157e+00	7.938807e-01	
28  512.906	2.225536e+00	1.182884e-01	1.042650e+00	3.008232e+00	9.735867e-01	3.763361e-02	1.001076e+00	5.891434e+00	6.959557e-01	2.477907e-01	6.815316e+01	2.025157e+00	7.938807e-01	
6  512.417	2.225536e+00	1.182884e-01	1.042650e+00	3.008232e+00	9.735867e-01	3.763361e-02	1.002407e+00	5.891434e+00	6.959557e-01	2.477907e-01	6.815316e+01	2.025157e+00	7.938807e-01	
8  515.277	2.225536e+00	1.182884e-01	1.042650e+00	3.008232e+00	9.735867e-01	3.763361e-02	1.000111e+00	5.891434e+00	6.959557e-01	2.477907e-01	6.815316e+01	2.025157e+00	7.938807e-01	
4  513.189	2.225536e+00	1.182884e-01	1.042650e+00	3.008232e+00	9.735867e-01	3.763361e-02	1.002973e+00	5.891434e+00	6.959557e-01	2.477907e-01	6.815316e+01	2.025157e+00	7.938807e-01	
14  512.985	2.225536e+00	1.182884e-01	1.042650e+00	3.008232e+00	9.735867e-01	3.763361e-02	1.001026e+00	5.891434e+00	6.959557e-01	2.477907e-01	6.815316e+01	2.025157e+00	7.938807e-01	
11  512.224	2.225536e+00	1.182884e-01	1.042650e+00	3.008232e+00	9.735867e-01	3.763361e-02	1.001932e+00	5.891434e+00	6.959557e-01	2.477907e-01	6.815316e+01	2.025157e+00	7.938807e-01	
11  512.592	2.231376e+00	1.196714e-01	1.042584e+00	3.010011e+00	9.731817e-01	3.579875e-02	1.001932e+00	5.684372e+00	6.886366e-01	2.478157e-01	6.769019e+01	2.028761e+00	7.987941e-01	
3  512.666	2.231376e+00	1.196714e-01	1.042584e+00	3.010011e+00	9.731817e-01	3.579875e-02	1.003659e+00	5.684372e+00	6.886366e-01	2.478157e-01	6.769019e+01	2.028761e+00	7.987941e-01	
4  513.777	2.221198e+00	1.187026e-01	1.042495e+00	2.998217e+00	9.712652e-01	2.984917e-02	1.003659e+00	4.974747e+00	6.930073e-01	2.477721e-01	6.791409e+01	2.004975e+00	7.906479e-01	
4  513.985	2.222350e+00	1.190164e-01	1.042617e+00	2.999198e+00	9.707455e-01	3.136212e-02	1.003659e+00	5.162155e+00	6.917474e-01	2.477770e-01	6.785298e+01	2.006943e+00	7.919841e-01	
1  514.359	2.222350e+00	1.190164e-01	1.042617e+00	2.999198e+00	9.707455e-01	3.136212e-02	1.003838e+00	5.162155e+00	6.917474e-01	2.477770e-01	6.785298e+01	2.006943e+00	7.919841e-01	
2  514.34	2.222350e+00	1.190164e-01	1.042617e+00	2.999198e+00	9.707455e-01	3.136212e-02	1.003829e+00	5.162155e+00	6.917474e-01	2.477770e-01	6.785298e+01	2.006943e+00	7.919841e-01	
1  514.123	2.222350e+00	1.190164e-01	1.042617e+00	2.999198e+00	9.707455e-01	3.136212e-02	1.001495e+00	5.162155e+00	6.917474e-01	2.477770e-01	6.785298e+01	2.006943e+00	7.919841e-01	
13  514.191	2.222350e+00	1.190164e-01	1.042617e+00	2.999198e+00	9.707455e-01	3.136212e-02	1.003760e+00	5.162155e+00	6.917474e-01	2.477770e-01	6.785298e+01	2.006943e+00	7.919841e-01	
5  514.823	2.222350e+00	1.190164e-01	1.042617e+00	2.999198e+00	9.707455e-01	3.136212e-02	1.001193e+00	5.162155e+00	6.917474e-01	2.477770e-01	6.785298e+01	2.006943e+00	7.919841e-01	
9  515.056	2.222350e+00	1.190164e-01	1.042617e+00	2.999198e+00	9.707455e-01	3.136212e-02	1.001106e+00	5.162155e+00	6.917474e-01	2.477770e-01	6.785298e+01	2.006943e+00	7.919841e-01	
2  513.813	2.222350e+00	1.190164e-01	1.042617e+00	2.999198e+00	9.707455e-01	3.136212e-02	1.001660e+00	5.162155e+00	6.917474e-01	2.477770e-01	6.785298e+01	2.006943e+00	7.919841e-01	
9  513.612	2.222350e+00	1.190164e-01	1.042617e+00	2.999198e+00	9.707455e-01	3.136212e-02	1.003444e+00	5.162155e+00	6.917474e-01	2.477770e-01	6.785298e+01	2.006943e+00	7.919841e-01	
4  516.416	2.218759e+00	1.190786e-01	1.042534e+00	2.992326e+00	9.722729e-01	2.896451e-02	1.003444e+00	4.871567e+00	6.909446e-01	2.477616e-01	6.777106e+01	1.993198e+00	7.900001e-01	
6  514.183	2.218759e+00	1.190786e-01	1.042534e+00	2.992326e+00	9.722729e-01	2.896451e-02	1.001555e+00	4.871567e+00	6.909446e-01	2.477616e-01	6.777106e+01	1.993198e+00	7.900001e-01	
2  514.15	2.218759e+00	1.190786e-01	1.042534e+00	2.992326e+00	9.722729e-01	2.896451e-02	1.001626e+00	4.871567e+00	6.909446e-01	2.477616e-01	6.777106e+01	1.993198e+00	7.900001e-01	
13  514.267	2.218759e+00	1.190786e-01	1.042534e+00	2.992326e+00	9.722729e-01	2.896451e-02	1.001432e+00	4.871567e+00	6.909446e-01	2.477616e-01	6.777106e+01	1.993198e+00	7.900001e-01	
1  514.283	2.218759e+00	1.190786e-01	1.042534e+00	2.992326e+00	9.722729e-01	2.896451e-02	1.002247e+00	4.871567e+00	6.909446e-01	2.477616e-01	6.777106e+01	1.993198e+00	7.900001e-01	
14  514.376	2.218759e+00	1.190786e-01	1.042534e+00	2.992326e+00	9.722729e-01	2.896451e-02	1.001311e+00	4.871567e+00	6.909446e-01	2.477616e-01	6.777106e+01	1.993198e+00	7.900001e-01	
1  515.439	2.218759e+00	1.190786e-01	1.042534e+00	2.992326e+00	9.722729e-01	2.896451e-02	1.000654e+00	4.871567e+00	6.909446e-01	2.477616e-01	6.777106e+01	1.993198e+00	7.900001e-01	
12  515.526	2.218759e+00	1.190786e-01	1.042534e+00	2.992326e+00	9.722729e-01	2.896451e-02	1.000615e+00	4.871567e+00	6.909446e-01	2.477616e-01	6.777106e+01	1.993198e+00	7.900001e-01	
5  514.76	2.218759e+00	1.190786e-01	1.042534e+00	2.992326e+00	9.722729e-01	2.896451e-02	1.002683e+00	4.871567e+00	6.909446e-01	2.477616e-01	6.777106e+01	1.993198e+00	7.900001e-01	
1  514.527	2.218759e+00	1.190786e-01	1.042534e+00	2.992326e+00	9.722729e-01	2.896451e-02	1.002508e+00	4.871567e+00	6.909446e-01	2.477616e-01	6.777106e+01	1.993198e+00	7.900001e-01	
30  514.986	2.218759e+00	1.190786e-01	1.042534e+00	2.992326e+00	9.722729e-01	2.896451e-02	1.002823e+00	4.871567e+00	6.909446e-01	2.477616e-01	6.777106e+01	1.993198e+00	7.900001e-01	
11  516.59	2.218759e+00	1.190786e-01	1.042534e+00	2.992326e+00	9.722729e-01	2.896451e-02	1.003504e+00	4.871567e+00	6.909446e-01	2.477616e-01	6.777106e+01	1.993198e+00	7.900001e-01	
6  515.085	2.218759e+00	1.190786e-01	1.042534e+00	2.992326e+00	9.722729e-01	2.896451e-02	1.000826e+00	4.871567e+00	6.909446e-01	2.477616e-01	6.777106e+01	1.993198e+00	7.900001e-01	
15  514.313	2.218759e+00	1.190786e-01	1.042534e+00	2.992326e+00	9.722729e-01	2.896451e-02	1.002287e+00	4.871567e+00	6.909446e-01	2.477616e-01	6.777106e+01	1.993198e+00	7.900001e-01	
10  514.132	2.218759e+00	1.190786e-01	1.042534e+00	2.992326e+00	9.722729e-01	2.896451e-02	1.002030e+00	4.871567e+00	6.909446e-01	2.477616e-01	6.777106e+01	1.993198e+00	7.900001e-01	
2  514.442	2.218759e+00	1.190786e-01	1.042534e+00	2.992326e+00	9.722729e-01	2.896451e-02	1.002431e+00	4.871567e+00	6.909446e-01	2.477616e-01	6.777106e+01	1.993198e+00	7.900001e-01	
5  514.466	2.218759e+00	1.190786e-01	1.042534e+00	2.992326e+00	9.722729e-01	2.896451e-02	1.001232e+00	4.871567e+00	6.909446e-01	2.477616e-01	6.777106e+01	1.993198e+00	7.900001e-01	
18  514.27	2.218759e+00	1.190786e-01	1.042534e+00	2.992326e+00	9.722729e-01	2.896451e-02	1.001428e+00	4.871567e+00	6.909446e-01	2.477616e-01	6.777106e+01	1.993198e+00	7.900001e-01	
9  515.403	2.218759e+00	1.190786e-01	1.042534e+00	2.992326e+00	9.722729e-01	2.896451e-02	1.003038e+00	4.871567e+00	6.909446e-01	2.477616e-01	6.777106e+01	1.993198e+00	7.900001e-01	
4  515.57	2.218759e+00	1.190786e-01	1.042534e+00	2.992326e+00	9.722729e-01	2.896451e-02	1.000596e+00	4.871567e+00	6.909446e-01	2.477616e-01	6.777106e+01	1.993198e+00	7.900001e-01	
29  515.038	2.218759e+00	1.190786e-01	1.042534e+00	2.992326e+00	9.722729e-01	2.896451e-02	1.000851e+00	4.871567e+00	6.909446e-01	2.477616e-01	6.777106e+01	1.993198e+00	7.900001e-01	
4  514.167	2.218759e+00	1.190786e-01	1.042534e+00	2.992326e+00	9.722729e-01	2.896451e-02	1.001590e+00	4.871567e+00	6.909446e-01	2.477616e-01	6.777106e+01	1.993198e+00	7.900001e-01	
41  514.103	2.218759e+00	1.190786e-01	1.042534e+00	2.992326e+00	9.722729e-01	2.896451e-02	1.001909e+00	4.871567e+00	6.909446e-01	2.477616e-01	6.777106e+01	1.993198e+00	7.900001e-01	
4  514.171	2.218759e+00	1.190786e-01	1.042534e+00	2.992326e+00	9.722729e-01	2.896451e-02	1.001583e+00	4.871567e+00	6.909446e-01	2.477616e-01	6.777106e+01	1.993198e+00	7.900001e-01	
2  514.187	2.218759e+00	1.190786e-01	1.042534e+00	2.992326e+00	9.722729e-01	2.896451e-02	1.002162e+00	4.871567e+00	6.909446e-01	2.477616e-01	6.777106e+01	1.993198e+00	7.900001e-01	
13  515.301	2.218759e+00	1.190786e-01	1.042534e+00	2.992326e+00	9.722729e-01	2.896451e-02	1.002989e+00	4.871567e+00	6.909446e-01	2.477616e-01	6.777106e+01	1.993198e+00	7.900001e-01	
13  514.693	2.218759e+00	1.190786e-01	1.042534e+00	2.992326e+00	9.722729e-01	2.896451e-02	1.002637e+00	4.871567e+00	6.909446e-01	2.477616e-01	6.777106e+01	1.993198e+00	7.900001e-01	
10  514.982	2.218759e+00	1.190786e-01	1.042534e+00	2.992326e+00	9.722729e-01	2.896451e-02	1.000881e+00	4.871567e+00	6.909446e-01	2.477616e-01	6.777106e+01	1.993198e+00	7.900001e-01	
1  513.348	2.220716e+00	1.205420e-01	1.042385e+00	2.986527e+00	9.686125e-01	2.641386e-02	1.000881e+00	4.555885e+00	6.825903e-01	2.477700e-01	6.722166e+01	1.981674e+00	7.911638e-01	
1  515.256	2.238596e+00	1.214971e-01	1.042430e+00	2.985175e+00	9.679083e-01	2.383381e-02	1.000881e+00	4.200371e+00	6.785695e-01	2.478465e-01	6.706342e+01	1.978997e+00	7.928106e-01	
4  516.436	2.258678e+00	1.200003e-01	1.042816e+00	2.987327e+00	9.668257e-01	2.531721e-02	1.000881e+00	4.360405e+00	6.892244e-01	2.479317e-01	6.789695e+01	1.983259e+00	7.880990e-01	
7  516.157	2.258678e+00	1.200003e-01	1.042816e+00	2.987327e+00	9.668257e-01	2.531721e-02	1.000426e+00	4.360405e+00	6.892244e-01	2.479317e-01	6.789695e+01	1.983259e+00	7.880990e-01	
11  516.496	2.258678e+00	1.200003e-01	1.042816e+00	2.987327e+00	9.668257e-01	2.531721e-02	1.000938e+00	4.360405e+00	6.892244e-01	2.479317e-01	6.789695e+01	1.983259e+00	7.880990e-01	
1  516.349	2.258678e+00	1.200003e-01	1.042816e+00	2.987327e+00	9.668257e-01	2.531721e-02	1.000787e+00	4.360405e+00	6.892244e-01	2.479317e-01	6.789695e+01	1.983259e+00	7.880990e-01	
2  516.561	2.258678e+00	1.200003e-01	1.042816e+00	2.987327e+00	9.668257e-01	2.531721e-02	9.996204e-01	4.360405e+00	6.892244e-01	2.479317e-01	6.789695e+01	1.983259e+00	7.880990e-01	
6  516.916	2.258678e+00	1.200003e-01	1.042816e+00	2.987327e+00	9.668257e-01	2.531721e-02	1.001240e+00	4.360405e+00	6.892244e-01	2.479317e-01	6.789695e+01	1.983259e+00	7.880990e-01	
1  514.381	2.251895e+00	1.185630e-01	1.042637e+00	2.999127e+00	9.680489e-01	3.046491e-02	1.001240e+00	5.004929e+00	6.959898e-01	2.479030e-01	6.828673e+01	2.006802e+00	7.884640e-01	
4  511.226	2.258299e+00	1.178889e-01	1.042259e+00	3.002824e+00	9.662940e-01	3.632483e-02	1.001240e+00	5.680862e+00	6.988230e-01	2.479301e-01	6.845939e+01	2.014234e+00	7.865293e-01	
4  509.646	2.258299e+00	1.178889e-01	1.042259e+00	3.002824e+00	9.662940e-01	3.632483e-02	1.000439e+00	5.680862e+00	6.988230e-01	2.479301e-01	6.845939e+01	2.014234e+00	7.865293e-01	
3  509.229	2.258299e+00	1.178889e-01	1.042259e+00	3.002824e+00	9.662940e-01	3.632483e-02	9.996358e-01	5.680862e+00	6.988230e-01	2.479301e-01	6.845939e+01	2.014234e+00	7.865293e-01	
17  509.652	2.258299e+00	1.178889e-01	1.042259e+00	3.002824e+00	9.662940e-01	3.632483e-02	9.990627e-01	5.680862e+00	6.988230e-01	2.479301e-01	6.845939e+01	2.014234e+00	7.865293e-01	
15  509.62	2.258299e+00	1.178889e-01	1.042259e+00	3.002824e+00	9.662940e-01	3.632483e-02	9.990889e-01	5.680862e+00	6.988230e-01	2.479301e-01	6.845939e+01	2.014234e+00	7.865293e-01	
8  509.324	2.258299e+00	1.178889e-01	1.042259e+00	3.002824e+00	9.662940e-01	3.632483e-02	9.994082e-01	5.680862e+00	6.988230e-01	2.479301e-01	6.845939e+01	2.014234e+00	7.865293e-01	
20  506.351	2.247164e+00	1.190590e-01	1.042239e+00	3.011963e+00	9.672589e-01	3.938686e-02	9.994082e-01	6.061295e+00	6.918467e-01	2.478829e-01	6.793338e+01	2.032726e+00	7.948075e-01	
65  505.882	2.247164e+00	1.190590e-01	1.042239e+00	3.011963e+00	9.672589e-01	3.938686e-02	1.000636e+00	6.061295e+00	6.918467e-01	2.478829e-01	6.793338e+01	2.032726e+00	7.948075e-01	
17  505.791	2.247164e+00	1.190590e-01	1.042239e+00	3.011963e+00	9.672589e-01	3.938686e-02	1.000495e+00	6.061295e+00	6.918467e-01	2.478829e-01	6.793338e+01	2.032726e+00	7.948075e-01	
4  505.931	2.247164e+00	1.190590e-01	1.042239e+00	3.011963e+00	9.672589e-01	3.938686e-02	9.997655e-01	6.061295e+00	6.918467e-01	2.478829e-01	6.793338e+01	2.032726e+00	7.948075e-01	
11  506.481	2.247164e+00	1.190590e-01	1.042239e+00	3.011963e+00	9.672589e-01	3.938686e-02	9.993260e-01	6.061295e+00	6.918467e-01	2.478829e-01	6.793338e+01	2.032726e+00	7.948075e-01	
20  505.828	2.247164e+00	1.190590e-01	1.042239e+00	3.011963e+00	9.672589e-01	3.938686e-02	1.000554e+00	6.061295e+00	6.918467e-01	2.478829e-01	6.793338e+01	2.032726e+00	7.948075e-01	
16  506.085	2.247164e+00	1.190590e-01	1.042239e+00	3.011963e+00	9.672589e-01	3.938686e-02	1.000853e+00	6.061295e+00	6.918467e-01	2.478829e-01	6.793338e+01	2.032726e+00	7.948075e-01	
1  506.125	2.247164e+00	1.190590e-01	1.042239e+00	3.011963e+00	9.672589e-01	3.938686e-02	9.995746e-01	6.061295e+00	6.918467e-01	2.478829e-01	6.793338e+01	2.032726e+00	7.948075e-01	
8  506.209	2.247164e+00	1.190590e-01	1.042239e+00	3.011963e+00	9.672589e-01	3.938686e-02	1.000955e+00	6.061295e+00	6.918467e-01	2.478829e-01	6.793338e+01	2.032726e+00	7.948075e-01	
6  506.515	2.247164e+00	1.190590e-01	1.042239e+00	3.011963e+00	9.672589e-01	3.938686e-02	1.001158e+00	6.061295e+00	6.918467e-01	2.478829e-01	6.793338e+01	2.032726e+00	7.948075e-01	
2  506.364	2.247164e+00	1.190590e-01	1.042239e+00	3.011963e+00	9.672589e-01	3.938686e-02	9.993994e-01	6.061295e+00	6.918467e-01	2.478829e-01	6.793338e+01	2.032726e+00	7.948075e-01	
14  506.187	2.247164e+00	1.190590e-01	1.042239e+00	3.011963e+00	9.672589e-01	3.938686e-02	1.000938e+00	6.061295e+00	6.918467e-01	2.478829e-01	6.793338e+01	2.032726e+00	7.948075e-01	
28  506.064	2.247164e+00	1.190590e-01	1.042239e+00	3.011963e+00	9.672589e-01	3.938686e-02	9.996275e-01	6.061295e+00	6.918467e-01	2.478829e-01	6.793338e+01	2.032726e+00	7.948075e-01	
1  510.59	2.247164e+00	1.190590e-01	1.042239e+00	3.011963e+00	9.672589e-01	3.938686e-02	9.979321e-01	6.061295e+00	6.918467e-01	2.478829e-01	6.793338e+01	2.032726e+00	7.948075e-01	
3  505.772	2.247164e+00	1.190590e-01	1.042239e+00	3.011963e+00	9.672589e-01	3.938686e-02	1.000021e+00	6.061295e+00	6.918467e-01	2.478829e-01	6.793338e+01	2.032726e+00	7.948075e-01	
10  506.794	2.247164e+00	1.190590e-01	1.042239e+00	3.011963e+00	9.672589e-01	3.938686e-02	1.001308e+00	6.061295e+00	6.918467e-01	2.478829e-01	6.793338e+01	2.032726e+00	7.948075e-01	
15  505.836	2.247164e+00	1.190590e-01	1.042239e+00	3.011963e+00	9.672589e-01	3.938686e-02	9.998983e-01	6.061295e+00	6.918467e-01	2.478829e-01	6.793338e+01	2.032726e+00	7.948075e-01	
4  506.757	2.247164e+00	1.190590e-01	1.042239e+00	3.011963e+00	9.672589e-01	3.938686e-02	9.991705e-01	6.061295e+00	6.918467e-01	2.478829e-01	6.793338e+01	2.032726e+00	7.948075e-01	
1  506.76	2.247164e+00	1.190590e-01	1.042239e+00	3.011963e+00	9.672589e-01	3.938686e-02	9.991691e-01	6.061295e+00	6.918467e-01	2.478829e-01	6.793338e+01	2.032726e+00	7.948075e-01	
3  506.306	2.247164e+00	1.190590e-01	1.042239e+00	3.011963e+00	9.672589e-01	3.938686e-02	9.994382e-01	6.061295e+00	6.918467e-01	2.478829e-01	6.793338e+01	2.032726e+00	7.948075e-01	
10  505.934	2.247164e+00	1.190590e-01	1.042239e+00	3.011963e+00	9.672589e-01	3.938686e-02	1.000701e+00	6.061295e+00	6.918467e-01	2.478829e-01	6.793338e+01	2.032726e+00	7.948075e-01	
1  506.17	2.247164e+00	1.190590e-01	1.042239e+00	3.011963e+00	9.672589e-01	3.938686e-02	1.000924e+00	6.061295e+00	6.918467e-01	2.478829e-01	6.793338e+01	2.032726e+00	7.948075e-01	
4  505.896	2.247164e+00	1.190590e-01	1.042239e+00	3.011963e+00	9.672589e-01	3.938686e-02	9.998087e-01	6.061295e+00	6.918467e-01	2.478829e-01	6.793338e+01	2.032726e+00	7.948075e-01	
1  506.294	2.247164e+00	1.190590e-01	1.042239e+00	3.011963e+00	9.672589e-01	3.938686e-02	1.001016e+00	6.061295e+00	6.918467e-01	2.478829e-01	6.793338e+01	2.032726e+00	7.948075e-01	
14  507.752	2.247164e+00	1.190590e-01	1.042239e+00	3.011963e+00	9.672589e-01	3.938686e-02	1.001719e+00	6.061295e+00	6.918467e-01	2.478829e-01	6.793338e+01	2.032726e+00	7.948075e-01	
2  506.703	2.247164e+00	1.190590e-01	1.042239e+00	3.011963e+00	9.672589e-01	3.938686e-02	9.992013e-01	6.061295e+00	6.918467e-01	2.478829e-01	6.793338e+01	2.032726e+00	7.948075e-01	
1  508.285	2.247164e+00	1.190590e-01	1.042239e+00	3.011963e+00	9.672589e-01	3.938686e-02	1.001905e+00	6.061295e+00	6.918467e-01	2.478829e-01	6.793338e+01	2.032726e+00	7.948075e-01	
8  505.871	2.247164e+00	1.190590e-01	1.042239e+00	3.011963e+00	9.672589e-01	3.938686e-02	1.000621e+00	6.061295e+00	6.918467e-01	2.478829e-01	6.793338e+01	2.032726e+00	7.948075e-01	
31  506.037	2.247164e+00	1.190590e-01	1.042239e+00	3.011963e+00	9.672589e-01	3.938686e-02	1.000809e+00	6.061295e+00	6.918467e-01	2.478829e-01	6.793338e+01	2.032726e+00	7.948075e-01	
6  506.141	2.247164e+00	1.190590e-01	1.042239e+00	3.011963e+00	9.672589e-01	3.938686e-02	1.000901e+00	6.061295e+00	6.918467e-01	2.478829e-01	6.793338e+01	2.032726e+00	7.948075e-01	
10  506.004	2.247164e+00	1.190590e-01	1.042239e+00	3.011963e+00	9.672589e-01	3.938686e-02	9.996873e-01	6.061295e+00	6.918467e-01	2.478829e-01	6.793338e+01	2.032726e+00	7.948075e-01	
3  506.476	2.247164e+00	1.190590e-01	1.042239e+00	3.011963e+00	9.672589e-01	3.938686e-02	1.001135e+00	6.061295e+00	6.918467e-01	2.478829e-01	6.793338e+01	2.032726e+00	7.948075e-01	
34  505.784	2.247164e+00	1.190590e-01	1.042239e+00	3.011963e+00	9.672589e-01	3.938686e-02	1.000480e+00	6.061295e+00	6.918467e-01	2.478829e-01	6.793338e+01	2.032726e+00	7.948075e-01	
32  506.069	2.247164e+00	1.190590e-01	1.042239e+00	3.011963e+00	9.672589e-01	3.938686e-02	9.996233e-01	6.061295e+00	6.918467e-01	2.478829e-01	6.793338e+01	2.032726e+00	7.948075e-01	
4  507.02	2.247164e+00	1.190590e-01	1.042239e+00	3.011963e+00	9.672589e-01	3.938686e-02	9.990426e-01	6.061295e+00	6.918467e-01	2.478829e-01	6.793338e+01	2.032726e+00	7.948075e-01	
14  505.751	2.247164e+00	1.190590e-01	1.042239e+00	3.011963e+00	9.672589e-01	3.938686e-02	1.000394e+00	6.061295e+00	6.918467e-01	2.478829e-01	6.793338e+01	2.032726e+00	7.948075e-01	
29  505.77	2.247164e+00	1.190590e-01	1.042239e+00	3.011963e+00	9.672589e-01	3.938686e-02	1.000447e+00	6.061295e+00	6.918467e-01	2.478829e-01	6.793338e+01	2.032726e+00	7.948075e-01	
14  505.764	2.247164e+00	1.190590e-01	1.042239e+00	3.011963e+00	9.672589e-01	3.938686e-02	1.000429e+00	6.061295e+00	6.918467e-01	2.478829e-01	6.793338e+01	2.032726e+00	7.948075e-01	
15  506.948	2.247164e+00	1.190590e-01	1.042239e+00	3.011963e+00	9.672589e-01	3.938686e-02	9.990759e-01	6.061295e+00	6.918467e-01	2.478829e-01	6.793338e+01	2.032726e+00	7.948075e-01	
17  506.445	2.247164e+00	1.190590e-01	1.042239e+00	3.011963e+00	9.672589e-01	3.938686e-02	9.993483e-01	6.061295e+00	6.918467e-01	2.478829e-01	6.793338e+01	2.032726e+00	7.948075e-01	
