5  562.204	2.247008e+00	1.204860e-01	1.040978e+00	3.044223e+00	9.723104e-01	4.679064e-02	1.000610e+00	6.889542e+00	6.800873e-01	2.478823e-01	6.700644e+01	2.099372e+00	8.128782e-01	
1  533.79	2.224724e+00	1.219398e-01	1.041086e+00	3.037677e+00	9.722857e-01	4.531811e-02	1.000610e+00	6.795486e+00	6.708186e-01	2.477872e-01	6.633882e+01	2.085673e+00	8.158816e-01	
2  518.171	2.224724e+00	1.219398e-01	1.041086e+00	3.037677e+00	9.722857e-01	4.531811e-02	1.006144e+00	6.795486e+00	6.708186e-01	2.477872e-01	6.633882e+01	2.085673e+00	8.158816e-01	
3  517.011	2.224724e+00	1.219398e-01	1.041086e+00	3.037677e+00	9.722857e-01	4.531811e-02	1.005397e+00	6.795486e+00	6.708186e-01	2.477872e-01	6.633882e+01	2.085673e+00	8.158816e-01	
17  517.161	2.224724e+00	1.219398e-01	1.041086e+00	3.037677e+00	9.722857e-01	4.531811e-02	1.005544e+00	6.795486e+00	6.708186e-01	2.477872e-01	6.633882e+01	2.085673e+00	8.158816e-01	
1  519.551	2.224724e+00	1.219398e-01	1.041086e+00	3.037677e+00	9.722857e-01	4.531811e-02	1.006652e+00	6.795486e+00	6.708186e-01	2.477872e-01	6.633882e+01	2.085673e+00	8.158816e-01	
2  518.716	2.224724e+00	1.219398e-01	1.041086e+00	3.037677e+00	9.722857e-01	4.531811e-02	1.003460e+00	6.795486e+00	6.708186e-01	2.477872e-01	6.633882e+01	2.085673e+00	8.158816e-01	
1  516.965	2.224724e+00	1.219398e-01	1.041086e+00	3.037677e+00	9.722857e-01	4.531811e-02	1.005341e+00	6.795486e+00	6.708186e-01	2.477872e-01	6.633882e+01	2.085673e+00	8.158816e-01	
9  515.375	2.243436e+00	1.203327e-01	1.041019e+00	3.035418e+00	9.733772e-01	4.535399e-02	1.005341e+00	6.740036e+00	6.808474e-01	2.478671e-01	6.704204e+01	2.080967e+00	8.093097e-01	
5  515.436	2.243436e+00	1.203327e-01	1.041019e+00	3.035418e+00	9.733772e-01	4.535399e-02	1.005501e+00	6.740036e+00	6.808474e-01	2.478671e-01	6.704204e+01	2.080967e+00	8.093097e-01	
12  516.224	2.243436e+00	1.203327e-01	1.041019e+00	3.035418e+00	9.733772e-01	4.535399e-02	1.006185e+00	6.740036e+00	6.808474e-01	2.478671e-01	6.704204e+01	2.080967e+00	8.093097e-01	
1  516.167	2.243436e+00	1.203327e-01	1.041019e+00	3.035418e+00	9.733772e-01	4.535399e-02	1.004270e+00	6.740036e+00	6.808474e-01	2.478671e-01	6.704204e+01	2.080967e+00	8.093097e-01	
16  515.6	2.243436e+00	1.203327e-01	1.041019e+00	3.035418e+00	9.733772e-01	4.535399e-02	1.005724e+00	6.740036e+00	6.808474e-01	2.478671e-01	6.704204e+01	2.080967e+00	8.093097e-01	
2  515.713	2.243436e+00	1.203327e-01	1.041019e+00	3.035418e+00	9.733772e-01	4.535399e-02	1.004582e+00	6.740036e+00	6.808474e-01	2.478671e-01	6.704204e+01	2.080967e+00	8.093097e-01	
1  515.366	2.243436e+00	1.203327e-01	1.041019e+00	3.035418e+00	9.733772e-01	4.535399e-02	1.005116e+00	6.740036e+00	6.808474e-01	2.478671e-01	6.704204e+01	2.080967e+00	8.093097e-01	
9  515.6	2.243436e+00	1.203327e-01	1.041019e+00	3.035418e+00	9.733772e-01	4.535399e-02	1.004691e+00	6.740036e+00	6.808474e-01	2.478671e-01	6.704204e+01	2.080967e+00	8.093097e-01	
13  515.593	2.243436e+00	1.203327e-01	1.041019e+00	3.035418e+00	9.733772e-01	4.535399e-02	1.005716e+00	6.740036e+00	6.808474e-01	2.478671e-01	6.704204e+01	2.080967e+00	8.093097e-01	
10  513.817	2.240016e+00	1.196830e-01	1.041203e+00	3.030079e+00	9.745017e-01	4.333788e-02	1.005716e+00	6.518936e+00	6.848132e-01	2.478525e-01	6.730148e+01	2.069887e+00	8.056634e-01	
27  513.731	2.240016e+00	1.196830e-01	1.041203e+00	3.030079e+00	9.745017e-01	4.333788e-02	1.005316e+00	6.518936e+00	6.848132e-01	2.478525e-01	6.730148e+01	2.069887e+00	8.056634e-01	
9  514.096	2.240016e+00	1.196830e-01	1.041203e+00	3.030079e+00	9.745017e-01	4.333788e-02	1.006042e+00	6.518936e+00	6.848132e-01	2.478525e-01	6.730148e+01	2.069887e+00	8.056634e-01	
6  514.472	2.208550e+00	1.193818e-01	1.041042e+00	3.038653e+00	9.718572e-01	4.868513e-02	1.006042e+00	7.155563e+00	6.840448e-01	2.477178e-01	6.707444e+01	2.087709e+00	8.084297e-01	
2  514.823	2.208550e+00	1.193818e-01	1.041042e+00	3.038653e+00	9.718572e-01	4.868513e-02	1.004480e+00	7.155563e+00	6.840448e-01	2.477178e-01	6.707444e+01	2.087709e+00	8.084297e-01	
5  514.466	2.208550e+00	1.193818e-01	1.041042e+00	3.038653e+00	9.718572e-01	4.868513e-02	1.004736e+00	7.155563e+00	6.840448e-01	2.477178e-01	6.707444e+01	2.087709e+00	8.084297e-01	
10  517.991	2.208550e+00	1.193818e-01	1.041042e+00	3.038653e+00	9.718572e-01	4.868513e-02	1.007464e+00	7.155563e+00	6.840448e-01	2.477178e-01	6.707444e+01	2.087709e+00	8.084297e-01	
2  518.156	2.208550e+00	1.193818e-01	1.041042e+00	3.038653e+00	9.718572e-01	4.868513e-02	1.003271e+00	7.155563e+00	6.840448e-01	2.477178e-01	6.707444e+01	2.087709e+00	8.084297e-01	
5  515.061	2.208550e+00	1.193818e-01	1.041042e+00	3.038653e+00	9.718572e-01	4.868513e-02	1.004350e+00	7.155563e+00	6.840448e-01	2.477178e-01	6.707444e+01	2.087709e+00	8.084297e-01	
9  509.936	2.211571e+00	1.206682e-01	1.041459e+00	3.023408e+00	9.693021e-01	4.165134e-02	1.004350e+00	6.398911e+00	6.783706e-01	2.477308e-01	6.678731e+01	2.056124e+00	8.059909e-01	
32  508.535	2.211571e+00	1.206682e-01	1.041459e+00	3.023408e+00	9.693021e-01	4.165134e-02	1.002563e+00	6.398911e+00	6.783706e-01	2.477308e-01	6.678731e+01	2.056124e+00	8.059909e-01	
20  508.386	2.211571e+00	1.206682e-01	1.041459e+00	3.023408e+00	9.693021e-01	4.165134e-02	1.002803e+00	6.398911e+00	6.783706e-01	2.477308e-01	6.678731e+01	2.056124e+00	8.059909e-01	
30  508.91	2.211571e+00	1.206682e-01	1.041459e+00	3.023408e+00	9.693021e-01	4.165134e-02	1.003812e+00	6.398911e+00	6.783706e-01	2.477308e-01	6.678731e+01	2.056124e+00	8.059909e-01	
3  509.634	2.211571e+00	1.206682e-01	1.041459e+00	3.023408e+00	9.693021e-01	4.165134e-02	1.001824e+00	6.398911e+00	6.783706e-01	2.477308e-01	6.678731e+01	2.056124e+00	8.059909e-01	
6  508.347	2.211571e+00	1.206682e-01	1.041459e+00	3.023408e+00	9.693021e-01	4.165134e-02	1.003095e+00	6.398911e+00	6.783706e-01	2.477308e-01	6.678731e+01	2.056124e+00	8.059909e-01	
2  506.708	2.217514e+00	1.201800e-01	1.041722e+00	3.020607e+00	9.690609e-01	4.120063e-02	1.003095e+00	6.331528e+00	6.823040e-01	2.477563e-01	6.709899e+01	2.050373e+00	8.032190e-01	
19  506.462	2.217514e+00	1.201800e-01	1.041722e+00	3.020607e+00	9.690609e-01	4.120063e-02	1.001971e+00	6.331528e+00	6.823040e-01	2.477563e-01	6.709899e+01	2.050373e+00	8.032190e-01	
22  506.502	2.217514e+00	1.201800e-01	1.041722e+00	3.020607e+00	9.690609e-01	4.120063e-02	1.002901e+00	6.331528e+00	6.823040e-01	2.477563e-01	6.709899e+01	2.050373e+00	8.032190e-01	
13  507.111	2.217514e+00	1.201800e-01	1.041722e+00	3.020607e+00	9.690609e-01	4.120063e-02	1.001458e+00	6.331528e+00	6.823040e-01	2.477563e-01	6.709899e+01	2.050373e+00	8.032190e-01	
1  506.83	2.217514e+00	1.201800e-01	1.041722e+00	3.020607e+00	9.690609e-01	4.120063e-02	1.001638e+00	6.331528e+00	6.823040e-01	2.477563e-01	6.709899e+01	2.050373e+00	8.032190e-01	
2  509.488	2.217514e+00	1.201800e-01	1.041722e+00	3.020607e+00	9.690609e-01	4.120063e-02	1.004291e+00	6.331528e+00	6.823040e-01	2.477563e-01	6.709899e+01	2.050373e+00	8.032190e-01	
14  507.332	2.217514e+00	1.201800e-01	1.041722e+00	3.020607e+00	9.690609e-01	4.120063e-02	1.001339e+00	6.331528e+00	6.823040e-01	2.477563e-01	6.709899e+01	2.050373e+00	8.032190e-01	
1  506.872	2.217514e+00	1.201800e-01	1.041722e+00	3.020607e+00	9.690609e-01	4.120063e-02	1.003216e+00	6.331528e+00	6.823040e-01	2.477563e-01	6.709899e+01	2.050373e+00	8.032190e-01	
7  506.45	2.217514e+00	1.201800e-01	1.041722e+00	3.020607e+00	9.690609e-01	4.120063e-02	1.002839e+00	6.331528e+00	6.823040e-01	2.477563e-01	6.709899e+01	2.050373e+00	8.032190e-01	
1  507.042	2.214149e+00	1.208113e-01	1.041661e+00	3.025679e+00	9.644482e-01	4.417544e-02	1.002839e+00	6.676865e+00	6.783762e-01	2.477419e-01	6.682720e+01	2.060798e+00	8.059935e-01	
3  504.897	2.214149e+00	1.208113e-01	1.041661e+00	3.025679e+00	9.644482e-01	4.417544e-02	1.000052e+00	6.676865e+00	6.783762e-01	2.477419e-01	6.682720e+01	2.060798e+00	8.059935e-01	
5  505.447	2.214149e+00	1.208113e-01	1.041661e+00	3.025679e+00	9.644482e-01	4.417544e-02	1.002267e+00	6.676865e+00	6.783762e-01	2.477419e-01	6.682720e+01	2.060798e+00	8.059935e-01	
8  504.399	2.214149e+00	1.208113e-01	1.041661e+00	3.025679e+00	9.644482e-01	4.417544e-02	1.001652e+00	6.676865e+00	6.783762e-01	2.477419e-01	6.682720e+01	2.060798e+00	8.059935e-01	
8  504.082	2.214149e+00	1.208113e-01	1.041661e+00	3.025679e+00	9.644482e-01	4.417544e-02	1.000796e+00	6.676865e+00	6.783762e-01	2.477419e-01	6.682720e+01	2.060798e+00	8.059935e-01	
10  504.594	2.214149e+00	1.208113e-01	1.041661e+00	3.025679e+00	9.644482e-01	4.417544e-02	1.001803e+00	6.676865e+00	6.783762e-01	2.477419e-01	6.682720e+01	2.060798e+00	8.059935e-01	
4  504.767	2.214149e+00	1.208113e-01	1.041661e+00	3.025679e+00	9.644482e-01	4.417544e-02	1.000130e+00	6.676865e+00	6.783762e-01	2.477419e-01	6.682720e+01	2.060798e+00	8.059935e-01	
1  506.261	2.214149e+00	1.208113e-01	1.041661e+00	3.025679e+00	9.644482e-01	4.417544e-02	9.994669e-01	6.676865e+00	6.783762e-01	2.477419e-01	6.682720e+01	2.060798e+00	8.059935e-01	
25  504.354	2.214149e+00	1.208113e-01	1.041661e+00	3.025679e+00	9.644482e-01	4.417544e-02	1.001611e+00	6.676865e+00	6.783762e-01	2.477419e-01	6.682720e+01	2.060798e+00	8.059935e-01	
7  504.759	2.214149e+00	1.208113e-01	1.041661e+00	3.025679e+00	9.644482e-01	4.417544e-02	1.000135e+00	6.676865e+00	6.783762e-01	2.477419e-01	6.682720e+01	2.060798e+00	8.059935e-01	
26  504.15	2.214149e+00	1.208113e-01	1.041661e+00	3.025679e+00	9.644482e-01	4.417544e-02	1.001376e+00	6.676865e+00	6.783762e-01	2.477419e-01	6.682720e+01	2.060798e+00	8.059935e-01	
5  504.27	2.214149e+00	1.208113e-01	1.041661e+00	3.025679e+00	9.644482e-01	4.417544e-02	1.001528e+00	6.676865e+00	6.783762e-01	2.477419e-01	6.682720e+01	2.060798e+00	8.059935e-01	
2  504.934	2.214149e+00	1.208113e-01	1.041661e+00	3.025679e+00	9.644482e-01	4.417544e-02	1.002015e+00	6.676865e+00	6.783762e-01	2.477419e-01	6.682720e+01	2.060798e+00	8.059935e-01	
9  505.081	2.214149e+00	1.208113e-01	1.041661e+00	3.025679e+00	9.644482e-01	4.417544e-02	1.002093e+00	6.676865e+00	6.783762e-01	2.477419e-01	6.682720e+01	2.060798e+00	8.059935e-01	
1  507.169	2.214149e+00	1.208113e-01	1.041661e+00	3.025679e+00	9.644482e-01	4.417544e-02	1.002877e+00	6.676865e+00	6.783762e-01	2.477419e-01	6.682720e+01	2.060798e+00	8.059935e-01	
5  504.481	2.214149e+00	1.208113e-01	1.041661e+00	3.025679e+00	9.644482e-01	4.417544e-02	1.001719e+00	6.676865e+00	6.783762e-01	2.477419e-01	6.682720e+01	2.060798e+00	8.059935e-01	
12  504.994	2.214149e+00	1.208113e-01	1.041661e+00	3.025679e+00	9.644482e-01	4.417544e-02	9.999990e-01	6.676865e+00	6.783762e-01	2.477419e-01	6.682720e+01	2.060798e+00	8.059935e-01	
3  504.994	2.214149e+00	1.208113e-01	1.041661e+00	3.025679e+00	9.644482e-01	4.417544e-02	1.002048e+00	6.676865e+00	6.783762e-01	2.477419e-01	6.682720e+01	2.060798e+00	8.059935e-01	
13  504.135	2.214149e+00	1.208113e-01	1.041661e+00	3.025679e+00	9.644482e-01	4.417544e-02	1.000690e+00	6.676865e+00	6.783762e-01	2.477419e-01	6.682720e+01	2.060798e+00	8.059935e-01	
3  504.724	2.214149e+00	1.208113e-01	1.041661e+00	3.025679e+00	9.644482e-01	4.417544e-02	1.000157e+00	6.676865e+00	6.783762e-01	2.477419e-01	6.682720e+01	2.060798e+00	8.059935e-01	
15  504.196	2.214149e+00	1.208113e-01	1.041661e+00	3.025679e+00	9.644482e-01	4.417544e-02	1.000601e+00	6.676865e+00	6.783762e-01	2.477419e-01	6.682720e+01	2.060798e+00	8.059935e-01	
17  504.063	2.214149e+00	1.208113e-01	1.041661e+00	3.025679e+00	9.644482e-01	4.417544e-02	1.000848e+00	6.676865e+00	6.783762e-01	2.477419e-01	6.682720e+01	2.060798e+00	8.059935e-01	
3  505.858	2.214149e+00	1.208113e-01	1.041661e+00	3.025679e+00	9.644482e-01	4.417544e-02	1.002436e+00	6.676865e+00	6.783762e-01	2.477419e-01	6.682720e+01	2.060798e+00	8.059935e-01	
7  504.871	2.214149e+00	1.208113e-01	1.041661e+00	3.025679e+00	9.644482e-01	4.417544e-02	1.001980e+00	6.676865e+00	6.783762e-01	2.477419e-01	6.682720e+01	2.060798e+00	8.059935e-01	
13  508.014	2.214149e+00	1.208113e-01	1.041661e+00	3.025679e+00	9.644482e-01	4.417544e-02	1.003110e+00	6.676865e+00	6.783762e-01	2.477419e-01	6.682720e+01	2.060798e+00	8.059935e-01	
5  505.487	2.231230e+00	1.193909e-01	1.041724e+00	3.022795e+00	9.685544e-01	4.159645e-02	1.003110e+00	6.340652e+00	6.875030e-01	2.478150e-01	6.750050e+01	2.054864e+00	8.008014e-01	
3  506.707	2.231230e+00	1.193909e-01	1.041724e+00	3.022795e+00	9.685544e-01	4.159645e-02	1.002283e+00	6.340652e+00	6.875030e-01	2.478150e-01	6.750050e+01	2.054864e+00	8.008014e-01	
25  505.6	2.231230e+00	1.193909e-01	1.041724e+00	3.022795e+00	9.685544e-01	4.159645e-02	1.002981e+00	6.340652e+00	6.875030e-01	2.478150e-01	6.750050e+01	2.054864e+00	8.008014e-01	
4  504.475	2.214344e+00	1.217291e-01	1.041989e+00	3.048740e+00	9.637360e-01	5.303601e-02	1.002981e+00	7.638474e+00	6.742931e-01	2.477427e-01	6.661927e+01	2.108875e+00	8.184025e-01	
13  506.159	2.214344e+00	1.217291e-01	1.041989e+00	3.048740e+00	9.637360e-01	5.303601e-02	1.000725e+00	7.638474e+00	6.742931e-01	2.477427e-01	6.661927e+01	2.108875e+00	8.184025e-01	
1  509.226	2.237510e+00	1.219173e-01	1.042109e+00	3.070155e+00	9.577043e-01	6.568759e-02	1.000725e+00	8.853470e+00	6.751249e-01	2.478418e-01	6.680130e+01	2.154523e+00	8.251553e-01	
3  507.758	2.237510e+00	1.219173e-01	1.042109e+00	3.070155e+00	9.577043e-01	6.568759e-02	9.980729e-01	8.853470e+00	6.751249e-01	2.478418e-01	6.680130e+01	2.154523e+00	8.251553e-01	
1  507.573	2.237510e+00	1.219173e-01	1.042109e+00	3.070155e+00	9.577043e-01	6.568759e-02	9.981780e-01	8.853470e+00	6.751249e-01	2.478418e-01	6.680130e+01	2.154523e+00	8.251553e-01	
2  507.107	2.237510e+00	1.219173e-01	1.042109e+00	3.070155e+00	9.577043e-01	6.568759e-02	9.985148e-01	8.853470e+00	6.751249e-01	2.478418e-01	6.680130e+01	2.154523e+00	8.251553e-01	
14  506.834	2.237510e+00	1.219173e-01	1.042109e+00	3.070155e+00	9.577043e-01	6.568759e-02	9.992813e-01	8.853470e+00	6.751249e-01	2.478418e-01	6.680130e+01	2.154523e+00	8.251553e-01	
4  507.924	2.237510e+00	1.219173e-01	1.042109e+00	3.070155e+00	9.577043e-01	6.568759e-02	9.979876e-01	8.853470e+00	6.751249e-01	2.478418e-01	6.680130e+01	2.154523e+00	8.251553e-01	
11  506.801	2.237510e+00	1.219173e-01	1.042109e+00	3.070155e+00	9.577043e-01	6.568759e-02	9.991145e-01	8.853470e+00	6.751249e-01	2.478418e-01	6.680130e+01	2.154523e+00	8.251553e-01	
3  506.838	2.237510e+00	1.219173e-01	1.042109e+00	3.070155e+00	9.577043e-01	6.568759e-02	9.992909e-01	8.853470e+00	6.751249e-01	2.478418e-01	6.680130e+01	2.154523e+00	8.251553e-01	
8  507.15	2.237510e+00	1.219173e-01	1.042109e+00	3.070155e+00	9.577043e-01	6.568759e-02	9.984751e-01	8.853470e+00	6.751249e-01	2.478418e-01	6.680130e+01	2.154523e+00	8.251553e-01	
14  508.599	2.246126e+00	1.226383e-01	1.042015e+00	3.066256e+00	9.640737e-01	6.346706e-02	9.984751e-01	8.628860e+00	6.713282e-01	2.478785e-01	6.659898e+01	2.146140e+00	8.274151e-01	
3  508.658	2.239407e+00	1.219931e-01	1.042228e+00	3.081923e+00	9.634495e-01	7.174054e-02	9.984751e-01	9.426224e+00	6.752063e-01	2.478499e-01	6.683151e+01	2.180028e+00	8.320911e-01	
4  509.327	2.225027e+00	1.223572e-01	1.042118e+00	3.072855e+00	9.603082e-01	6.570522e-02	9.984751e-01	8.895584e+00	6.718631e-01	2.477885e-01	6.654065e+01	2.160350e+00	8.290047e-01	
13  508.697	2.225027e+00	1.223572e-01	1.042118e+00	3.072855e+00	9.603082e-01	6.570522e-02	1.002108e+00	8.895584e+00	6.718631e-01	2.477885e-01	6.654065e+01	2.160350e+00	8.290047e-01	
1  506.773	2.225027e+00	1.223572e-01	1.042118e+00	3.072855e+00	9.603082e-01	6.570522e-02	1.001312e+00	8.895584e+00	6.718631e-01	2.477885e-01	6.654065e+01	2.160350e+00	8.290047e-01	
14  506.853	2.225027e+00	1.223572e-01	1.042118e+00	3.072855e+00	9.603082e-01	6.570522e-02	1.001358e+00	8.895584e+00	6.718631e-01	2.477885e-01	6.654065e+01	2.160350e+00	8.290047e-01	
2  506.41	2.249418e+00	1.218341e-01	1.041906e+00	3.072093e+00	9.628210e-01	6.383009e-02	1.001358e+00	8.641495e+00	6.757016e-01	2.478925e-01	6.686895e+01	2.158705e+00	8.265946e-01	
6  506.051	2.249418e+00	1.218341e-01	1.041906e+00	3.072093e+00	9.628210e-01	6.383009e-02	1.001919e+00	8.641495e+00	6.757016e-01	2.478925e-01	6.686895e+01	2.158705e+00	8.265946e-01	
1  506.189	2.249418e+00	1.218341e-01	1.041906e+00	3.072093e+00	9.628210e-01	6.383009e-02	1.002390e+00	8.641495e+00	6.757016e-01	2.478925e-01	6.686895e+01	2.158705e+00	8.265946e-01	
1  506.35	2.249418e+00	1.218341e-01	1.041906e+00	3.072093e+00	9.628210e-01	6.383009e-02	1.002576e+00	8.641495e+00	6.757016e-01	2.478925e-01	6.686895e+01	2.158705e+00	8.265946e-01	
11  506.453	2.249418e+00	1.218341e-01	1.041906e+00	3.072093e+00	9.628210e-01	6.383009e-02	1.002669e+00	8.641495e+00	6.757016e-01	2.478925e-01	6.686895e+01	2.158705e+00	8.265946e-01	
3  506.091	2.249418e+00	1.218341e-01	1.041906e+00	3.072093e+00	9.628210e-01	6.383009e-02	1.001754e+00	8.641495e+00	6.757016e-01	2.478925e-01	6.686895e+01	2.158705e+00	8.265946e-01	
1  506.24	2.249418e+00	1.218341e-01	1.041906e+00	3.072093e+00	9.628210e-01	6.383009e-02	1.001532e+00	8.641495e+00	6.757016e-01	2.478925e-01	6.686895e+01	2.158705e+00	8.265946e-01	
12  506.652	2.249418e+00	1.218341e-01	1.041906e+00	3.072093e+00	9.628210e-01	6.383009e-02	1.002814e+00	8.641495e+00	6.757016e-01	2.478925e-01	6.686895e+01	2.158705e+00	8.265946e-01	
2  506.314	2.249418e+00	1.218341e-01	1.041906e+00	3.072093e+00	9.628210e-01	6.383009e-02	1.002536e+00	8.641495e+00	6.757016e-01	2.478925e-01	6.686895e+01	2.158705e+00	8.265946e-01	
1  506.322	2.249418e+00	1.218341e-01	1.041906e+00	3.072093e+00	9.628210e-01	6.383009e-02	1.002543e+00	8.641495e+00	6.757016e-01	2.478925e-01	6.686895e+01	2.158705e+00	8.265946e-01	
1  507.115	2.249418e+00	1.218341e-01	1.041906e+00	3.072093e+00	9.628210e-01	6.383009e-02	1.000909e+00	8.641495e+00	6.757016e-01	2.478925e-01	6.686895e+01	2.158705e+00	8.265946e-01	
2  506.148	2.249418e+00	1.218341e-01	1.041906e+00	3.072093e+00	9.628210e-01	6.383009e-02	1.001645e+00	8.641495e+00	6.757016e-01	2.478925e-01	6.686895e+01	2.158705e+00	8.265946e-01	
8  504.732	2.227335e+00	1.217328e-01	1.041857e+00	3.069194e+00	9.628116e-01	6.258414e-02	1.001645e+00	8.572708e+00	6.746822e-01	2.477984e-01	6.668991e+01	2.152455e+00	8.258915e-01	
6  504.193	2.227335e+00	1.217328e-01	1.041857e+00	3.069194e+00	9.628116e-01	6.258414e-02	1.002147e+00	8.572708e+00	6.746822e-01	2.477984e-01	6.668991e+01	2.152455e+00	8.258915e-01	
15  504.446	2.227335e+00	1.217328e-01	1.041857e+00	3.069194e+00	9.628116e-01	6.258414e-02	1.001859e+00	8.572708e+00	6.746822e-01	2.477984e-01	6.668991e+01	2.152455e+00	8.258915e-01	
4  504.727	2.227335e+00	1.217328e-01	1.041857e+00	3.069194e+00	9.628116e-01	6.258414e-02	1.003336e+00	8.572708e+00	6.746822e-01	2.477984e-01	6.668991e+01	2.152455e+00	8.258915e-01	
3  505.811	2.223656e+00	1.221883e-01	1.042013e+00	3.074266e+00	9.588595e-01	6.346850e-02	1.003336e+00	8.677292e+00	6.723863e-01	2.477826e-01	6.655189e+01	2.163400e+00	8.285498e-01	
23  506.46	2.207065e+00	1.223322e-01	1.041979e+00	3.066224e+00	9.627434e-01	6.059688e-02	1.003336e+00	8.437241e+00	6.703659e-01	2.477114e-01	6.634259e+01	2.146071e+00	8.275016e-01	
12  506.837	2.207065e+00	1.223322e-01	1.041979e+00	3.066224e+00	9.627434e-01	6.059688e-02	1.003632e+00	8.437241e+00	6.703659e-01	2.477114e-01	6.634259e+01	2.146071e+00	8.275016e-01	
8  507.05	2.207065e+00	1.223322e-01	1.041979e+00	3.066224e+00	9.627434e-01	6.059688e-02	1.001791e+00	8.437241e+00	6.703659e-01	2.477114e-01	6.634259e+01	2.146071e+00	8.275016e-01	
4  507.866	2.207065e+00	1.223322e-01	1.041979e+00	3.066224e+00	9.627434e-01	6.059688e-02	1.004141e+00	8.437241e+00	6.703659e-01	2.477114e-01	6.634259e+01	2.146071e+00	8.275016e-01	
36  507.077	2.235090e+00	1.198352e-01	1.042247e+00	3.056340e+00	9.605810e-01	5.515008e-02	1.004141e+00	7.779556e+00	6.869290e-01	2.478315e-01	6.755285e+01	2.124964e+00	8.137174e-01	
5  507.187	2.235090e+00	1.198352e-01	1.042247e+00	3.056340e+00	9.605810e-01	5.515008e-02	1.004067e+00	7.779556e+00	6.869290e-01	2.478315e-01	6.755285e+01	2.124964e+00	8.137174e-01	
7  506.523	2.235090e+00	1.198352e-01	1.042247e+00	3.056340e+00	9.605810e-01	5.515008e-02	1.004898e+00	7.779556e+00	6.869290e-01	2.478315e-01	6.755285e+01	2.124964e+00	8.137174e-01	
10  504.742	2.255693e+00	1.193092e-01	1.041882e+00	3.064390e+00	9.660743e-01	6.046734e-02	1.004898e+00	8.253342e+00	6.899144e-01	2.479191e-01	6.780120e+01	2.142139e+00	8.157195e-01	
2  505.261	2.255693e+00	1.193092e-01	1.041882e+00	3.064390e+00	9.660743e-01	6.046734e-02	1.003484e+00	8.253342e+00	6.899144e-01	2.479191e-01	6.780120e+01	2.142139e+00	8.157195e-01	
9  504.626	2.255693e+00	1.193092e-01	1.041882e+00	3.064390e+00	9.660743e-01	6.046734e-02	1.004030e+00	8.253342e+00	6.899144e-01	2.479191e-01	6.780120e+01	2.142139e+00	8.157195e-01	
6  504.655	2.255693e+00	1.193092e-01	1.041882e+00	3.064390e+00	9.660743e-01	6.046734e-02	1.004787e+00	8.253342e+00	6.899144e-01	2.479191e-01	6.780120e+01	2.142139e+00	8.157195e-01	
5  507.019	2.255693e+00	1.193092e-01	1.041882e+00	3.064390e+00	9.660743e-01	6.046734e-02	1.002736e+00	8.253342e+00	6.899144e-01	2.479191e-01	6.780120e+01	2.142139e+00	8.157195e-01	
9  507.123	2.273763e+00	1.169674e-01	1.041985e+00	3.054760e+00	9.718354e-01	6.134158e-02	1.002736e+00	8.255447e+00	7.037621e-01	2.479954e-01	6.883997e+01	2.121610e+00	8.047776e-01	
11  507.066	2.273763e+00	1.169674e-01	1.041985e+00	3.054760e+00	9.718354e-01	6.134158e-02	1.000790e+00	8.255447e+00	7.037621e-01	2.479954e-01	6.883997e+01	2.121610e+00	8.047776e-01	
4  506.245	2.273763e+00	1.169674e-01	1.041985e+00	3.054760e+00	9.718354e-01	6.134158e-02	1.001862e+00	8.255447e+00	7.037621e-01	2.479954e-01	6.883997e+01	2.121610e+00	8.047776e-01	
3  506.275	2.273763e+00	1.169674e-01	1.041985e+00	3.054760e+00	9.718354e-01	6.134158e-02	1.001537e+00	8.255447e+00	7.037621e-01	2.479954e-01	6.883997e+01	2.121610e+00	8.047776e-01	
8  506.252	2.273763e+00	1.169674e-01	1.041985e+00	3.054760e+00	9.718354e-01	6.134158e-02	1.001611e+00	8.255447e+00	7.037621e-01	2.479954e-01	6.883997e+01	2.121610e+00	8.047776e-01	
7  506.366	2.273763e+00	1.169674e-01	1.041985e+00	3.054760e+00	9.718354e-01	6.134158e-02	1.001375e+00	8.255447e+00	7.037621e-01	2.479954e-01	6.883997e+01	2.121610e+00	8.047776e-01	
33  506.263	2.273763e+00	1.169674e-01	1.041985e+00	3.054760e+00	9.718354e-01	6.134158e-02	1.001571e+00	8.255447e+00	7.037621e-01	2.479954e-01	6.883997e+01	2.121610e+00	8.047776e-01	
3  506.28	2.273763e+00	1.169674e-01	1.041985e+00	3.054760e+00	9.718354e-01	6.134158e-02	1.001524e+00	8.255447e+00	7.037621e-01	2.479954e-01	6.883997e+01	2.121610e+00	8.047776e-01	
10  506.221	2.265243e+00	1.187747e-01	1.042051e+00	3.062823e+00	9.652500e-01	6.199496e-02	1.001524e+00	8.370560e+00	6.938814e-01	2.479595e-01	6.813395e+01	2.138785e+00	8.127516e-01	
15  505.598	2.265243e+00	1.187747e-01	1.042051e+00	3.062823e+00	9.652500e-01	6.199496e-02	1.002968e+00	8.370560e+00	6.938814e-01	2.479595e-01	6.813395e+01	2.138785e+00	8.127516e-01	
5  506.642	2.265243e+00	1.187747e-01	1.042051e+00	3.062823e+00	9.652500e-01	6.199496e-02	1.001310e+00	8.370560e+00	6.938814e-01	2.479595e-01	6.813395e+01	2.138785e+00	8.127516e-01	
4  505.867	2.265243e+00	1.187747e-01	1.042051e+00	3.062823e+00	9.652500e-01	6.199496e-02	1.001753e+00	8.370560e+00	6.938814e-01	2.479595e-01	6.813395e+01	2.138785e+00	8.127516e-01	
3  503.461	2.252280e+00	1.189852e-01	1.041872e+00	3.052636e+00	9.698527e-01	5.900048e-02	1.001753e+00	8.111557e+00	6.914355e-01	2.479046e-01	6.788267e+01	2.117109e+00	8.111274e-01	
6  505.006	2.252280e+00	1.189852e-01	1.041872e+00	3.052636e+00	9.698527e-01	5.900048e-02	9.997185e-01	8.111557e+00	6.914355e-01	2.479046e-01	6.788267e+01	2.117109e+00	8.111274e-01	
13  503.166	2.252280e+00	1.189852e-01	1.041872e+00	3.052636e+00	9.698527e-01	5.900048e-02	1.001357e+00	8.111557e+00	6.914355e-01	2.479046e-01	6.788267e+01	2.117109e+00	8.111274e-01	
13  503.298	2.252280e+00	1.189852e-01	1.041872e+00	3.052636e+00	9.698527e-01	5.900048e-02	1.001583e+00	8.111557e+00	6.914355e-01	2.479046e-01	6.788267e+01	2.117109e+00	8.111274e-01	
6  503.483	2.252280e+00	1.189852e-01	1.041872e+00	3.052636e+00	9.698527e-01	5.900048e-02	1.001773e+00	8.111557e+00	6.914355e-01	2.479046e-01	6.788267e+01	2.117109e+00	8.111274e-01	
2  504.052	2.252280e+00	1.189852e-01	1.041872e+00	3.052636e+00	9.698527e-01	5.900048e-02	1.002157e+00	8.111557e+00	6.914355e-01	2.479046e-01	6.788267e+01	2.117109e+00	8.111274e-01	
1  504.262	2.252280e+00	1.189852e-01	1.041872e+00	3.052636e+00	9.698527e-01	5.900048e-02	1.000040e+00	8.111557e+00	6.914355e-01	2.479046e-01	6.788267e+01	2.117109e+00	8.111274e-01	
11  503.749	2.252280e+00	1.189852e-01	1.041872e+00	3.052636e+00	9.698527e-01	5.900048e-02	1.000325e+00	8.111557e+00	6.914355e-01	2.479046e-01	6.788267e+01	2.117109e+00	8.111274e-01	
4  504.79	2.252280e+00	1.189852e-01	1.041872e+00	3.052636e+00	9.698527e-01	5.900048e-02	9.998051e-01	8.111557e+00	6.914355e-01	2.479046e-01	6.788267e+01	2.117109e+00	8.111274e-01	
8  503.701	2.252280e+00	1.189852e-01	1.041872e+00	3.052636e+00	9.698527e-01	5.900048e-02	1.000357e+00	8.111557e+00	6.914355e-01	2.479046e-01	6.788267e+01	2.117109e+00	8.111274e-01	
2  503.621	2.252280e+00	1.189852e-01	1.041872e+00	3.052636e+00	9.698527e-01	5.900048e-02	1.000418e+00	8.111557e+00	6.914355e-01	2.479046e-01	6.788267e+01	2.117109e+00	8.111274e-01	
4  503.656	2.252280e+00	1.189852e-01	1.041872e+00	3.052636e+00	9.698527e-01	5.900048e-02	1.000389e+00	8.111557e+00	6.914355e-01	2.479046e-01	6.788267e+01	2.117109e+00	8.111274e-01	
13  503.664	2.252280e+00	1.189852e-01	1.041872e+00	3.052636e+00	9.698527e-01	5.900048e-02	1.000383e+00	8.111557e+00	6.914355e-01	2.479046e-01	6.788267e+01	2.117109e+00	8.111274e-01	
1  503.175	2.252280e+00	1.189852e-01	1.041872e+00	3.052636e+00	9.698527e-01	5.900048e-02	1.001386e+00	8.111557e+00	6.914355e-01	2.479046e-01	6.788267e+01	2.117109e+00	8.111274e-01	
1  503.602	2.252280e+00	1.189852e-01	1.041872e+00	3.052636e+00	9.698527e-01	5.900048e-02	1.001871e+00	8.111557e+00	6.914355e-01	2.479046e-01	6.788267e+01	2.117109e+00	8.111274e-01	
14  503.698	2.252280e+00	1.189852e-01	1.041872e+00	3.052636e+00	9.698527e-01	5.900048e-02	1.001940e+00	8.111557e+00	6.914355e-01	2.479046e-01	6.788267e+01	2.117109e+00	8.111274e-01	
1  505.012	2.252280e+00	1.189852e-01	1.041872e+00	3.052636e+00	9.698527e-01	5.900048e-02	1.002594e+00	8.111557e+00	6.914355e-01	2.479046e-01	6.788267e+01	2.117109e+00	8.111274e-01	
1  503.551	2.252280e+00	1.189852e-01	1.041872e+00	3.052636e+00	9.698527e-01	5.900048e-02	1.001831e+00	8.111557e+00	6.914355e-01	2.479046e-01	6.788267e+01	2.117109e+00	8.111274e-01	
20  504.265	2.252280e+00	1.189852e-01	1.041872e+00	3.052636e+00	9.698527e-01	5.900048e-02	1.002267e+00	8.111557e+00	6.914355e-01	2.479046e-01	6.788267e+01	2.117109e+00	8.111274e-01	
13  503.142	2.252280e+00	1.189852e-01	1.041872e+00	3.052636e+00	9.698527e-01	5.900048e-02	1.001275e+00	8.111557e+00	6.914355e-01	2.479046e-01	6.788267e+01	2.117109e+00	8.111274e-01	
13  503.3	2.252280e+00	1.189852e-01	1.041872e+00	3.052636e+00	9.698527e-01	5.900048e-02	1.000726e+00	8.111557e+00	6.914355e-01	2.479046e-01	6.788267e+01	2.117109e+00	8.111274e-01	
3  503.214	2.252280e+00	1.189852e-01	1.041872e+00	3.052636e+00	9.698527e-01	5.900048e-02	1.000859e+00	8.111557e+00	6.914355e-01	2.479046e-01	6.788267e+01	2.117109e+00	8.111274e-01	
1  504.347	2.252280e+00	1.189852e-01	1.041872e+00	3.052636e+00	9.698527e-01	5.900048e-02	1.002307e+00	8.111557e+00	6.914355e-01	2.479046e-01	6.788267e+01	2.117109e+00	8.111274e-01	
9  503.591	2.252280e+00	1.189852e-01	1.041872e+00	3.052636e+00	9.698527e-01	5.900048e-02	1.001862e+00	8.111557e+00	6.914355e-01	2.479046e-01	6.788267e+01	2.117109e+00	8.111274e-01	
1  508.347	2.252280e+00	1.189852e-01	1.041872e+00	3.052636e+00	9.698527e-01	5.900048e-02	9.987694e-01	8.111557e+00	6.914355e-01	2.479046e-01	6.788267e+01	2.117109e+00	8.111274e-01	
2  505.546	2.252280e+00	1.189852e-01	1.041872e+00	3.052636e+00	9.698527e-01	5.900048e-02	9.995270e-01	8.111557e+00	6.914355e-01	2.479046e-01	6.788267e+01	2.117109e+00	8.111274e-01	
5  505.024	2.252280e+00	1.189852e-01	1.041872e+00	3.052636e+00	9.698527e-01	5.900048e-02	1.002598e+00	8.111557e+00	6.914355e-01	2.479046e-01	6.788267e+01	2.117109e+00	8.111274e-01	
14  503.826	2.252280e+00	1.189852e-01	1.041872e+00	3.052636e+00	9.698527e-01	5.900048e-02	1.002026e+00	8.111557e+00	6.914355e-01	2.479046e-01	6.788267e+01	2.117109e+00	8.111274e-01	
1  503.501	2.252280e+00	1.189852e-01	1.041872e+00	3.052636e+00	9.698527e-01	5.900048e-02	1.001789e+00	8.111557e+00	6.914355e-01	2.479046e-01	6.788267e+01	2.117109e+00	8.111274e-01	
2  503.275	2.252280e+00	1.189852e-01	1.041872e+00	3.052636e+00	9.698527e-01	5.900048e-02	1.000760e+00	8.111557e+00	6.914355e-01	2.479046e-01	6.788267e+01	2.117109e+00	8.111274e-01	
8  503.128	2.252280e+00	1.189852e-01	1.041872e+00	3.052636e+00	9.698527e-01	5.900048e-02	1.001151e+00	8.111557e+00	6.914355e-01	2.479046e-01	6.788267e+01	2.117109e+00	8.111274e-01	
18  503.842	2.252280e+00	1.189852e-01	1.041872e+00	3.052636e+00	9.698527e-01	5.900048e-02	1.002036e+00	8.111557e+00	6.914355e-01	2.479046e-01	6.788267e+01	2.117109e+00	8.111274e-01	
21  503.372	2.252280e+00	1.189852e-01	1.041872e+00	3.052636e+00	9.698527e-01	5.900048e-02	1.001665e+00	8.111557e+00	6.914355e-01	2.479046e-01	6.788267e+01	2.117109e+00	8.111274e-01	
16  503.184	2.252280e+00	1.189852e-01	1.041872e+00	3.052636e+00	9.698527e-01	5.900048e-02	1.000904e+00	8.111557e+00	6.914355e-01	2.479046e-01	6.788267e+01	2.117109e+00	8.111274e-01	
1  507.583	2.252280e+00	1.189852e-01	1.041872e+00	3.052636e+00	9.698527e-01	5.900048e-02	9.989505e-01	8.111557e+00	6.914355e-01	2.479046e-01	6.788267e+01	2.117109e+00	8.111274e-01	
3  507.928	2.252280e+00	1.189852e-01	1.041872e+00	3.052636e+00	9.698527e-01	5.900048e-02	1.003454e+00	8.111557e+00	6.914355e-01	2.479046e-01	6.788267e+01	2.117109e+00	8.111274e-01	
1  509.265	2.245646e+00	1.188891e-01	1.042459e+00	3.051627e+00	9.716886e-01	5.865219e-02	1.003454e+00	8.091904e+00	6.933403e-01	2.478765e-01	6.805428e+01	2.114974e+00	8.117587e-01	
5  509.604	2.215196e+00	1.199175e-01	1.042310e+00	3.072864e+00	9.684282e-01	6.791154e-02	1.003454e+00	9.087204e+00	6.854538e-01	2.477464e-01	6.736674e+01	2.160368e+00	8.240376e-01	
5  509.29	2.215196e+00	1.199175e-01	1.042310e+00	3.072864e+00	9.684282e-01	6.791154e-02	1.000464e+00	9.087204e+00	6.854538e-01	2.477464e-01	6.736674e+01	2.160368e+00	8.240376e-01	
5  507.522	2.215196e+00	1.199175e-01	1.042310e+00	3.072864e+00	9.684282e-01	6.791154e-02	1.002252e+00	9.087204e+00	6.854538e-01	2.477464e-01	6.736674e+01	2.160368e+00	8.240376e-01	
6  508.896	2.213489e+00	1.196942e-01	1.041885e+00	3.083257e+00	9.665811e-01	7.176016e-02	1.002252e+00	9.451492e+00	6.852535e-01	2.477390e-01	6.728857e+01	2.182939e+00	8.266651e-01	
4  508.82	2.213489e+00	1.196942e-01	1.041885e+00	3.083257e+00	9.665811e-01	7.176016e-02	1.002287e+00	9.451492e+00	6.852535e-01	2.477390e-01	6.728857e+01	2.182939e+00	8.266651e-01	
45  508.005	2.213489e+00	1.196942e-01	1.041885e+00	3.083257e+00	9.665811e-01	7.176016e-02	1.002815e+00	9.451492e+00	6.852535e-01	2.477390e-01	6.728857e+01	2.182939e+00	8.266651e-01	
4  508.486	2.213489e+00	1.196942e-01	1.041885e+00	3.083257e+00	9.665811e-01	7.176016e-02	1.004317e+00	9.451492e+00	6.852535e-01	2.477390e-01	6.728857e+01	2.182939e+00	8.266651e-01	
12  507.768	2.213489e+00	1.196942e-01	1.041885e+00	3.083257e+00	9.665811e-01	7.176016e-02	1.003136e+00	9.451492e+00	6.852535e-01	2.477390e-01	6.728857e+01	2.182939e+00	8.266651e-01	
20  508.123	2.213489e+00	1.196942e-01	1.041885e+00	3.083257e+00	9.665811e-01	7.176016e-02	1.002705e+00	9.451492e+00	6.852535e-01	2.477390e-01	6.728857e+01	2.182939e+00	8.266651e-01	
12  507.979	2.213489e+00	1.196942e-01	1.041885e+00	3.083257e+00	9.665811e-01	7.176016e-02	1.002842e+00	9.451492e+00	6.852535e-01	2.477390e-01	6.728857e+01	2.182939e+00	8.266651e-01	
14  507.856	2.213489e+00	1.196942e-01	1.041885e+00	3.083257e+00	9.665811e-01	7.176016e-02	1.003785e+00	9.451492e+00	6.852535e-01	2.477390e-01	6.728857e+01	2.182939e+00	8.266651e-01	
6  509.461	2.213489e+00	1.196942e-01	1.041885e+00	3.083257e+00	9.665811e-01	7.176016e-02	1.004782e+00	9.451492e+00	6.852535e-01	2.477390e-01	6.728857e+01	2.182939e+00	8.266651e-01	
1  510.247	2.213489e+00	1.196942e-01	1.041885e+00	3.083257e+00	9.665811e-01	7.176016e-02	1.005068e+00	9.451492e+00	6.852535e-01	2.477390e-01	6.728857e+01	2.182939e+00	8.266651e-01	
1  509.901	2.213489e+00	1.196942e-01	1.041885e+00	3.083257e+00	9.665811e-01	7.176016e-02	1.001845e+00	9.451492e+00	6.852535e-01	2.477390e-01	6.728857e+01	2.182939e+00	8.266651e-01	
7  510.808	2.213489e+00	1.196942e-01	1.041885e+00	3.083257e+00	9.665811e-01	7.176016e-02	1.001551e+00	9.451492e+00	6.852535e-01	2.477390e-01	6.728857e+01	2.182939e+00	8.266651e-01	
3  509.167	2.213489e+00	1.196942e-01	1.041885e+00	3.083257e+00	9.665811e-01	7.176016e-02	1.004660e+00	9.451492e+00	6.852535e-01	2.477390e-01	6.728857e+01	2.182939e+00	8.266651e-01	
2  509.167	2.213489e+00	1.196942e-01	1.041885e+00	3.083257e+00	9.665811e-01	7.176016e-02	1.002128e+00	9.451492e+00	6.852535e-01	2.477390e-01	6.728857e+01	2.182939e+00	8.266651e-01	
1  507.77	2.213489e+00	1.196942e-01	1.041885e+00	3.083257e+00	9.665811e-01	7.176016e-02	1.003641e+00	9.451492e+00	6.852535e-01	2.477390e-01	6.728857e+01	2.182939e+00	8.266651e-01	
15  508.327	2.213489e+00	1.196942e-01	1.041885e+00	3.083257e+00	9.665811e-01	7.176016e-02	1.002559e+00	9.451492e+00	6.852535e-01	2.477390e-01	6.728857e+01	2.182939e+00	8.266651e-01	
2  508.698	2.213489e+00	1.196942e-01	1.041885e+00	3.083257e+00	9.665811e-01	7.176016e-02	1.002352e+00	9.451492e+00	6.852535e-01	2.477390e-01	6.728857e+01	2.182939e+00	8.266651e-01	
11  509.665	2.213489e+00	1.196942e-01	1.041885e+00	3.083257e+00	9.665811e-01	7.176016e-02	1.004860e+00	9.451492e+00	6.852535e-01	2.477390e-01	6.728857e+01	2.182939e+00	8.266651e-01	
16  508.22	2.213489e+00	1.196942e-01	1.041885e+00	3.083257e+00	9.665811e-01	7.176016e-02	1.004137e+00	9.451492e+00	6.852535e-01	2.477390e-01	6.728857e+01	2.182939e+00	8.266651e-01	
5  507.83	2.213489e+00	1.196942e-01	1.041885e+00	3.083257e+00	9.665811e-01	7.176016e-02	1.003747e+00	9.451492e+00	6.852535e-01	2.477390e-01	6.728857e+01	2.182939e+00	8.266651e-01	
13  507.784	2.213489e+00	1.196942e-01	1.041885e+00	3.083257e+00	9.665811e-01	7.176016e-02	1.003669e+00	9.451492e+00	6.852535e-01	2.477390e-01	6.728857e+01	2.182939e+00	8.266651e-01	
13  508.458	2.213489e+00	1.196942e-01	1.041885e+00	3.083257e+00	9.665811e-01	7.176016e-02	1.002485e+00	9.451492e+00	6.852535e-01	2.477390e-01	6.728857e+01	2.182939e+00	8.266651e-01	
3  507.747	2.213489e+00	1.196942e-01	1.041885e+00	3.083257e+00	9.665811e-01	7.176016e-02	1.003186e+00	9.451492e+00	6.852535e-01	2.477390e-01	6.728857e+01	2.182939e+00	8.266651e-01	
1  507.927	2.213489e+00	1.196942e-01	1.041885e+00	3.083257e+00	9.665811e-01	7.176016e-02	1.003881e+00	9.451492e+00	6.852535e-01	2.477390e-01	6.728857e+01	2.182939e+00	8.266651e-01	
2  509.897	2.213489e+00	1.196942e-01	1.041885e+00	3.083257e+00	9.665811e-01	7.176016e-02	1.001846e+00	9.451492e+00	6.852535e-01	2.477390e-01	6.728857e+01	2.182939e+00	8.266651e-01	
16  508.297	2.213489e+00	1.196942e-01	1.041885e+00	3.083257e+00	9.665811e-01	7.176016e-02	1.004195e+00	9.451492e+00	6.852535e-01	2.477390e-01	6.728857e+01	2.182939e+00	8.266651e-01	
1  509.469	2.213489e+00	1.196942e-01	1.041885e+00	3.083257e+00	9.665811e-01	7.176016e-02	1.004785e+00	9.451492e+00	6.852535e-01	2.477390e-01	6.728857e+01	2.182939e+00	8.266651e-01	
12  507.79	2.213489e+00	1.196942e-01	1.041885e+00	3.083257e+00	9.665811e-01	7.176016e-02	1.003681e+00	9.451492e+00	6.852535e-01	2.477390e-01	6.728857e+01	2.182939e+00	8.266651e-01	
3  510.04	2.213489e+00	1.196942e-01	1.041885e+00	3.083257e+00	9.665811e-01	7.176016e-02	1.001797e+00	9.451492e+00	6.852535e-01	2.477390e-01	6.728857e+01	2.182939e+00	8.266651e-01	
4  508.781	2.213489e+00	1.196942e-01	1.041885e+00	3.083257e+00	9.665811e-01	7.176016e-02	1.002307e+00	9.451492e+00	6.852535e-01	2.477390e-01	6.728857e+01	2.182939e+00	8.266651e-01	
2  509.075	2.223958e+00	1.198497e-01	1.041361e+00	3.074565e+00	9.597764e-01	6.654456e-02	1.002307e+00	8.930679e+00	6.833966e-01	2.477839e-01	6.715217e+01	2.164046e+00	8.205970e-01	
2  509.673	2.232255e+00	1.206248e-01	1.042217e+00	3.074656e+00	9.614858e-01	6.870458e-02	1.002307e+00	9.131424e+00	6.823206e-01	2.478194e-01	6.723951e+01	2.164243e+00	8.242197e-01	
1  504.081	2.232437e+00	1.200794e-01	1.041931e+00	3.073459e+00	9.646563e-01	6.643641e-02	1.002307e+00	8.903305e+00	6.844395e-01	2.478202e-01	6.733710e+01	2.161654e+00	8.226011e-01	
3  504.537	2.232437e+00	1.200794e-01	1.041931e+00	3.073459e+00	9.646563e-01	6.643641e-02	1.001888e+00	8.903305e+00	6.844395e-01	2.478202e-01	6.733710e+01	2.161654e+00	8.226011e-01	
3  503.969	2.232437e+00	1.200794e-01	1.041931e+00	3.073459e+00	9.646563e-01	6.643641e-02	1.002843e+00	8.903305e+00	6.844395e-01	2.478202e-01	6.733710e+01	2.161654e+00	8.226011e-01	
2  504.925	2.232437e+00	1.200794e-01	1.041931e+00	3.073459e+00	9.646563e-01	6.643641e-02	1.003744e+00	8.903305e+00	6.844395e-01	2.478202e-01	6.733710e+01	2.161654e+00	8.226011e-01	
10  504.548	2.232437e+00	1.200794e-01	1.041931e+00	3.073459e+00	9.646563e-01	6.643641e-02	1.001880e+00	8.903305e+00	6.844395e-01	2.478202e-01	6.733710e+01	2.161654e+00	8.226011e-01	
2  504.47	2.232437e+00	1.200794e-01	1.041931e+00	3.073459e+00	9.646563e-01	6.643641e-02	1.001935e+00	8.903305e+00	6.844395e-01	2.478202e-01	6.733710e+01	2.161654e+00	8.226011e-01	
15  504.621	2.232437e+00	1.200794e-01	1.041931e+00	3.073459e+00	9.646563e-01	6.643641e-02	1.001832e+00	8.903305e+00	6.844395e-01	2.478202e-01	6.733710e+01	2.161654e+00	8.226011e-01	
19  504.533	2.232437e+00	1.200794e-01	1.041931e+00	3.073459e+00	9.646563e-01	6.643641e-02	1.001890e+00	8.903305e+00	6.844395e-01	2.478202e-01	6.733710e+01	2.161654e+00	8.226011e-01	
16  504.874	2.232437e+00	1.200794e-01	1.041931e+00	3.073459e+00	9.646563e-01	6.643641e-02	1.003717e+00	8.903305e+00	6.844395e-01	2.478202e-01	6.733710e+01	2.161654e+00	8.226011e-01	
12  504.679	2.232437e+00	1.200794e-01	1.041931e+00	3.073459e+00	9.646563e-01	6.643641e-02	1.003603e+00	8.903305e+00	6.844395e-01	2.478202e-01	6.733710e+01	2.161654e+00	8.226011e-01	
1  504.148	2.232437e+00	1.200794e-01	1.041931e+00	3.073459e+00	9.646563e-01	6.643641e-02	1.002222e+00	8.903305e+00	6.844395e-01	2.478202e-01	6.733710e+01	2.161654e+00	8.226011e-01	
4  503.968	2.232437e+00	1.200794e-01	1.041931e+00	3.073459e+00	9.646563e-01	6.643641e-02	1.002523e+00	8.903305e+00	6.844395e-01	2.478202e-01	6.733710e+01	2.161654e+00	8.226011e-01	
15  504.071	2.232437e+00	1.200794e-01	1.041931e+00	3.073459e+00	9.646563e-01	6.643641e-02	1.002322e+00	8.903305e+00	6.844395e-01	2.478202e-01	6.733710e+01	2.161654e+00	8.226011e-01	
11  504.605	2.232437e+00	1.200794e-01	1.041931e+00	3.073459e+00	9.646563e-01	6.643641e-02	1.003554e+00	8.903305e+00	6.844395e-01	2.478202e-01	6.733710e+01	2.161654e+00	8.226011e-01	
6  504.201	2.232437e+00	1.200794e-01	1.041931e+00	3.073459e+00	9.646563e-01	6.643641e-02	1.002163e+00	8.903305e+00	6.844395e-01	2.478202e-01	6.733710e+01	2.161654e+00	8.226011e-01	
2  506.332	2.232437e+00	1.200794e-01	1.041931e+00	3.073459e+00	9.646563e-01	6.643641e-02	1.001080e+00	8.903305e+00	6.844395e-01	2.478202e-01	6.733710e+01	2.161654e+00	8.226011e-01	
9  504.072	2.232437e+00	1.200794e-01	1.041931e+00	3.073459e+00	9.646563e-01	6.643641e-02	1.002320e+00	8.903305e+00	6.844395e-01	2.478202e-01	6.733710e+01	2.161654e+00	8.226011e-01	
4  503.944	2.232437e+00	1.200794e-01	1.041931e+00	3.073459e+00	9.646563e-01	6.643641e-02	1.002750e+00	8.903305e+00	6.844395e-01	2.478202e-01	6.733710e+01	2.161654e+00	8.226011e-01	
12  503.995	2.232437e+00	1.200794e-01	1.041931e+00	3.073459e+00	9.646563e-01	6.643641e-02	1.002918e+00	8.903305e+00	6.844395e-01	2.478202e-01	6.733710e+01	2.161654e+00	8.226011e-01	
36  503.963	2.232437e+00	1.200794e-01	1.041931e+00	3.073459e+00	9.646563e-01	6.643641e-02	1.002820e+00	8.903305e+00	6.844395e-01	2.478202e-01	6.733710e+01	2.161654e+00	8.226011e-01	
3  504.118	2.232437e+00	1.200794e-01	1.041931e+00	3.073459e+00	9.646563e-01	6.643641e-02	1.003134e+00	8.903305e+00	6.844395e-01	2.478202e-01	6.733710e+01	2.161654e+00	8.226011e-01	
9  503.998	2.232437e+00	1.200794e-01	1.041931e+00	3.073459e+00	9.646563e-01	6.643641e-02	1.002446e+00	8.903305e+00	6.844395e-01	2.478202e-01	6.733710e+01	2.161654e+00	8.226011e-01	
1  503.956	2.232437e+00	1.200794e-01	1.041931e+00	3.073459e+00	9.646563e-01	6.643641e-02	1.002563e+00	8.903305e+00	6.844395e-01	2.478202e-01	6.733710e+01	2.161654e+00	8.226011e-01	
6  504.939	2.232437e+00	1.200794e-01	1.041931e+00	3.073459e+00	9.646563e-01	6.643641e-02	1.001651e+00	8.903305e+00	6.844395e-01	2.478202e-01	6.733710e+01	2.161654e+00	8.226011e-01	
3  505.467	2.232437e+00	1.200794e-01	1.041931e+00	3.073459e+00	9.646563e-01	6.643641e-02	1.001405e+00	8.903305e+00	6.844395e-01	2.478202e-01	6.733710e+01	2.161654e+00	8.226011e-01	
22  505.56	2.250473e+00	1.185715e-01	1.041961e+00	3.075138e+00	9.667196e-01	6.918508e-02	1.001405e+00	9.088608e+00	6.938275e-01	2.478970e-01	6.804378e+01	2.165286e+00	8.180499e-01	
6  504.842	2.250473e+00	1.185715e-01	1.041961e+00	3.075138e+00	9.667196e-01	6.918508e-02	1.002202e+00	9.088608e+00	6.938275e-01	2.478970e-01	6.804378e+01	2.165286e+00	8.180499e-01	
1  505.444	2.250473e+00	1.185715e-01	1.041961e+00	3.075138e+00	9.667196e-01	6.918508e-02	1.001481e+00	9.088608e+00	6.938275e-01	2.478970e-01	6.804378e+01	2.165286e+00	8.180499e-01	
8  504.941	2.250473e+00	1.185715e-01	1.041961e+00	3.075138e+00	9.667196e-01	6.918508e-02	1.001957e+00	9.088608e+00	6.938275e-01	2.478970e-01	6.804378e+01	2.165286e+00	8.180499e-01	
39  504.98	2.250473e+00	1.185715e-01	1.041961e+00	3.075138e+00	9.667196e-01	6.918508e-02	1.001898e+00	9.088608e+00	6.938275e-01	2.478970e-01	6.804378e+01	2.165286e+00	8.180499e-01	
17  505.171	2.250473e+00	1.185715e-01	1.041961e+00	3.075138e+00	9.667196e-01	6.918508e-02	1.001696e+00	9.088608e+00	6.938275e-01	2.478970e-01	6.804378e+01	2.165286e+00	8.180499e-01	
27  505.189	2.250473e+00	1.185715e-01	1.041961e+00	3.075138e+00	9.667196e-01	6.918508e-02	1.001680e+00	9.088608e+00	6.938275e-01	2.478970e-01	6.804378e+01	2.165286e+00	8.180499e-01	
2  505.211	2.250473e+00	1.185715e-01	1.041961e+00	3.075138e+00	9.667196e-01	6.918508e-02	1.001659e+00	9.088608e+00	6.938275e-01	2.478970e-01	6.804378e+01	2.165286e+00	8.180499e-01	
3  504.94	2.250473e+00	1.185715e-01	1.041961e+00	3.075138e+00	9.667196e-01	6.918508e-02	1.002625e+00	9.088608e+00	6.938275e-01	2.478970e-01	6.804378e+01	2.165286e+00	8.180499e-01	
8  505.754	2.250473e+00	1.185715e-01	1.041961e+00	3.075138e+00	9.667196e-01	6.918508e-02	1.001297e+00	9.088608e+00	6.938275e-01	2.478970e-01	6.804378e+01	2.165286e+00	8.180499e-01	
1  506.62	2.250473e+00	1.185715e-01	1.041961e+00	3.075138e+00	9.667196e-01	6.918508e-02	1.003688e+00	9.088608e+00	6.938275e-01	2.478970e-01	6.804378e+01	2.165286e+00	8.180499e-01	
3  506.696	2.250473e+00	1.185715e-01	1.041961e+00	3.075138e+00	9.667196e-01	6.918508e-02	1.000870e+00	9.088608e+00	6.938275e-01	2.478970e-01	6.804378e+01	2.165286e+00	8.180499e-01	
1  505.051	2.250473e+00	1.185715e-01	1.041961e+00	3.075138e+00	9.667196e-01	6.918508e-02	1.002778e+00	9.088608e+00	6.938275e-01	2.478970e-01	6.804378e+01	2.165286e+00	8.180499e-01	
3  504.897	2.250473e+00	1.185715e-01	1.041961e+00	3.075138e+00	9.667196e-01	6.918508e-02	1.002555e+00	9.088608e+00	6.938275e-01	2.478970e-01	6.804378e+01	2.165286e+00	8.180499e-01	
10  505.432	2.250473e+00	1.185715e-01	1.041961e+00	3.075138e+00	9.667196e-01	6.918508e-02	1.001489e+00	9.088608e+00	6.938275e-01	2.478970e-01	6.804378e+01	2.165286e+00	8.180499e-01	
14  504.865	2.250473e+00	1.185715e-01	1.041961e+00	3.075138e+00	9.667196e-01	6.918508e-02	1.002479e+00	9.088608e+00	6.938275e-01	2.478970e-01	6.804378e+01	2.165286e+00	8.180499e-01	
4  505.028	2.250473e+00	1.185715e-01	1.041961e+00	3.075138e+00	9.667196e-01	6.918508e-02	1.001849e+00	9.088608e+00	6.938275e-01	2.478970e-01	6.804378e+01	2.165286e+00	8.180499e-01	
3  505.275	2.250473e+00	1.185715e-01	1.041961e+00	3.075138e+00	9.667196e-01	6.918508e-02	1.001606e+00	9.088608e+00	6.938275e-01	2.478970e-01	6.804378e+01	2.165286e+00	8.180499e-01	
8  505.791	2.250473e+00	1.185715e-01	1.041961e+00	3.075138e+00	9.667196e-01	6.918508e-02	1.003312e+00	9.088608e+00	6.938275e-01	2.478970e-01	6.804378e+01	2.165286e+00	8.180499e-01	
2  505.676	2.250473e+00	1.185715e-01	1.041961e+00	3.075138e+00	9.667196e-01	6.918508e-02	1.003248e+00	9.088608e+00	6.938275e-01	2.478970e-01	6.804378e+01	2.165286e+00	8.180499e-01	
3  504.831	2.250473e+00	1.185715e-01	1.041961e+00	3.075138e+00	9.667196e-01	6.918508e-02	1.002320e+00	9.088608e+00	6.938275e-01	2.478970e-01	6.804378e+01	2.165286e+00	8.180499e-01	
13  505.276	2.250473e+00	1.185715e-01	1.041961e+00	3.075138e+00	9.667196e-01	6.918508e-02	1.002987e+00	9.088608e+00	6.938275e-01	2.478970e-01	6.804378e+01	2.165286e+00	8.180499e-01	
1  505.061	2.250473e+00	1.185715e-01	1.041961e+00	3.075138e+00	9.667196e-01	6.918508e-02	1.001810e+00	9.088608e+00	6.938275e-01	2.478970e-01	6.804378e+01	2.165286e+00	8.180499e-01	
3  505.183	2.250473e+00	1.185715e-01	1.041961e+00	3.075138e+00	9.667196e-01	6.918508e-02	1.002908e+00	9.088608e+00	6.938275e-01	2.478970e-01	6.804378e+01	2.165286e+00	8.180499e-01	
3  505.091	2.250473e+00	1.185715e-01	1.041961e+00	3.075138e+00	9.667196e-01	6.918508e-02	1.002821e+00	9.088608e+00	6.938275e-01	2.478970e-01	6.804378e+01	2.165286e+00	8.180499e-01	
7  504.837	2.250473e+00	1.185715e-01	1.041961e+00	3.075138e+00	9.667196e-01	6.918508e-02	1.002251e+00	9.088608e+00	6.938275e-01	2.478970e-01	6.804378e+01	2.165286e+00	8.180499e-01	
17  504.855	2.250473e+00	1.185715e-01	1.041961e+00	3.075138e+00	9.667196e-01	6.918508e-02	1.002448e+00	9.088608e+00	6.938275e-01	2.478970e-01	6.804378e+01	2.165286e+00	8.180499e-01	
2  504.911	2.250473e+00	1.185715e-01	1.041961e+00	3.075138e+00	9.667196e-01	6.918508e-02	1.002012e+00	9.088608e+00	6.938275e-01	2.478970e-01	6.804378e+01	2.165286e+00	8.180499e-01	
1  505.108	2.250473e+00	1.185715e-01	1.041961e+00	3.075138e+00	9.667196e-01	6.918508e-02	1.001758e+00	9.088608e+00	6.938275e-01	2.478970e-01	6.804378e+01	2.165286e+00	8.180499e-01	
1  506.622	2.250473e+00	1.185715e-01	1.041961e+00	3.075138e+00	9.667196e-01	6.918508e-02	1.003688e+00	9.088608e+00	6.938275e-01	2.478970e-01	6.804378e+01	2.165286e+00	8.180499e-01	
3  505.324	2.250473e+00	1.185715e-01	1.041961e+00	3.075138e+00	9.667196e-01	6.918508e-02	1.003025e+00	9.088608e+00	6.938275e-01	2.478970e-01	6.804378e+01	2.165286e+00	8.180499e-01	
9  505.073	2.250473e+00	1.185715e-01	1.041961e+00	3.075138e+00	9.667196e-01	6.918508e-02	1.001796e+00	9.088608e+00	6.938275e-01	2.478970e-01	6.804378e+01	2.165286e+00	8.180499e-01	
33  504.838	2.250473e+00	1.185715e-01	1.041961e+00	3.075138e+00	9.667196e-01	6.918508e-02	1.002377e+00	9.088608e+00	6.938275e-01	2.478970e-01	6.804378e+01	2.165286e+00	8.180499e-01	
21  505.026	2.250473e+00	1.185715e-01	1.041961e+00	3.075138e+00	9.667196e-01	6.918508e-02	1.001852e+00	9.088608e+00	6.938275e-01	2.478970e-01	6.804378e+01	2.165286e+00	8.180499e-01	
37  505.703	2.250473e+00	1.185715e-01	1.041961e+00	3.075138e+00	9.667196e-01	6.918508e-02	1.001323e+00	9.088608e+00	6.938275e-01	2.478970e-01	6.804378e+01	2.165286e+00	8.180499e-01	
11  505.672	2.240218e+00	1.193828e-01	1.042093e+00	3.078558e+00	9.633380e-01	7.102911e-02	1.001323e+00	9.304794e+00	6.892305e-01	2.478534e-01	6.770730e+01	2.172705e+00	8.217509e-01	
1  505.715	2.240218e+00	1.193828e-01	1.042093e+00	3.078558e+00	9.633380e-01	7.102911e-02	1.000965e+00	9.304794e+00	6.892305e-01	2.478534e-01	6.770730e+01	2.172705e+00	8.217509e-01	
1  511.31	2.240218e+00	1.193828e-01	1.042093e+00	3.078558e+00	9.633380e-01	7.102911e-02	9.987266e-01	9.304794e+00	6.892305e-01	2.478534e-01	6.770730e+01	2.172705e+00	8.217509e-01	
7  511.641	2.240218e+00	1.193828e-01	1.042093e+00	3.078558e+00	9.633380e-01	7.102911e-02	9.986550e-01	9.304794e+00	6.892305e-01	2.478534e-01	6.770730e+01	2.172705e+00	8.217509e-01	
2  506.241	2.240218e+00	1.193828e-01	1.042093e+00	3.078558e+00	9.633380e-01	7.102911e-02	1.000408e+00	9.304794e+00	6.892305e-01	2.478534e-01	6.770730e+01	2.172705e+00	8.217509e-01	
5  506.314	2.240218e+00	1.193828e-01	1.042093e+00	3.078558e+00	9.633380e-01	7.102911e-02	1.000359e+00	9.304794e+00	6.892305e-01	2.478534e-01	6.770730e+01	2.172705e+00	8.217509e-01	
2  505.83	2.240218e+00	1.193828e-01	1.042093e+00	3.078558e+00	9.633380e-01	7.102911e-02	1.000773e+00	9.304794e+00	6.892305e-01	2.478534e-01	6.770730e+01	2.172705e+00	8.217509e-01	
10  507.558	2.240218e+00	1.193828e-01	1.042093e+00	3.078558e+00	9.633380e-01	7.102911e-02	1.002650e+00	9.304794e+00	6.892305e-01	2.478534e-01	6.770730e+01	2.172705e+00	8.217509e-01	
1  505.923	2.240218e+00	1.193828e-01	1.042093e+00	3.078558e+00	9.633380e-01	7.102911e-02	1.000669e+00	9.304794e+00	6.892305e-01	2.478534e-01	6.770730e+01	2.172705e+00	8.217509e-01	
17  505.936	2.240218e+00	1.193828e-01	1.042093e+00	3.078558e+00	9.633380e-01	7.102911e-02	1.000656e+00	9.304794e+00	6.892305e-01	2.478534e-01	6.770730e+01	2.172705e+00	8.217509e-01	
34  505.665	2.240218e+00	1.193828e-01	1.042093e+00	3.078558e+00	9.633380e-01	7.102911e-02	1.001287e+00	9.304794e+00	6.892305e-01	2.478534e-01	6.770730e+01	2.172705e+00	8.217509e-01	
9  505.839	2.240218e+00	1.193828e-01	1.042093e+00	3.078558e+00	9.633380e-01	7.102911e-02	1.001644e+00	9.304794e+00	6.892305e-01	2.478534e-01	6.770730e+01	2.172705e+00	8.217509e-01	
4  505.868	2.240218e+00	1.193828e-01	1.042093e+00	3.078558e+00	9.633380e-01	7.102911e-02	1.000728e+00	9.304794e+00	6.892305e-01	2.478534e-01	6.770730e+01	2.172705e+00	8.217509e-01	
5  505.938	2.240218e+00	1.193828e-01	1.042093e+00	3.078558e+00	9.633380e-01	7.102911e-02	1.001747e+00	9.304794e+00	6.892305e-01	2.478534e-01	6.770730e+01	2.172705e+00	8.217509e-01	
11  506.203	2.240218e+00	1.193828e-01	1.042093e+00	3.078558e+00	9.633380e-01	7.102911e-02	1.001979e+00	9.304794e+00	6.892305e-01	2.478534e-01	6.770730e+01	2.172705e+00	8.217509e-01	
12  505.74	2.240218e+00	1.193828e-01	1.042093e+00	3.078558e+00	9.633380e-01	7.102911e-02	1.000911e+00	9.304794e+00	6.892305e-01	2.478534e-01	6.770730e+01	2.172705e+00	8.217509e-01	
5  505.954	2.240218e+00	1.193828e-01	1.042093e+00	3.078558e+00	9.633380e-01	7.102911e-02	1.001763e+00	9.304794e+00	6.892305e-01	2.478534e-01	6.770730e+01	2.172705e+00	8.217509e-01	
15  507.071	2.240218e+00	1.193828e-01	1.042093e+00	3.078558e+00	9.633380e-01	7.102911e-02	1.002451e+00	9.304794e+00	6.892305e-01	2.478534e-01	6.770730e+01	2.172705e+00	8.217509e-01	
5  506.09	2.240218e+00	1.193828e-01	1.042093e+00	3.078558e+00	9.633380e-01	7.102911e-02	1.001883e+00	9.304794e+00	6.892305e-01	2.478534e-01	6.770730e+01	2.172705e+00	8.217509e-01	
9  506.086	2.240218e+00	1.193828e-01	1.042093e+00	3.078558e+00	9.633380e-01	7.102911e-02	1.000522e+00	9.304794e+00	6.892305e-01	2.478534e-01	6.770730e+01	2.172705e+00	8.217509e-01	
2  505.964	2.240218e+00	1.193828e-01	1.042093e+00	3.078558e+00	9.633380e-01	7.102911e-02	1.001773e+00	9.304794e+00	6.892305e-01	2.478534e-01	6.770730e+01	2.172705e+00	8.217509e-01	
15  506.168	2.240218e+00	1.193828e-01	1.042093e+00	3.078558e+00	9.633380e-01	7.102911e-02	1.000458e+00	9.304794e+00	6.892305e-01	2.478534e-01	6.770730e+01	2.172705e+00	8.217509e-01	
12  505.794	2.240218e+00	1.193828e-01	1.042093e+00	3.078558e+00	9.633380e-01	7.102911e-02	1.000822e+00	9.304794e+00	6.892305e-01	2.478534e-01	6.770730e+01	2.172705e+00	8.217509e-01	
8  506.389	2.245651e+00	1.202636e-01	1.042229e+00	3.081245e+00	9.649806e-01	7.062825e-02	1.000822e+00	9.270401e+00	6.851758e-01	2.478765e-01	6.749029e+01	2.178551e+00	8.262702e-01	
12  506.418	2.245651e+00	1.202636e-01	1.042229e+00	3.081245e+00	9.649806e-01	7.062825e-02	1.000807e+00	9.270401e+00	6.851758e-01	2.478765e-01	6.749029e+01	2.178551e+00	8.262702e-01	
14  505.681	2.245651e+00	1.202636e-01	1.042229e+00	3.081245e+00	9.649806e-01	7.062825e-02	1.002252e+00	9.270401e+00	6.851758e-01	2.478765e-01	6.749029e+01	2.178551e+00	8.262702e-01	
1  507.535	2.245651e+00	1.202636e-01	1.042229e+00	3.081245e+00	9.649806e-01	7.062825e-02	1.000315e+00	9.270401e+00	6.851758e-01	2.478765e-01	6.749029e+01	2.178551e+00	8.262702e-01	
5  507.022	2.245651e+00	1.202636e-01	1.042229e+00	3.081245e+00	9.649806e-01	7.062825e-02	1.003097e+00	9.270401e+00	6.851758e-01	2.478765e-01	6.749029e+01	2.178551e+00	8.262702e-01	
33  505.513	2.245651e+00	1.202636e-01	1.042229e+00	3.081245e+00	9.649806e-01	7.062825e-02	1.001903e+00	9.270401e+00	6.851758e-01	2.478765e-01	6.749029e+01	2.178551e+00	8.262702e-01	
11  505.767	2.245651e+00	1.202636e-01	1.042229e+00	3.081245e+00	9.649806e-01	7.062825e-02	1.001273e+00	9.270401e+00	6.851758e-01	2.478765e-01	6.749029e+01	2.178551e+00	8.262702e-01	
4  507.936	2.245651e+00	1.202636e-01	1.042229e+00	3.081245e+00	9.649806e-01	7.062825e-02	1.003445e+00	9.270401e+00	6.851758e-01	2.478765e-01	6.749029e+01	2.178551e+00	8.262702e-01	
1  505.599	2.245651e+00	1.202636e-01	1.042229e+00	3.081245e+00	9.649806e-01	7.062825e-02	1.001493e+00	9.270401e+00	6.851758e-01	2.478765e-01	6.749029e+01	2.178551e+00	8.262702e-01	
8  505.511	2.245651e+00	1.202636e-01	1.042229e+00	3.081245e+00	9.649806e-01	7.062825e-02	1.001763e+00	9.270401e+00	6.851758e-01	2.478765e-01	6.749029e+01	2.178551e+00	8.262702e-01	
6  505.507	2.245651e+00	1.202636e-01	1.042229e+00	3.081245e+00	9.649806e-01	7.062825e-02	1.001821e+00	9.270401e+00	6.851758e-01	2.478765e-01	6.749029e+01	2.178551e+00	8.262702e-01	
12  506.166	2.245651e+00	1.202636e-01	1.042229e+00	3.081245e+00	9.649806e-01	7.062825e-02	1.000957e+00	9.270401e+00	6.851758e-01	2.478765e-01	6.749029e+01	2.178551e+00	8.262702e-01	
1  505.658	2.245651e+00	1.202636e-01	1.042229e+00	3.081245e+00	9.649806e-01	7.062825e-02	1.001401e+00	9.270401e+00	6.851758e-01	2.478765e-01	6.749029e+01	2.178551e+00	8.262702e-01	
3  505.513	2.245651e+00	1.202636e-01	1.042229e+00	3.081245e+00	9.649806e-01	7.062825e-02	1.001902e+00	9.270401e+00	6.851758e-01	2.478765e-01	6.749029e+01	2.178551e+00	8.262702e-01	
10  507.01	2.245651e+00	1.202636e-01	1.042229e+00	3.081245e+00	9.649806e-01	7.062825e-02	1.003092e+00	9.270401e+00	6.851758e-01	2.478765e-01	6.749029e+01	2.178551e+00	8.262702e-01	
6  505.625	2.245651e+00	1.202636e-01	1.042229e+00	3.081245e+00	9.649806e-01	7.062825e-02	1.002178e+00	9.270401e+00	6.851758e-01	2.478765e-01	6.749029e+01	2.178551e+00	8.262702e-01	
20  505.511	2.245651e+00	1.202636e-01	1.042229e+00	3.081245e+00	9.649806e-01	7.062825e-02	1.001766e+00	9.270401e+00	6.851758e-01	2.478765e-01	6.749029e+01	2.178551e+00	8.262702e-01	
38  505.575	2.252165e+00	1.183654e-01	1.041811e+00	3.077840e+00	9.669543e-01	7.171837e-02	1.001766e+00	9.316025e+00	6.945827e-01	2.479042e-01	6.808239e+01	2.171145e+00	8.183027e-01	
3  505.593	2.252165e+00	1.183654e-01	1.041811e+00	3.077840e+00	9.669543e-01	7.171837e-02	1.001797e+00	9.316025e+00	6.945827e-01	2.479042e-01	6.808239e+01	2.171145e+00	8.183027e-01	
16  505.871	2.252165e+00	1.183654e-01	1.041811e+00	3.077840e+00	9.669543e-01	7.171837e-02	1.002106e+00	9.316025e+00	6.945827e-01	2.479042e-01	6.808239e+01	2.171145e+00	8.183027e-01	
2  505.643	2.252165e+00	1.183654e-01	1.041811e+00	3.077840e+00	9.669543e-01	7.171837e-02	1.001084e+00	9.316025e+00	6.945827e-01	2.479042e-01	6.808239e+01	2.171145e+00	8.183027e-01	
4  505.555	2.252165e+00	1.183654e-01	1.041811e+00	3.077840e+00	9.669543e-01	7.171837e-02	1.001246e+00	9.316025e+00	6.945827e-01	2.479042e-01	6.808239e+01	2.171145e+00	8.183027e-01	
14  505.955	2.252165e+00	1.183654e-01	1.041811e+00	3.077840e+00	9.669543e-01	7.171837e-02	1.000770e+00	9.316025e+00	6.945827e-01	2.479042e-01	6.808239e+01	2.171145e+00	8.183027e-01	
9  505.798	2.252165e+00	1.183654e-01	1.041811e+00	3.077840e+00	9.669543e-01	7.171837e-02	1.002047e+00	9.316025e+00	6.945827e-01	2.479042e-01	6.808239e+01	2.171145e+00	8.183027e-01	
8  505.789	2.252165e+00	1.183654e-01	1.041811e+00	3.077840e+00	9.669543e-01	7.171837e-02	1.002038e+00	9.316025e+00	6.945827e-01	2.479042e-01	6.808239e+01	2.171145e+00	8.183027e-01	
12  506.489	2.252165e+00	1.183654e-01	1.041811e+00	3.077840e+00	9.669543e-01	7.171837e-02	1.000437e+00	9.316025e+00	6.945827e-01	2.479042e-01	6.808239e+01	2.171145e+00	8.183027e-01	
10  505.601	2.252165e+00	1.183654e-01	1.041811e+00	3.077840e+00	9.669543e-01	7.171837e-02	1.001810e+00	9.316025e+00	6.945827e-01	2.479042e-01	6.808239e+01	2.171145e+00	8.183027e-01	
2  504.464	2.239681e+00	1.192470e-01	1.041740e+00	3.045992e+00	9.662304e-01	5.631062e-02	1.001810e+00	7.876419e+00	6.888524e-01	2.478511e-01	6.763261e+01	2.103088e+00	8.086140e-01	
24  502.661	2.239681e+00	1.192470e-01	1.041740e+00	3.045992e+00	9.662304e-01	5.631062e-02	9.999553e-01	7.876419e+00	6.888524e-01	2.478511e-01	6.763261e+01	2.103088e+00	8.086140e-01	
17  503.23	2.239681e+00	1.192470e-01	1.041740e+00	3.045992e+00	9.662304e-01	5.631062e-02	9.994651e-01	7.876419e+00	6.888524e-01	2.478511e-01	6.763261e+01	2.103088e+00	8.086140e-01	
22  502.618	2.239681e+00	1.192470e-01	1.041740e+00	3.045992e+00	9.662304e-01	5.631062e-02	1.000023e+00	7.876419e+00	6.888524e-01	2.478511e-01	6.763261e+01	2.103088e+00	8.086140e-01	
28  502.931	2.247911e+00	1.191063e-01	1.041862e+00	3.043768e+00	9.655442e-01	5.488850e-02	1.000023e+00	7.712173e+00	6.904855e-01	2.478861e-01	6.779687e+01	2.098416e+00	8.068070e-01	
9  504.292	2.223940e+00	1.207749e-01	1.041655e+00	3.040342e+00	9.646943e-01	5.378613e-02	1.000023e+00	7.679184e+00	6.791800e-01	2.477838e-01	6.692519e+01	2.091240e+00	8.114809e-01	
13  503.877	2.223940e+00	1.207749e-01	1.041655e+00	3.040342e+00	9.646943e-01	5.378613e-02	9.998314e-01	7.679184e+00	6.791800e-01	2.477838e-01	6.692519e+01	2.091240e+00	8.114809e-01	
3  504.83	2.223940e+00	1.207749e-01	1.041655e+00	3.040342e+00	9.646943e-01	5.378613e-02	9.972413e-01	7.679184e+00	6.791800e-01	2.477838e-01	6.692519e+01	2.091240e+00	8.114809e-01	
3  503.929	2.223940e+00	1.207749e-01	1.041655e+00	3.040342e+00	9.646943e-01	5.378613e-02	9.998571e-01	7.679184e+00	6.791800e-01	2.477838e-01	6.692519e+01	2.091240e+00	8.114809e-01	
17  502.8	2.223940e+00	1.207749e-01	1.041655e+00	3.040342e+00	9.646943e-01	5.378613e-02	9.989253e-01	7.679184e+00	6.791800e-01	2.477838e-01	6.692519e+01	2.091240e+00	8.114809e-01	
12  503.305	2.223940e+00	1.207749e-01	1.041655e+00	3.040342e+00	9.646943e-01	5.378613e-02	9.979741e-01	7.679184e+00	6.791800e-01	2.477838e-01	6.692519e+01	2.091240e+00	8.114809e-01	
13  503.542	2.223940e+00	1.207749e-01	1.041655e+00	3.040342e+00	9.646943e-01	5.378613e-02	9.996517e-01	7.679184e+00	6.791800e-01	2.477838e-01	6.692519e+01	2.091240e+00	8.114809e-01	
2  504.491	2.223940e+00	1.207749e-01	1.041655e+00	3.040342e+00	9.646943e-01	5.378613e-02	9.973699e-01	7.679184e+00	6.791800e-01	2.477838e-01	6.692519e+01	2.091240e+00	8.114809e-01	
11  505.126	2.223940e+00	1.207749e-01	1.041655e+00	3.040342e+00	9.646943e-01	5.378613e-02	1.000340e+00	7.679184e+00	6.791800e-01	2.477838e-01	6.692519e+01	2.091240e+00	8.114809e-01	
3  503.081	2.221631e+00	1.211588e-01	1.041919e+00	3.043687e+00	9.645075e-01	5.381406e-02	1.000340e+00	7.693924e+00	6.777369e-01	2.477740e-01	6.685895e+01	2.098247e+00	8.143754e-01	
4  502.796	2.221631e+00	1.211588e-01	1.041919e+00	3.043687e+00	9.645075e-01	5.381406e-02	9.999315e-01	7.693924e+00	6.777369e-01	2.477740e-01	6.685895e+01	2.098247e+00	8.143754e-01	
12  502.771	2.221631e+00	1.211588e-01	1.041919e+00	3.043687e+00	9.645075e-01	5.381406e-02	9.997709e-01	7.693924e+00	6.777369e-01	2.477740e-01	6.685895e+01	2.098247e+00	8.143754e-01	
8  503.044	2.221631e+00	1.211588e-01	1.041919e+00	3.043687e+00	9.645075e-01	5.381406e-02	9.992279e-01	7.693924e+00	6.777369e-01	2.477740e-01	6.685895e+01	2.098247e+00	8.143754e-01	
16  503.082	2.221631e+00	1.211588e-01	1.041919e+00	3.043687e+00	9.645075e-01	5.381406e-02	9.991907e-01	7.693924e+00	6.777369e-01	2.477740e-01	6.685895e+01	2.098247e+00	8.143754e-01	
19  503.142	2.221631e+00	1.211588e-01	1.041919e+00	3.043687e+00	9.645075e-01	5.381406e-02	1.000396e+00	7.693924e+00	6.777369e-01	2.477740e-01	6.685895e+01	2.098247e+00	8.143754e-01	
8  505.159	2.236809e+00	1.215572e-01	1.042219e+00	3.037683e+00	9.637601e-01	5.014364e-02	1.000396e+00	7.284714e+00	6.774439e-01	2.478388e-01	6.695608e+01	2.085686e+00	8.126856e-01	
4  504.784	2.236809e+00	1.215572e-01	1.042219e+00	3.037683e+00	9.637601e-01	5.014364e-02	1.000161e+00	7.284714e+00	6.774439e-01	2.478388e-01	6.695608e+01	2.085686e+00	8.126856e-01	
12  504.679	2.236809e+00	1.215572e-01	1.042219e+00	3.037683e+00	9.637601e-01	5.014364e-02	1.000078e+00	7.284714e+00	6.774439e-01	2.478388e-01	6.695608e+01	2.085686e+00	8.126856e-01	
1  505.966	2.236809e+00	1.215572e-01	1.042219e+00	3.037683e+00	9.637601e-01	5.014364e-02	1.000768e+00	7.284714e+00	6.774439e-01	2.478388e-01	6.695608e+01	2.085686e+00	8.126856e-01	
4  505.436	2.236809e+00	1.215572e-01	1.042219e+00	3.037683e+00	9.637601e-01	5.014364e-02	1.000535e+00	7.284714e+00	6.774439e-01	2.478388e-01	6.695608e+01	2.085686e+00	8.126856e-01	
24  504.288	2.236809e+00	1.215572e-01	1.042219e+00	3.037683e+00	9.637601e-01	5.014364e-02	9.993641e-01	7.284714e+00	6.774439e-01	2.478388e-01	6.695608e+01	2.085686e+00	8.126856e-01	
3  504.982	2.236809e+00	1.215572e-01	1.042219e+00	3.037683e+00	9.637601e-01	5.014364e-02	1.000292e+00	7.284714e+00	6.774439e-01	2.478388e-01	6.695608e+01	2.085686e+00	8.126856e-01	
1  504.379	2.236809e+00	1.215572e-01	1.042219e+00	3.037683e+00	9.637601e-01	5.014364e-02	9.997536e-01	7.284714e+00	6.774439e-01	2.478388e-01	6.695608e+01	2.085686e+00	8.126856e-01	
16  504.452	2.236809e+00	1.215572e-01	1.042219e+00	3.037683e+00	9.637601e-01	5.014364e-02	9.989765e-01	7.284714e+00	6.774439e-01	2.478388e-01	6.695608e+01	2.085686e+00	8.126856e-01	
3  504.771	2.236809e+00	1.215572e-01	1.042219e+00	3.037683e+00	9.637601e-01	5.014364e-02	1.000152e+00	7.284714e+00	6.774439e-01	2.478388e-01	6.695608e+01	2.085686e+00	8.126856e-01	
19  505.322	2.236809e+00	1.215572e-01	1.042219e+00	3.037683e+00	9.637601e-01	5.014364e-02	9.983387e-01	7.284714e+00	6.774439e-01	2.478388e-01	6.695608e+01	2.085686e+00	8.126856e-01	
5  505.217	2.236461e+00	1.199725e-01	1.041937e+00	3.039024e+00	9.587012e-01	5.297074e-02	9.983387e-01	7.554947e+00	6.852946e-01	2.478374e-01	6.741281e+01	2.088485e+00	8.062555e-01	
17  505.23	2.236461e+00	1.199725e-01	1.041937e+00	3.039024e+00	9.587012e-01	5.297074e-02	9.992705e-01	7.554947e+00	6.852946e-01	2.478374e-01	6.741281e+01	2.088485e+00	8.062555e-01	
1  505.465	2.236461e+00	1.199725e-01	1.041937e+00	3.039024e+00	9.587012e-01	5.297074e-02	9.994844e-01	7.554947e+00	6.852946e-01	2.478374e-01	6.741281e+01	2.088485e+00	8.062555e-01	
2  505.273	2.236461e+00	1.199725e-01	1.041937e+00	3.039024e+00	9.587012e-01	5.297074e-02	9.993176e-01	7.554947e+00	6.852946e-01	2.478374e-01	6.741281e+01	2.088485e+00	8.062555e-01	
2  506.848	2.236461e+00	1.199725e-01	1.041937e+00	3.039024e+00	9.587012e-01	5.297074e-02	9.973870e-01	7.554947e+00	6.852946e-01	2.478374e-01	6.741281e+01	2.088485e+00	8.062555e-01	
1  505.267	2.236461e+00	1.199725e-01	1.041937e+00	3.039024e+00	9.587012e-01	5.297074e-02	9.982827e-01	7.554947e+00	6.852946e-01	2.478374e-01	6.741281e+01	2.088485e+00	8.062555e-01	
12  505.251	2.236461e+00	1.199725e-01	1.041937e+00	3.039024e+00	9.587012e-01	5.297074e-02	9.983000e-01	7.554947e+00	6.852946e-01	2.478374e-01	6.741281e+01	2.088485e+00	8.062555e-01	
3  505.108	2.236461e+00	1.199725e-01	1.041937e+00	3.039024e+00	9.587012e-01	5.297074e-02	9.984972e-01	7.554947e+00	6.852946e-01	2.478374e-01	6.741281e+01	2.088485e+00	8.062555e-01	
3  505.035	2.236461e+00	1.199725e-01	1.041937e+00	3.039024e+00	9.587012e-01	5.297074e-02	9.988995e-01	7.554947e+00	6.852946e-01	2.478374e-01	6.741281e+01	2.088485e+00	8.062555e-01	
24  505.04	2.236461e+00	1.199725e-01	1.041937e+00	3.039024e+00	9.587012e-01	5.297074e-02	9.989232e-01	7.554947e+00	6.852946e-01	2.478374e-01	6.741281e+01	2.088485e+00	8.062555e-01	
7  507.101	2.236461e+00	1.199725e-01	1.041937e+00	3.039024e+00	9.587012e-01	5.297074e-02	9.972976e-01	7.554947e+00	6.852946e-01	2.478374e-01	6.741281e+01	2.088485e+00	8.062555e-01	
10  505.271	2.236461e+00	1.199725e-01	1.041937e+00	3.039024e+00	9.587012e-01	5.297074e-02	9.982787e-01	7.554947e+00	6.852946e-01	2.478374e-01	6.741281e+01	2.088485e+00	8.062555e-01	
17  505.039	2.236461e+00	1.199725e-01	1.041937e+00	3.039024e+00	9.587012e-01	5.297074e-02	9.989396e-01	7.554947e+00	6.852946e-01	2.478374e-01	6.741281e+01	2.088485e+00	8.062555e-01	
30  505.162	2.236461e+00	1.199725e-01	1.041937e+00	3.039024e+00	9.587012e-01	5.297074e-02	9.991843e-01	7.554947e+00	6.852946e-01	2.478374e-01	6.741281e+01	2.088485e+00	8.062555e-01	
7  505.029	2.236461e+00	1.199725e-01	1.041937e+00	3.039024e+00	9.587012e-01	5.297074e-02	9.987639e-01	7.554947e+00	6.852946e-01	2.478374e-01	6.741281e+01	2.088485e+00	8.062555e-01	
21  505.029	2.236461e+00	1.199725e-01	1.041937e+00	3.039024e+00	9.587012e-01	5.297074e-02	9.988541e-01	7.554947e+00	6.852946e-01	2.478374e-01	6.741281e+01	2.088485e+00	8.062555e-01	
5  504.053	2.242250e+00	1.190862e-01	1.041863e+00	3.040044e+00	9.644291e-01	5.572633e-02	9.988541e-01	7.809036e+00	6.902594e-01	2.478620e-01	6.775384e+01	2.090616e+00	8.051311e-01	
7  504.089	2.242250e+00	1.190862e-01	1.041863e+00	3.040044e+00	9.644291e-01	5.572633e-02	9.988792e-01	7.809036e+00	6.902594e-01	2.478620e-01	6.775384e+01	2.090616e+00	8.051311e-01	
7  503.57	2.242250e+00	1.190862e-01	1.041863e+00	3.040044e+00	9.644291e-01	5.572633e-02	9.983330e-01	7.809036e+00	6.902594e-01	2.478620e-01	6.775384e+01	2.090616e+00	8.051311e-01	
6  505.793	2.242250e+00	1.190862e-01	1.041863e+00	3.040044e+00	9.644291e-01	5.572633e-02	9.996675e-01	7.809036e+00	6.902594e-01	2.478620e-01	6.775384e+01	2.090616e+00	8.051311e-01	
1  505.812	2.242250e+00	1.190862e-01	1.041863e+00	3.040044e+00	9.644291e-01	5.572633e-02	9.996741e-01	7.809036e+00	6.902594e-01	2.478620e-01	6.775384e+01	2.090616e+00	8.051311e-01	
17  505.464	2.242250e+00	1.190862e-01	1.041863e+00	3.040044e+00	9.644291e-01	5.572633e-02	9.995480e-01	7.809036e+00	6.902594e-01	2.478620e-01	6.775384e+01	2.090616e+00	8.051311e-01	
10  506.699	2.242250e+00	1.190862e-01	1.041863e+00	3.040044e+00	9.644291e-01	5.572633e-02	9.962354e-01	7.809036e+00	6.902594e-01	2.478620e-01	6.775384e+01	2.090616e+00	8.051311e-01	
7  504.193	2.242250e+00	1.190862e-01	1.041863e+00	3.040044e+00	9.644291e-01	5.572633e-02	9.989479e-01	7.809036e+00	6.902594e-01	2.478620e-01	6.775384e+01	2.090616e+00	8.051311e-01	
6  504.187	2.242250e+00	1.190862e-01	1.041863e+00	3.040044e+00	9.644291e-01	5.572633e-02	9.972319e-01	7.809036e+00	6.902594e-01	2.478620e-01	6.775384e+01	2.090616e+00	8.051311e-01	
2  506.768	2.236170e+00	1.181821e-01	1.042092e+00	3.049780e+00	9.694797e-01	6.136590e-02	9.972319e-01	8.368454e+00	6.954748e-01	2.478361e-01	6.809932e+01	2.111070e+00	8.079624e-01	
2  504.322	2.236170e+00	1.181821e-01	1.042092e+00	3.049780e+00	9.694797e-01	6.136590e-02	9.989735e-01	8.368454e+00	6.954748e-01	2.478361e-01	6.809932e+01	2.111070e+00	8.079624e-01	
4  504.418	2.236170e+00	1.181821e-01	1.042092e+00	3.049780e+00	9.694797e-01	6.136590e-02	9.985271e-01	8.368454e+00	6.954748e-01	2.478361e-01	6.809932e+01	2.111070e+00	8.079624e-01	
5  504.965	2.236170e+00	1.181821e-01	1.042092e+00	3.049780e+00	9.694797e-01	6.136590e-02	9.997074e-01	8.368454e+00	6.954748e-01	2.478361e-01	6.809932e+01	2.111070e+00	8.079624e-01	
6  505.866	2.239464e+00	1.183566e-01	1.041898e+00	3.060115e+00	9.700735e-01	6.376451e-02	9.997074e-01	8.596573e+00	6.941480e-01	2.478502e-01	6.800135e+01	2.133002e+00	8.126229e-01	
2  507.179	2.239464e+00	1.183566e-01	1.041898e+00	3.060115e+00	9.700735e-01	6.376451e-02	9.992940e-01	8.596573e+00	6.941480e-01	2.478502e-01	6.800135e+01	2.133002e+00	8.126229e-01	
12  506.087	2.239464e+00	1.183566e-01	1.041898e+00	3.060115e+00	9.700735e-01	6.376451e-02	1.002831e+00	8.596573e+00	6.941480e-01	2.478502e-01	6.800135e+01	2.133002e+00	8.126229e-01	
3  509.19	2.239464e+00	1.183566e-01	1.041898e+00	3.060115e+00	9.700735e-01	6.376451e-02	9.987987e-01	8.596573e+00	6.941480e-01	2.478502e-01	6.800135e+01	2.133002e+00	8.126229e-01	
16  503.921	2.239464e+00	1.183566e-01	1.041898e+00	3.060115e+00	9.700735e-01	6.376451e-02	1.000795e+00	8.596573e+00	6.941480e-01	2.478502e-01	6.800135e+01	2.133002e+00	8.126229e-01	
18  503.795	2.239464e+00	1.183566e-01	1.041898e+00	3.060115e+00	9.700735e-01	6.376451e-02	1.001025e+00	8.596573e+00	6.941480e-01	2.478502e-01	6.800135e+01	2.133002e+00	8.126229e-01	
20  503.863	2.239464e+00	1.183566e-01	1.041898e+00	3.060115e+00	9.700735e-01	6.376451e-02	1.001569e+00	8.596573e+00	6.941480e-01	2.478502e-01	6.800135e+01	2.133002e+00	8.126229e-01	
8  503.86	2.239464e+00	1.183566e-01	1.041898e+00	3.060115e+00	9.700735e-01	6.376451e-02	1.001564e+00	8.596573e+00	6.941480e-01	2.478502e-01	6.800135e+01	2.133002e+00	8.126229e-01	
7  504.027	2.239464e+00	1.183566e-01	1.041898e+00	3.060115e+00	9.700735e-01	6.376451e-02	1.001770e+00	8.596573e+00	6.941480e-01	2.478502e-01	6.800135e+01	2.133002e+00	8.126229e-01	
9  503.764	2.239464e+00	1.183566e-01	1.041898e+00	3.060115e+00	9.700735e-01	6.376451e-02	1.001339e+00	8.596573e+00	6.941480e-01	2.478502e-01	6.800135e+01	2.133002e+00	8.126229e-01	
3  505.62	2.239464e+00	1.183566e-01	1.041898e+00	3.060115e+00	9.700735e-01	6.376451e-02	9.997953e-01	8.596573e+00	6.941480e-01	2.478502e-01	6.800135e+01	2.133002e+00	8.126229e-01	
10  505.685	2.239464e+00	1.183566e-01	1.041898e+00	3.060115e+00	9.700735e-01	6.376451e-02	1.002686e+00	8.596573e+00	6.941480e-01	2.478502e-01	6.800135e+01	2.133002e+00	8.126229e-01	
3  505.661	2.216125e+00	1.192417e-01	1.041890e+00	3.044763e+00	9.660433e-01	5.290702e-02	1.002686e+00	7.581619e+00	6.879206e-01	2.477503e-01	6.747438e+01	2.100506e+00	8.091412e-01	
3  506.421	2.216125e+00	1.192417e-01	1.041890e+00	3.044763e+00	9.660433e-01	5.290702e-02	1.004627e+00	7.581619e+00	6.879206e-01	2.477503e-01	6.747438e+01	2.100506e+00	8.091412e-01	
1  507.046	2.216125e+00	1.192417e-01	1.041890e+00	3.044763e+00	9.660433e-01	5.290702e-02	1.001999e+00	7.581619e+00	6.879206e-01	2.477503e-01	6.747438e+01	2.100506e+00	8.091412e-01	
14  506.543	2.216125e+00	1.192417e-01	1.041890e+00	3.044763e+00	9.660433e-01	5.290702e-02	1.002199e+00	7.581619e+00	6.879206e-01	2.477503e-01	6.747438e+01	2.100506e+00	8.091412e-01	
14  506.131	2.216125e+00	1.192417e-01	1.041890e+00	3.044763e+00	9.660433e-01	5.290702e-02	1.002398e+00	7.581619e+00	6.879206e-01	2.477503e-01	6.747438e+01	2.100506e+00	8.091412e-01	
6  505.799	2.216125e+00	1.192417e-01	1.041890e+00	3.044763e+00	9.660433e-01	5.290702e-02	1.002591e+00	7.581619e+00	6.879206e-01	2.477503e-01	6.747438e+01	2.100506e+00	8.091412e-01	
2  505.575	2.216125e+00	1.192417e-01	1.041890e+00	3.044763e+00	9.660433e-01	5.290702e-02	1.004134e+00	7.581619e+00	6.879206e-01	2.477503e-01	6.747438e+01	2.100506e+00	8.091412e-01	
9  505.582	2.216125e+00	1.192417e-01	1.041890e+00	3.044763e+00	9.660433e-01	5.290702e-02	1.004143e+00	7.581619e+00	6.879206e-01	2.477503e-01	6.747438e+01	2.100506e+00	8.091412e-01	
21  505.22	2.216125e+00	1.192417e-01	1.041890e+00	3.044763e+00	9.660433e-01	5.290702e-02	1.003744e+00	7.581619e+00	6.879206e-01	2.477503e-01	6.747438e+01	2.100506e+00	8.091412e-01	
2  506.108	2.216125e+00	1.192417e-01	1.041890e+00	3.044763e+00	9.660433e-01	5.290702e-02	1.004472e+00	7.581619e+00	6.879206e-01	2.477503e-01	6.747438e+01	2.100506e+00	8.091412e-01	
28  505.194	2.216125e+00	1.192417e-01	1.041890e+00	3.044763e+00	9.660433e-01	5.290702e-02	1.003186e+00	7.581619e+00	6.879206e-01	2.477503e-01	6.747438e+01	2.100506e+00	8.091412e-01	
2  505.429	2.216125e+00	1.192417e-01	1.041890e+00	3.044763e+00	9.660433e-01	5.290702e-02	1.002880e+00	7.581619e+00	6.879206e-01	2.477503e-01	6.747438e+01	2.100506e+00	8.091412e-01	
9  505.159	2.216125e+00	1.192417e-01	1.041890e+00	3.044763e+00	9.660433e-01	5.290702e-02	1.003279e+00	7.581619e+00	6.879206e-01	2.477503e-01	6.747438e+01	2.100506e+00	8.091412e-01	
6  505.308	2.216125e+00	1.192417e-01	1.041890e+00	3.044763e+00	9.660433e-01	5.290702e-02	1.003015e+00	7.581619e+00	6.879206e-01	2.477503e-01	6.747438e+01	2.100506e+00	8.091412e-01	
6  505.496	2.216125e+00	1.192417e-01	1.041890e+00	3.044763e+00	9.660433e-01	5.290702e-02	1.004068e+00	7.581619e+00	6.879206e-01	2.477503e-01	6.747438e+01	2.100506e+00	8.091412e-01	
4  506.53	2.236084e+00	1.197002e-01	1.041763e+00	3.053420e+00	9.714642e-01	5.772149e-02	1.004068e+00	8.033646e+00	6.862261e-01	2.478358e-01	6.744760e+01	2.118768e+00	8.149205e-01	
4  506.647	2.236084e+00	1.197002e-01	1.041763e+00	3.053420e+00	9.714642e-01	5.772149e-02	1.004108e+00	8.033646e+00	6.862261e-01	2.478358e-01	6.744760e+01	2.118768e+00	8.149205e-01	
16  506.591	2.236084e+00	1.197002e-01	1.041763e+00	3.053420e+00	9.714642e-01	5.772149e-02	1.004089e+00	8.033646e+00	6.862261e-01	2.478358e-01	6.744760e+01	2.118768e+00	8.149205e-01	
4  506.865	2.236084e+00	1.197002e-01	1.041763e+00	3.053420e+00	9.714642e-01	5.772149e-02	1.000855e+00	8.033646e+00	6.862261e-01	2.478358e-01	6.744760e+01	2.118768e+00	8.149205e-01	
1  505.553	2.236084e+00	1.197002e-01	1.041763e+00	3.053420e+00	9.714642e-01	5.772149e-02	1.001360e+00	8.033646e+00	6.862261e-01	2.478358e-01	6.744760e+01	2.118768e+00	8.149205e-01	
3  504.671	2.236084e+00	1.197002e-01	1.041763e+00	3.053420e+00	9.714642e-01	5.772149e-02	1.001915e+00	8.033646e+00	6.862261e-01	2.478358e-01	6.744760e+01	2.118768e+00	8.149205e-01	
12  505.461	2.233601e+00	1.179767e-01	1.041742e+00	3.056565e+00	9.672407e-01	6.121853e-02	1.001915e+00	8.356522e+00	6.953790e-01	2.478252e-01	6.803288e+01	2.125442e+00	8.091073e-01	
6  505.476	2.233601e+00	1.179767e-01	1.041742e+00	3.056565e+00	9.672407e-01	6.121853e-02	1.001893e+00	8.356522e+00	6.953790e-01	2.478252e-01	6.803288e+01	2.125442e+00	8.091073e-01	
12  504.527	2.248231e+00	1.184461e-01	1.041744e+00	3.048697e+00	9.643921e-01	5.689133e-02	1.001893e+00	7.901688e+00	6.937156e-01	2.478875e-01	6.799589e+01	2.108785e+00	8.060762e-01	
