1  570.208	2.222145e+00	1.188718e-01	1.040997e+00	3.063371e+00	9.593991e-01	5.699337e-02	1.000610e+00	7.977493e+00	6.875550e-01	2.477762e-01	6.736136e+01	2.139958e+00	8.123579e-01	
2  552.072	2.213181e+00	1.183521e-01	1.040550e+00	3.075158e+00	9.549084e-01	6.650740e-02	1.000610e+00	8.924362e+00	6.884982e-01	2.477377e-01	6.731814e+01	2.165330e+00	8.139826e-01	
4  530.617	2.219152e+00	1.191078e-01	1.040321e+00	3.058917e+00	9.586237e-01	6.620072e-02	1.000610e+00	8.893478e+00	6.839542e-01	2.477633e-01	6.702520e+01	2.130447e+00	8.106132e-01	
1  529.262	2.219152e+00	1.191078e-01	1.040321e+00	3.058917e+00	9.586237e-01	6.620072e-02	9.952524e-01	8.893478e+00	6.839542e-01	2.477633e-01	6.702520e+01	2.130447e+00	8.106132e-01	
4  527.566	2.219152e+00	1.191078e-01	1.040321e+00	3.058917e+00	9.586237e-01	6.620072e-02	9.956451e-01	8.893478e+00	6.839542e-01	2.477633e-01	6.702520e+01	2.130447e+00	8.106132e-01	
1  527.306	2.219152e+00	1.191078e-01	1.040321e+00	3.058917e+00	9.586237e-01	6.620072e-02	9.957120e-01	8.893478e+00	6.839542e-01	2.477633e-01	6.702520e+01	2.130447e+00	8.106132e-01	
2  523.344	2.219152e+00	1.191078e-01	1.040321e+00	3.058917e+00	9.586237e-01	6.620072e-02	9.978495e-01	8.893478e+00	6.839542e-01	2.477633e-01	6.702520e+01	2.130447e+00	8.106132e-01	
9  524.036	2.219152e+00	1.191078e-01	1.040321e+00	3.058917e+00	9.586237e-01	6.620072e-02	9.969158e-01	8.893478e+00	6.839542e-01	2.477633e-01	6.702520e+01	2.130447e+00	8.106132e-01	
29  523.381	2.219152e+00	1.191078e-01	1.040321e+00	3.058917e+00	9.586237e-01	6.620072e-02	9.980010e-01	8.893478e+00	6.839542e-01	2.477633e-01	6.702520e+01	2.130447e+00	8.106132e-01	
10  514.877	2.204550e+00	1.208759e-01	1.040576e+00	3.051926e+00	9.595181e-01	6.132124e-02	9.980010e-01	8.487076e+00	6.738912e-01	2.477006e-01	6.635882e+01	2.115606e+00	8.146953e-01	
10  515.129	2.204550e+00	1.208759e-01	1.040576e+00	3.051926e+00	9.595181e-01	6.132124e-02	9.982182e-01	8.487076e+00	6.738912e-01	2.477006e-01	6.635882e+01	2.115606e+00	8.146953e-01	
13  515.024	2.204550e+00	1.208759e-01	1.040576e+00	3.051926e+00	9.595181e-01	6.132124e-02	9.968029e-01	8.487076e+00	6.738912e-01	2.477006e-01	6.635882e+01	2.115606e+00	8.146953e-01	
3  514.649	2.204550e+00	1.208759e-01	1.040576e+00	3.051926e+00	9.595181e-01	6.132124e-02	9.976618e-01	8.487076e+00	6.738912e-01	2.477006e-01	6.635882e+01	2.115606e+00	8.146953e-01	
4  515.151	2.204550e+00	1.208759e-01	1.040576e+00	3.051926e+00	9.595181e-01	6.132124e-02	9.982339e-01	8.487076e+00	6.738912e-01	2.477006e-01	6.635882e+01	2.115606e+00	8.146953e-01	
5  514.61	2.204550e+00	1.208759e-01	1.040576e+00	3.051926e+00	9.595181e-01	6.132124e-02	9.974586e-01	8.487076e+00	6.738912e-01	2.477006e-01	6.635882e+01	2.115606e+00	8.146953e-01	
4  514.851	2.202997e+00	1.228534e-01	1.040609e+00	3.059682e+00	9.620103e-01	6.338308e-02	9.974586e-01	8.731339e+00	6.625056e-01	2.476939e-01	6.567398e+01	2.132078e+00	8.250154e-01	
4  515.248	2.202997e+00	1.228534e-01	1.040609e+00	3.059682e+00	9.620103e-01	6.338308e-02	9.965778e-01	8.731339e+00	6.625056e-01	2.476939e-01	6.567398e+01	2.132078e+00	8.250154e-01	
2  515.57	2.202997e+00	1.228534e-01	1.040609e+00	3.059682e+00	9.620103e-01	6.338308e-02	9.963570e-01	8.731339e+00	6.625056e-01	2.476939e-01	6.567398e+01	2.132078e+00	8.250154e-01	
5  516.132	2.202997e+00	1.228534e-01	1.040609e+00	3.059682e+00	9.620103e-01	6.338308e-02	9.984586e-01	8.731339e+00	6.625056e-01	2.476939e-01	6.567398e+01	2.132078e+00	8.250154e-01	
9  516.901	2.192683e+00	1.233006e-01	1.040654e+00	3.056174e+00	9.617346e-01	6.139272e-02	9.984586e-01	8.567795e+00	6.593360e-01	2.476494e-01	6.544494e+01	2.124612e+00	8.253176e-01	
2  517.143	2.192683e+00	1.233006e-01	1.040654e+00	3.056174e+00	9.617346e-01	6.139272e-02	9.958677e-01	8.567795e+00	6.593360e-01	2.476494e-01	6.544494e+01	2.124612e+00	8.253176e-01	
6  515.957	2.192683e+00	1.233006e-01	1.040654e+00	3.056174e+00	9.617346e-01	6.139272e-02	9.979290e-01	8.567795e+00	6.593360e-01	2.476494e-01	6.544494e+01	2.124612e+00	8.253176e-01	
1  515.836	2.194138e+00	1.228948e-01	1.040765e+00	3.047602e+00	9.630488e-01	5.838017e-02	9.979290e-01	8.252640e+00	6.621925e-01	2.476557e-01	6.563289e+01	2.106476e+00	8.209881e-01	
22  515.27	2.192880e+00	1.230740e-01	1.040718e+00	3.068366e+00	9.607579e-01	6.724179e-02	9.979290e-01	9.140549e+00	6.608964e-01	2.476503e-01	6.554483e+01	2.150673e+00	8.294124e-01	
16  515.216	2.192880e+00	1.230740e-01	1.040718e+00	3.068366e+00	9.607579e-01	6.724179e-02	9.972536e-01	9.140549e+00	6.608964e-01	2.476503e-01	6.554483e+01	2.150673e+00	8.294124e-01	
10  515.64	2.192880e+00	1.230740e-01	1.040718e+00	3.068366e+00	9.607579e-01	6.724179e-02	9.968123e-01	9.140549e+00	6.608964e-01	2.476503e-01	6.554483e+01	2.150673e+00	8.294124e-01	
5  516.794	2.200960e+00	1.240142e-01	1.041136e+00	3.090899e+00	9.605547e-01	7.618151e-02	9.968123e-01	9.990204e+00	6.573836e-01	2.476851e-01	6.543606e+01	2.199684e+00	8.418186e-01	
5  515.236	2.200960e+00	1.240142e-01	1.041136e+00	3.090899e+00	9.605547e-01	7.618151e-02	9.989495e-01	9.990204e+00	6.573836e-01	2.476851e-01	6.543606e+01	2.199684e+00	8.418186e-01	
1  515.747	2.200960e+00	1.240142e-01	1.041136e+00	3.090899e+00	9.605547e-01	7.618151e-02	9.972765e-01	9.990204e+00	6.573836e-01	2.476851e-01	6.543606e+01	2.199684e+00	8.418186e-01	
1  516.539	2.200960e+00	1.240142e-01	1.041136e+00	3.090899e+00	9.605547e-01	7.618151e-02	9.969109e-01	9.990204e+00	6.573836e-01	2.476851e-01	6.543606e+01	2.199684e+00	8.418186e-01	
1  515.627	2.200960e+00	1.240142e-01	1.041136e+00	3.090899e+00	9.605547e-01	7.618151e-02	9.992194e-01	9.990204e+00	6.573836e-01	2.476851e-01	6.543606e+01	2.199684e+00	8.418186e-01	
8  510.956	2.208380e+00	1.219805e-01	1.041310e+00	3.083908e+00	9.627841e-01	7.518311e-02	9.992194e-01	9.832626e+00	6.702517e-01	2.477171e-01	6.625366e+01	2.184361e+00	8.329953e-01	
14  510.977	2.208380e+00	1.219805e-01	1.041310e+00	3.083908e+00	9.627841e-01	7.518311e-02	9.992297e-01	9.832626e+00	6.702517e-01	2.477171e-01	6.625366e+01	2.184361e+00	8.329953e-01	
4  510.941	2.208380e+00	1.219805e-01	1.041310e+00	3.083908e+00	9.627841e-01	7.518311e-02	9.992121e-01	9.832626e+00	6.702517e-01	2.477171e-01	6.625366e+01	2.184361e+00	8.329953e-01	
8  511.025	2.208380e+00	1.219805e-01	1.041310e+00	3.083908e+00	9.627841e-01	7.518311e-02	9.969844e-01	9.832626e+00	6.702517e-01	2.477171e-01	6.625366e+01	2.184361e+00	8.329953e-01	
3  510.308	2.206726e+00	1.198456e-01	1.041669e+00	3.071231e+00	9.627816e-01	7.118920e-02	9.969844e-01	9.419205e+00	6.833239e-01	2.477099e-01	6.710298e+01	2.156844e+00	8.211263e-01	
3  509.358	2.220439e+00	1.211792e-01	1.041496e+00	3.069209e+00	9.555470e-01	6.893200e-02	9.969844e-01	9.193893e+00	6.761812e-01	2.477688e-01	6.670011e+01	2.152486e+00	8.217854e-01	
14  509.716	2.220439e+00	1.211792e-01	1.041496e+00	3.069209e+00	9.555470e-01	6.893200e-02	9.963359e-01	9.193893e+00	6.761812e-01	2.477688e-01	6.670011e+01	2.152486e+00	8.217854e-01	
3  511.046	2.220439e+00	1.211792e-01	1.041496e+00	3.069209e+00	9.555470e-01	6.893200e-02	9.983368e-01	9.193893e+00	6.761812e-01	2.477688e-01	6.670011e+01	2.152486e+00	8.217854e-01	
1  512.548	2.220439e+00	1.211792e-01	1.041496e+00	3.069209e+00	9.555470e-01	6.893200e-02	9.988460e-01	9.193893e+00	6.761812e-01	2.477688e-01	6.670011e+01	2.152486e+00	8.217854e-01	
1  509.728	2.220439e+00	1.211792e-01	1.041496e+00	3.069209e+00	9.555470e-01	6.893200e-02	9.976060e-01	9.193893e+00	6.761812e-01	2.477688e-01	6.670011e+01	2.152486e+00	8.217854e-01	
17  510.55	2.220439e+00	1.211792e-01	1.041496e+00	3.069209e+00	9.555470e-01	6.893200e-02	9.958268e-01	9.193893e+00	6.761812e-01	2.477688e-01	6.670011e+01	2.152486e+00	8.217854e-01	
3  509.681	2.220439e+00	1.211792e-01	1.041496e+00	3.069209e+00	9.555470e-01	6.893200e-02	9.975607e-01	9.193893e+00	6.761812e-01	2.477688e-01	6.670011e+01	2.152486e+00	8.217854e-01	
6  509.955	2.220439e+00	1.211792e-01	1.041496e+00	3.069209e+00	9.555470e-01	6.893200e-02	9.977827e-01	9.193893e+00	6.761812e-01	2.477688e-01	6.670011e+01	2.152486e+00	8.217854e-01	
1  508.897	2.210334e+00	1.224589e-01	1.041971e+00	3.079378e+00	9.580852e-01	7.108749e-02	9.977827e-01	9.452896e+00	6.698367e-01	2.477255e-01	6.632582e+01	2.174488e+00	8.317877e-01	
6  508.836	2.210334e+00	1.224589e-01	1.041971e+00	3.079378e+00	9.580852e-01	7.108749e-02	9.992888e-01	9.452896e+00	6.698367e-01	2.477255e-01	6.632582e+01	2.174488e+00	8.317877e-01	
1  508.499	2.210334e+00	1.224589e-01	1.041971e+00	3.079378e+00	9.580852e-01	7.108749e-02	9.989594e-01	9.452896e+00	6.698367e-01	2.477255e-01	6.632582e+01	2.174488e+00	8.317877e-01	
4  508.674	2.210334e+00	1.224589e-01	1.041971e+00	3.079378e+00	9.580852e-01	7.108749e-02	9.979582e-01	9.452896e+00	6.698367e-01	2.477255e-01	6.632582e+01	2.174488e+00	8.317877e-01	
26  507.401	2.226371e+00	1.219780e-01	1.041925e+00	3.080290e+00	9.604709e-01	7.147862e-02	9.979582e-01	9.436050e+00	6.734599e-01	2.477943e-01	6.661912e+01	2.176471e+00	8.306615e-01	
11  506.502	2.226371e+00	1.219780e-01	1.041925e+00	3.080290e+00	9.604709e-01	7.147862e-02	9.991679e-01	9.436050e+00	6.734599e-01	2.477943e-01	6.661912e+01	2.176471e+00	8.306615e-01	
4  506.803	2.226371e+00	1.219780e-01	1.041925e+00	3.080290e+00	9.604709e-01	7.147862e-02	9.995617e-01	9.436050e+00	6.734599e-01	2.477943e-01	6.661912e+01	2.176471e+00	8.306615e-01	
3  506.487	2.226371e+00	1.219780e-01	1.041925e+00	3.080290e+00	9.604709e-01	7.147862e-02	9.990442e-01	9.436050e+00	6.734599e-01	2.477943e-01	6.661912e+01	2.176471e+00	8.306615e-01	
9  507.383	2.226371e+00	1.219780e-01	1.041925e+00	3.080290e+00	9.604709e-01	7.147862e-02	9.979684e-01	9.436050e+00	6.734599e-01	2.477943e-01	6.661912e+01	2.176471e+00	8.306615e-01	
2  506.877	2.226371e+00	1.219780e-01	1.041925e+00	3.080290e+00	9.604709e-01	7.147862e-02	9.983075e-01	9.436050e+00	6.734599e-01	2.477943e-01	6.661912e+01	2.176471e+00	8.306615e-01	
6  506.586	2.226371e+00	1.219780e-01	1.041925e+00	3.080290e+00	9.604709e-01	7.147862e-02	9.993174e-01	9.436050e+00	6.734599e-01	2.477943e-01	6.661912e+01	2.176471e+00	8.306615e-01	
2  507.353	2.226371e+00	1.219780e-01	1.041925e+00	3.080290e+00	9.604709e-01	7.147862e-02	9.979851e-01	9.436050e+00	6.734599e-01	2.477943e-01	6.661912e+01	2.176471e+00	8.306615e-01	
13  506.737	2.220412e+00	1.220587e-01	1.041901e+00	3.075658e+00	9.630397e-01	7.051016e-02	9.979851e-01	9.362350e+00	6.725386e-01	2.477687e-01	6.653020e+01	2.166412e+00	8.300095e-01	
1  507.305	2.220412e+00	1.220587e-01	1.041901e+00	3.075658e+00	9.630397e-01	7.051016e-02	9.988452e-01	9.362350e+00	6.725386e-01	2.477687e-01	6.653020e+01	2.166412e+00	8.300095e-01	
1  506.737	2.220412e+00	1.220587e-01	1.041901e+00	3.075658e+00	9.630397e-01	7.051016e-02	9.979912e-01	9.362350e+00	6.725386e-01	2.477687e-01	6.653020e+01	2.166412e+00	8.300095e-01	
8  506.888	2.220412e+00	1.220587e-01	1.041901e+00	3.075658e+00	9.630397e-01	7.051016e-02	9.984742e-01	9.362350e+00	6.725386e-01	2.477687e-01	6.653020e+01	2.166412e+00	8.300095e-01	
8  506.86	2.220412e+00	1.220587e-01	1.041901e+00	3.075658e+00	9.630397e-01	7.051016e-02	9.976711e-01	9.362350e+00	6.725386e-01	2.477687e-01	6.653020e+01	2.166412e+00	8.300095e-01	
15  506.844	2.220412e+00	1.220587e-01	1.041901e+00	3.075658e+00	9.630397e-01	7.051016e-02	9.984118e-01	9.362350e+00	6.725386e-01	2.477687e-01	6.653020e+01	2.166412e+00	8.300095e-01	
3  506.749	2.220412e+00	1.220587e-01	1.041901e+00	3.075658e+00	9.630397e-01	7.051016e-02	9.979099e-01	9.362350e+00	6.725386e-01	2.477687e-01	6.653020e+01	2.166412e+00	8.300095e-01	
22  506.198	2.232416e+00	1.225392e-01	1.041908e+00	3.064994e+00	9.623355e-01	6.405367e-02	9.979099e-01	8.718704e+00	6.706314e-01	2.478201e-01	6.647458e+01	2.143433e+00	8.264674e-01	
3  506.309	2.232416e+00	1.225392e-01	1.041908e+00	3.064994e+00	9.623355e-01	6.405367e-02	9.986542e-01	8.718704e+00	6.706314e-01	2.478201e-01	6.647458e+01	2.143433e+00	8.264674e-01	
3  506.134	2.232416e+00	1.225392e-01	1.041908e+00	3.064994e+00	9.623355e-01	6.405367e-02	9.980879e-01	8.718704e+00	6.706314e-01	2.478201e-01	6.647458e+01	2.143433e+00	8.264674e-01	
13  506.148	2.232416e+00	1.225392e-01	1.041908e+00	3.064994e+00	9.623355e-01	6.405367e-02	9.983565e-01	8.718704e+00	6.706314e-01	2.478201e-01	6.647458e+01	2.143433e+00	8.264674e-01	
2  506.128	2.232416e+00	1.225392e-01	1.041908e+00	3.064994e+00	9.623355e-01	6.405367e-02	9.981392e-01	8.718704e+00	6.706314e-01	2.478201e-01	6.647458e+01	2.143433e+00	8.264674e-01	
19  508.58	2.232416e+00	1.225392e-01	1.041908e+00	3.064994e+00	9.623355e-01	6.405367e-02	9.965656e-01	8.718704e+00	6.706314e-01	2.478201e-01	6.647458e+01	2.143433e+00	8.264674e-01	
5  508.265	2.232416e+00	1.225392e-01	1.041908e+00	3.064994e+00	9.623355e-01	6.405367e-02	9.997319e-01	8.718704e+00	6.706314e-01	2.478201e-01	6.647458e+01	2.143433e+00	8.264674e-01	
8  504.358	2.220708e+00	1.222189e-01	1.042175e+00	3.046277e+00	9.604933e-01	5.323484e-02	9.997319e-01	7.653214e+00	6.725485e-01	2.477700e-01	6.656863e+01	2.103687e+00	8.179075e-01	
11  504.322	2.220708e+00	1.222189e-01	1.042175e+00	3.046277e+00	9.604933e-01	5.323484e-02	9.999614e-01	7.653214e+00	6.725485e-01	2.477700e-01	6.656863e+01	2.103687e+00	8.179075e-01	
8  504.426	2.220708e+00	1.222189e-01	1.042175e+00	3.046277e+00	9.604933e-01	5.323484e-02	9.995996e-01	7.653214e+00	6.725485e-01	2.477700e-01	6.656863e+01	2.103687e+00	8.179075e-01	
13  505.241	2.220708e+00	1.222189e-01	1.042175e+00	3.046277e+00	9.604933e-01	5.323484e-02	9.989268e-01	7.653214e+00	6.725485e-01	2.477700e-01	6.656863e+01	2.103687e+00	8.179075e-01	
6  505.799	2.220708e+00	1.222189e-01	1.042175e+00	3.046277e+00	9.604933e-01	5.323484e-02	9.986547e-01	7.653214e+00	6.725485e-01	2.477700e-01	6.656863e+01	2.103687e+00	8.179075e-01	
8  507.587	2.218752e+00	1.234214e-01	1.041686e+00	3.068921e+00	9.610241e-01	6.511352e-02	9.986547e-01	8.873123e+00	6.639374e-01	2.477616e-01	6.597753e+01	2.151868e+00	8.308044e-01	
13  508.277	2.218752e+00	1.234214e-01	1.041686e+00	3.068921e+00	9.610241e-01	6.511352e-02	9.974817e-01	8.873123e+00	6.639374e-01	2.477616e-01	6.597753e+01	2.151868e+00	8.308044e-01	
1  507.792	2.218752e+00	1.234214e-01	1.041686e+00	3.068921e+00	9.610241e-01	6.511352e-02	9.978493e-01	8.873123e+00	6.639374e-01	2.477616e-01	6.597753e+01	2.151868e+00	8.308044e-01	
35  507.831	2.218752e+00	1.234214e-01	1.041686e+00	3.068921e+00	9.610241e-01	6.511352e-02	9.978132e-01	8.873123e+00	6.639374e-01	2.477616e-01	6.597753e+01	2.151868e+00	8.308044e-01	
11  507.878	2.218752e+00	1.234214e-01	1.041686e+00	3.068921e+00	9.610241e-01	6.511352e-02	9.990113e-01	8.873123e+00	6.639374e-01	2.477616e-01	6.597753e+01	2.151868e+00	8.308044e-01	
2  507.719	2.218752e+00	1.234214e-01	1.041686e+00	3.068921e+00	9.610241e-01	6.511352e-02	9.988527e-01	8.873123e+00	6.639374e-01	2.477616e-01	6.597753e+01	2.151868e+00	8.308044e-01	
11  507.648	2.218752e+00	1.234214e-01	1.041686e+00	3.068921e+00	9.610241e-01	6.511352e-02	9.987616e-01	8.873123e+00	6.639374e-01	2.477616e-01	6.597753e+01	2.151868e+00	8.308044e-01	
8  507.721	2.227332e+00	1.227708e-01	1.041625e+00	3.057892e+00	9.659166e-01	5.954791e-02	9.987616e-01	8.289139e+00	6.680381e-01	2.477984e-01	6.625553e+01	2.128265e+00	8.252949e-01	
7  510.276	2.227332e+00	1.227708e-01	1.041625e+00	3.057892e+00	9.659166e-01	5.954791e-02	9.976067e-01	8.289139e+00	6.680381e-01	2.477984e-01	6.625553e+01	2.128265e+00	8.252949e-01	
10  513.617	2.213580e+00	1.243025e-01	1.041870e+00	3.054949e+00	9.656222e-01	5.887830e-02	9.976067e-01	8.282120e+00	6.591103e-01	2.477394e-01	6.569417e+01	2.122010e+00	8.295524e-01	
15  514.695	2.213580e+00	1.243025e-01	1.041870e+00	3.054949e+00	9.656222e-01	5.887830e-02	9.961704e-01	8.282120e+00	6.591103e-01	2.477394e-01	6.569417e+01	2.122010e+00	8.295524e-01	
3  514.017	2.213580e+00	1.243025e-01	1.041870e+00	3.054949e+00	9.656222e-01	5.887830e-02	9.980232e-01	8.282120e+00	6.591103e-01	2.477394e-01	6.569417e+01	2.122010e+00	8.295524e-01	
2  513.692	2.213580e+00	1.243025e-01	1.041870e+00	3.054949e+00	9.656222e-01	5.887830e-02	9.977153e-01	8.282120e+00	6.591103e-01	2.477394e-01	6.569417e+01	2.122010e+00	8.295524e-01	
10  509.683	2.190858e+00	1.233337e-01	1.041748e+00	3.050463e+00	9.632080e-01	5.777682e-02	9.977153e-01	8.208420e+00	6.627529e-01	2.476415e-01	6.577899e+01	2.112513e+00	8.246962e-01	
19  510.068	2.190858e+00	1.233337e-01	1.041748e+00	3.050463e+00	9.632080e-01	5.777682e-02	9.983049e-01	8.208420e+00	6.627529e-01	2.476415e-01	6.577899e+01	2.112513e+00	8.246962e-01	
2  509.725	2.190858e+00	1.233337e-01	1.041748e+00	3.050463e+00	9.632080e-01	5.777682e-02	9.974331e-01	8.208420e+00	6.627529e-01	2.476415e-01	6.577899e+01	2.112513e+00	8.246962e-01	
12  509.932	2.190858e+00	1.233337e-01	1.041748e+00	3.050463e+00	9.632080e-01	5.777682e-02	9.971314e-01	8.208420e+00	6.627529e-01	2.476415e-01	6.577899e+01	2.112513e+00	8.246962e-01	
2  509.932	2.190858e+00	1.233337e-01	1.041748e+00	3.050463e+00	9.632080e-01	5.777682e-02	9.971307e-01	8.208420e+00	6.627529e-01	2.476415e-01	6.577899e+01	2.112513e+00	8.246962e-01	
19  510.436	2.190858e+00	1.233337e-01	1.041748e+00	3.050463e+00	9.632080e-01	5.777682e-02	9.985593e-01	8.208420e+00	6.627529e-01	2.476415e-01	6.577899e+01	2.112513e+00	8.246962e-01	
7  508.093	2.223442e+00	1.215294e-01	1.041593e+00	3.053239e+00	9.691814e-01	6.106896e-02	9.985593e-01	8.428818e+00	6.747183e-01	2.477817e-01	6.663774e+01	2.118385e+00	8.205192e-01	
15  508.22	2.223442e+00	1.215294e-01	1.041593e+00	3.053239e+00	9.691814e-01	6.106896e-02	9.966000e-01	8.428818e+00	6.747183e-01	2.477817e-01	6.663774e+01	2.118385e+00	8.205192e-01	
8  507.406	2.223442e+00	1.215294e-01	1.041593e+00	3.053239e+00	9.691814e-01	6.106896e-02	9.972356e-01	8.428818e+00	6.747183e-01	2.477817e-01	6.663774e+01	2.118385e+00	8.205192e-01	
9  507.762	2.223442e+00	1.215294e-01	1.041593e+00	3.053239e+00	9.691814e-01	6.106896e-02	9.968803e-01	8.428818e+00	6.747183e-01	2.477817e-01	6.663774e+01	2.118385e+00	8.205192e-01	
8  507.287	2.223442e+00	1.215294e-01	1.041593e+00	3.053239e+00	9.691814e-01	6.106896e-02	9.975258e-01	8.428818e+00	6.747183e-01	2.477817e-01	6.663774e+01	2.118385e+00	8.205192e-01	
6  507.283	2.223442e+00	1.215294e-01	1.041593e+00	3.053239e+00	9.691814e-01	6.106896e-02	9.976527e-01	8.428818e+00	6.747183e-01	2.477817e-01	6.663774e+01	2.118385e+00	8.205192e-01	
1  508.678	2.214412e+00	1.207221e-01	1.041294e+00	3.054008e+00	9.639077e-01	6.003180e-02	9.976527e-01	8.332657e+00	6.777154e-01	2.477430e-01	6.673854e+01	2.120014e+00	8.166650e-01	
5  508.878	2.214412e+00	1.207221e-01	1.041294e+00	3.054008e+00	9.639077e-01	6.003180e-02	1.001660e+00	8.332657e+00	6.777154e-01	2.477430e-01	6.673854e+01	2.120014e+00	8.166650e-01	
1  509.858	2.214412e+00	1.207221e-01	1.041294e+00	3.054008e+00	9.639077e-01	6.003180e-02	9.973499e-01	8.332657e+00	6.777154e-01	2.477430e-01	6.673854e+01	2.120014e+00	8.166650e-01	
1  509.738	2.214412e+00	1.207221e-01	1.041294e+00	3.054008e+00	9.639077e-01	6.003180e-02	1.001881e+00	8.332657e+00	6.777154e-01	2.477430e-01	6.673854e+01	2.120014e+00	8.166650e-01	
2  506.971	2.214412e+00	1.207221e-01	1.041294e+00	3.054008e+00	9.639077e-01	6.003180e-02	9.981991e-01	8.332657e+00	6.777154e-01	2.477430e-01	6.673854e+01	2.120014e+00	8.166650e-01	
12  506.017	2.214412e+00	1.207221e-01	1.041294e+00	3.054008e+00	9.639077e-01	6.003180e-02	9.986284e-01	8.332657e+00	6.777154e-01	2.477430e-01	6.673854e+01	2.120014e+00	8.166650e-01	
3  505.123	2.214412e+00	1.207221e-01	1.041294e+00	3.054008e+00	9.639077e-01	6.003180e-02	9.994822e-01	8.332657e+00	6.777154e-01	2.477430e-01	6.673854e+01	2.120014e+00	8.166650e-01	
10  505.6	2.214412e+00	1.207221e-01	1.041294e+00	3.054008e+00	9.639077e-01	6.003180e-02	9.988904e-01	8.332657e+00	6.777154e-01	2.477430e-01	6.673854e+01	2.120014e+00	8.166650e-01	
2  505.144	2.214412e+00	1.207221e-01	1.041294e+00	3.054008e+00	9.639077e-01	6.003180e-02	9.994333e-01	8.332657e+00	6.777154e-01	2.477430e-01	6.673854e+01	2.120014e+00	8.166650e-01	
5  505.796	2.214412e+00	1.207221e-01	1.041294e+00	3.054008e+00	9.639077e-01	6.003180e-02	1.000483e+00	8.332657e+00	6.777154e-01	2.477430e-01	6.673854e+01	2.120014e+00	8.166650e-01	
15  505.601	2.214412e+00	1.207221e-01	1.041294e+00	3.054008e+00	9.639077e-01	6.003180e-02	1.000349e+00	8.332657e+00	6.777154e-01	2.477430e-01	6.673854e+01	2.120014e+00	8.166650e-01	
10  505.44	2.214412e+00	1.207221e-01	1.041294e+00	3.054008e+00	9.639077e-01	6.003180e-02	9.990215e-01	8.332657e+00	6.777154e-01	2.477430e-01	6.673854e+01	2.120014e+00	8.166650e-01	
1  506.257	2.214412e+00	1.207221e-01	1.041294e+00	3.054008e+00	9.639077e-01	6.003180e-02	9.985039e-01	8.332657e+00	6.777154e-01	2.477430e-01	6.673854e+01	2.120014e+00	8.166650e-01	
11  505.489	2.214412e+00	1.207221e-01	1.041294e+00	3.054008e+00	9.639077e-01	6.003180e-02	9.989786e-01	8.332657e+00	6.777154e-01	2.477430e-01	6.673854e+01	2.120014e+00	8.166650e-01	
1  505.073	2.237665e+00	1.198884e-01	1.041810e+00	3.059784e+00	9.602041e-01	6.263945e-02	9.989786e-01	8.519363e+00	6.854352e-01	2.478425e-01	6.741088e+01	2.132296e+00	8.146729e-01	
7  504.298	2.253815e+00	1.196052e-01	1.041843e+00	3.056159e+00	9.644740e-01	6.085020e-02	9.989786e-01	8.300369e+00	6.880729e-01	2.479112e-01	6.766647e+01	2.124580e+00	8.129231e-01	
2  506.625	2.253815e+00	1.196052e-01	1.041843e+00	3.056159e+00	9.644740e-01	6.085020e-02	1.001751e+00	8.300369e+00	6.880729e-01	2.479112e-01	6.766647e+01	2.124580e+00	8.129231e-01	
8  506.251	2.253815e+00	1.196052e-01	1.041843e+00	3.056159e+00	9.644740e-01	6.085020e-02	9.981750e-01	8.300369e+00	6.880729e-01	2.479112e-01	6.766647e+01	2.124580e+00	8.129231e-01	
3  505.449	2.253815e+00	1.196052e-01	1.041843e+00	3.056159e+00	9.644740e-01	6.085020e-02	9.984505e-01	8.300369e+00	6.880729e-01	2.479112e-01	6.766647e+01	2.124580e+00	8.129231e-01	
5  503.618	2.253815e+00	1.196052e-01	1.041843e+00	3.056159e+00	9.644740e-01	6.085020e-02	1.000237e+00	8.300369e+00	6.880729e-01	2.479112e-01	6.766647e+01	2.124580e+00	8.129231e-01	
9  503.989	2.253815e+00	1.196052e-01	1.041843e+00	3.056159e+00	9.644740e-01	6.085020e-02	9.991854e-01	8.300369e+00	6.880729e-01	2.479112e-01	6.766647e+01	2.124580e+00	8.129231e-01	
3  504.042	2.253815e+00	1.196052e-01	1.041843e+00	3.056159e+00	9.644740e-01	6.085020e-02	1.000661e+00	8.300369e+00	6.880729e-01	2.479112e-01	6.766647e+01	2.124580e+00	8.129231e-01	
17  503.521	2.253815e+00	1.196052e-01	1.041843e+00	3.056159e+00	9.644740e-01	6.085020e-02	9.998972e-01	8.300369e+00	6.880729e-01	2.479112e-01	6.766647e+01	2.124580e+00	8.129231e-01	
16  505.015	2.253815e+00	1.196052e-01	1.041843e+00	3.056159e+00	9.644740e-01	6.085020e-02	1.001184e+00	8.300369e+00	6.880729e-01	2.479112e-01	6.766647e+01	2.124580e+00	8.129231e-01	
7  504.868	2.253815e+00	1.196052e-01	1.041843e+00	3.056159e+00	9.644740e-01	6.085020e-02	9.986858e-01	8.300369e+00	6.880729e-01	2.479112e-01	6.766647e+01	2.124580e+00	8.129231e-01	
23  503.23	2.236840e+00	1.206206e-01	1.042008e+00	3.057429e+00	9.639868e-01	6.193620e-02	9.986858e-01	8.466019e+00	6.819706e-01	2.478390e-01	6.721226e+01	2.127280e+00	8.175285e-01	
14  503.586	2.236840e+00	1.206206e-01	1.042008e+00	3.057429e+00	9.639868e-01	6.193620e-02	9.981040e-01	8.466019e+00	6.819706e-01	2.478390e-01	6.721226e+01	2.127280e+00	8.175285e-01	
1  503.261	2.236840e+00	1.206206e-01	1.042008e+00	3.057429e+00	9.639868e-01	6.193620e-02	9.989120e-01	8.466019e+00	6.819706e-01	2.478390e-01	6.721226e+01	2.127280e+00	8.175285e-01	
4  504.683	2.236840e+00	1.206206e-01	1.042008e+00	3.057429e+00	9.639868e-01	6.193620e-02	9.999986e-01	8.466019e+00	6.819706e-01	2.478390e-01	6.721226e+01	2.127280e+00	8.175285e-01	
1  507.067	2.236840e+00	1.206206e-01	1.042008e+00	3.057429e+00	9.639868e-01	6.193620e-02	1.000790e+00	8.466019e+00	6.819706e-01	2.478390e-01	6.721226e+01	2.127280e+00	8.175285e-01	
1  504.552	2.236840e+00	1.206206e-01	1.042008e+00	3.057429e+00	9.639868e-01	6.193620e-02	9.999404e-01	8.466019e+00	6.819706e-01	2.478390e-01	6.721226e+01	2.127280e+00	8.175285e-01	
27  503.733	2.236840e+00	1.206206e-01	1.042008e+00	3.057429e+00	9.639868e-01	6.193620e-02	9.979861e-01	8.466019e+00	6.819706e-01	2.478390e-01	6.721226e+01	2.127280e+00	8.175285e-01	
32  503.371	2.236840e+00	1.206206e-01	1.042008e+00	3.057429e+00	9.639868e-01	6.193620e-02	9.991338e-01	8.466019e+00	6.819706e-01	2.478390e-01	6.721226e+01	2.127280e+00	8.175285e-01	
17  503.39	2.236840e+00	1.206206e-01	1.042008e+00	3.057429e+00	9.639868e-01	6.193620e-02	9.991591e-01	8.466019e+00	6.819706e-01	2.478390e-01	6.721226e+01	2.127280e+00	8.175285e-01	
3  503.388	2.236840e+00	1.206206e-01	1.042008e+00	3.057429e+00	9.639868e-01	6.193620e-02	9.991568e-01	8.466019e+00	6.819706e-01	2.478390e-01	6.721226e+01	2.127280e+00	8.175285e-01	
9  503.277	2.236840e+00	1.206206e-01	1.042008e+00	3.057429e+00	9.639868e-01	6.193620e-02	9.984972e-01	8.466019e+00	6.819706e-01	2.478390e-01	6.721226e+01	2.127280e+00	8.175285e-01	
1  503.23	2.236840e+00	1.206206e-01	1.042008e+00	3.057429e+00	9.639868e-01	6.193620e-02	9.986924e-01	8.466019e+00	6.819706e-01	2.478390e-01	6.721226e+01	2.127280e+00	8.175285e-01	
2  503.248	2.236840e+00	1.206206e-01	1.042008e+00	3.057429e+00	9.639868e-01	6.193620e-02	9.985832e-01	8.466019e+00	6.819706e-01	2.478390e-01	6.721226e+01	2.127280e+00	8.175285e-01	
15  503.263	2.236840e+00	1.206206e-01	1.042008e+00	3.057429e+00	9.639868e-01	6.193620e-02	9.989199e-01	8.466019e+00	6.819706e-01	2.478390e-01	6.721226e+01	2.127280e+00	8.175285e-01	
2  505.016	2.236840e+00	1.206206e-01	1.042008e+00	3.057429e+00	9.639868e-01	6.193620e-02	1.000137e+00	8.466019e+00	6.819706e-01	2.478390e-01	6.721226e+01	2.127280e+00	8.175285e-01	
16  505.144	2.236840e+00	1.206206e-01	1.042008e+00	3.057429e+00	9.639868e-01	6.193620e-02	9.972832e-01	8.466019e+00	6.819706e-01	2.478390e-01	6.721226e+01	2.127280e+00	8.175285e-01	
2  503.242	2.236840e+00	1.206206e-01	1.042008e+00	3.057429e+00	9.639868e-01	6.193620e-02	9.988420e-01	8.466019e+00	6.819706e-01	2.478390e-01	6.721226e+01	2.127280e+00	8.175285e-01	
2  503.294	2.236840e+00	1.206206e-01	1.042008e+00	3.057429e+00	9.639868e-01	6.193620e-02	9.990009e-01	8.466019e+00	6.819706e-01	2.478390e-01	6.721226e+01	2.127280e+00	8.175285e-01	
8  504.396	2.236840e+00	1.206206e-01	1.042008e+00	3.057429e+00	9.639868e-01	6.193620e-02	9.975995e-01	8.466019e+00	6.819706e-01	2.478390e-01	6.721226e+01	2.127280e+00	8.175285e-01	
9  503.344	2.236840e+00	1.206206e-01	1.042008e+00	3.057429e+00	9.639868e-01	6.193620e-02	9.990961e-01	8.466019e+00	6.819706e-01	2.478390e-01	6.721226e+01	2.127280e+00	8.175285e-01	
7  503.443	2.236840e+00	1.206206e-01	1.042008e+00	3.057429e+00	9.639868e-01	6.193620e-02	9.982419e-01	8.466019e+00	6.819706e-01	2.478390e-01	6.721226e+01	2.127280e+00	8.175285e-01	
1  503.385	2.236840e+00	1.206206e-01	1.042008e+00	3.057429e+00	9.639868e-01	6.193620e-02	9.991531e-01	8.466019e+00	6.819706e-01	2.478390e-01	6.721226e+01	2.127280e+00	8.175285e-01	
4  503.295	2.236840e+00	1.206206e-01	1.042008e+00	3.057429e+00	9.639868e-01	6.193620e-02	9.984586e-01	8.466019e+00	6.819706e-01	2.478390e-01	6.721226e+01	2.127280e+00	8.175285e-01	
1  505.962	2.236840e+00	1.206206e-01	1.042008e+00	3.057429e+00	9.639868e-01	6.193620e-02	9.970036e-01	8.466019e+00	6.819706e-01	2.478390e-01	6.721226e+01	2.127280e+00	8.175285e-01	
43  503.541	2.236840e+00	1.206206e-01	1.042008e+00	3.057429e+00	9.639868e-01	6.193620e-02	9.981418e-01	8.466019e+00	6.819706e-01	2.478390e-01	6.721226e+01	2.127280e+00	8.175285e-01	
7  503.684	2.236840e+00	1.206206e-01	1.042008e+00	3.057429e+00	9.639868e-01	6.193620e-02	9.980238e-01	8.466019e+00	6.819706e-01	2.478390e-01	6.721226e+01	2.127280e+00	8.175285e-01	
10  503.503	2.236840e+00	1.206206e-01	1.042008e+00	3.057429e+00	9.639868e-01	6.193620e-02	9.981782e-01	8.466019e+00	6.819706e-01	2.478390e-01	6.721226e+01	2.127280e+00	8.175285e-01	
6  503.996	2.236840e+00	1.206206e-01	1.042008e+00	3.057429e+00	9.639868e-01	6.193620e-02	9.978132e-01	8.466019e+00	6.819706e-01	2.478390e-01	6.721226e+01	2.127280e+00	8.175285e-01	
13  504.359	2.236840e+00	1.206206e-01	1.042008e+00	3.057429e+00	9.639868e-01	6.193620e-02	9.998498e-01	8.466019e+00	6.819706e-01	2.478390e-01	6.721226e+01	2.127280e+00	8.175285e-01	
14  505.335	2.236840e+00	1.206206e-01	1.042008e+00	3.057429e+00	9.639868e-01	6.193620e-02	1.000260e+00	8.466019e+00	6.819706e-01	2.478390e-01	6.721226e+01	2.127280e+00	8.175285e-01	
3  505.071	2.236840e+00	1.206206e-01	1.042008e+00	3.057429e+00	9.639868e-01	6.193620e-02	1.000159e+00	8.466019e+00	6.819706e-01	2.478390e-01	6.721226e+01	2.127280e+00	8.175285e-01	
1  504.161	2.236840e+00	1.206206e-01	1.042008e+00	3.057429e+00	9.639868e-01	6.193620e-02	9.977199e-01	8.466019e+00	6.819706e-01	2.478390e-01	6.721226e+01	2.127280e+00	8.175285e-01	
17  503.481	2.236840e+00	1.206206e-01	1.042008e+00	3.057429e+00	9.639868e-01	6.193620e-02	9.982007e-01	8.466019e+00	6.819706e-01	2.478390e-01	6.721226e+01	2.127280e+00	8.175285e-01	
43  503.405	2.236840e+00	1.206206e-01	1.042008e+00	3.057429e+00	9.639868e-01	6.193620e-02	9.991783e-01	8.466019e+00	6.819706e-01	2.478390e-01	6.721226e+01	2.127280e+00	8.175285e-01	
3  503.468	2.236840e+00	1.206206e-01	1.042008e+00	3.057429e+00	9.639868e-01	6.193620e-02	9.982147e-01	8.466019e+00	6.819706e-01	2.478390e-01	6.721226e+01	2.127280e+00	8.175285e-01	
1  503.318	2.236840e+00	1.206206e-01	1.042008e+00	3.057429e+00	9.639868e-01	6.193620e-02	9.990439e-01	8.466019e+00	6.819706e-01	2.478390e-01	6.721226e+01	2.127280e+00	8.175285e-01	
23  504.445	2.236840e+00	1.206206e-01	1.042008e+00	3.057429e+00	9.639868e-01	6.193620e-02	9.998909e-01	8.466019e+00	6.819706e-01	2.478390e-01	6.721226e+01	2.127280e+00	8.175285e-01	
4  504.7	2.230752e+00	1.212300e-01	1.041817e+00	3.051238e+00	9.578313e-01	5.742503e-02	9.998909e-01	8.042068e+00	6.775899e-01	2.478130e-01	6.688138e+01	2.114151e+00	8.151925e-01	
3  505.436	2.230752e+00	1.212300e-01	1.041817e+00	3.051238e+00	9.578313e-01	5.742503e-02	1.000279e+00	8.042068e+00	6.775899e-01	2.478130e-01	6.688138e+01	2.114151e+00	8.151925e-01	
6  504.339	2.230752e+00	1.212300e-01	1.041817e+00	3.051238e+00	9.578313e-01	5.742503e-02	9.996143e-01	8.042068e+00	6.775899e-01	2.478130e-01	6.688138e+01	2.114151e+00	8.151925e-01	
6  505.878	2.228472e+00	1.209081e-01	1.042132e+00	3.058042e+00	9.583664e-01	5.949442e-02	9.996143e-01	8.249832e+00	6.802458e-01	2.478032e-01	6.707825e+01	2.128583e+00	8.174630e-01	
3  505.836	2.228472e+00	1.209081e-01	1.042132e+00	3.058042e+00	9.583664e-01	5.949442e-02	1.001556e+00	8.249832e+00	6.802458e-01	2.478032e-01	6.707825e+01	2.128583e+00	8.174630e-01	
2  507.125	2.228472e+00	1.209081e-01	1.042132e+00	3.058042e+00	9.583664e-01	5.949442e-02	1.002123e+00	8.249832e+00	6.802458e-01	2.478032e-01	6.707825e+01	2.128583e+00	8.174630e-01	
2  506.593	2.228472e+00	1.209081e-01	1.042132e+00	3.058042e+00	9.583664e-01	5.949442e-02	9.992748e-01	8.249832e+00	6.802458e-01	2.478032e-01	6.707825e+01	2.128583e+00	8.174630e-01	
17  507.186	2.228472e+00	1.209081e-01	1.042132e+00	3.058042e+00	9.583664e-01	5.949442e-02	1.002145e+00	8.249832e+00	6.802458e-01	2.478032e-01	6.707825e+01	2.128583e+00	8.174630e-01	
2  505.89	2.228472e+00	1.209081e-01	1.042132e+00	3.058042e+00	9.583664e-01	5.949442e-02	1.001586e+00	8.249832e+00	6.802458e-01	2.478032e-01	6.707825e+01	2.128583e+00	8.174630e-01	
12  505.416	2.240621e+00	1.202310e-01	1.042118e+00	3.070819e+00	9.614330e-01	6.637327e-02	1.001586e+00	8.880142e+00	6.846967e-01	2.478551e-01	6.741948e+01	2.155956e+00	8.208734e-01	
16  505.389	2.240621e+00	1.202310e-01	1.042118e+00	3.070819e+00	9.614330e-01	6.637327e-02	1.000081e+00	8.880142e+00	6.846967e-01	2.478551e-01	6.741948e+01	2.155956e+00	8.208734e-01	
9  504.986	2.240621e+00	1.202310e-01	1.042118e+00	3.070819e+00	9.614330e-01	6.637327e-02	1.000491e+00	8.880142e+00	6.846967e-01	2.478551e-01	6.741948e+01	2.155956e+00	8.208734e-01	
5  505.2	2.240621e+00	1.202310e-01	1.042118e+00	3.070819e+00	9.614330e-01	6.637327e-02	1.001409e+00	8.880142e+00	6.846967e-01	2.478551e-01	6.741948e+01	2.155956e+00	8.208734e-01	
14  506.089	2.240621e+00	1.202310e-01	1.042118e+00	3.070819e+00	9.614330e-01	6.637327e-02	1.001978e+00	8.880142e+00	6.846967e-01	2.478551e-01	6.741948e+01	2.155956e+00	8.208734e-01	
5  505.914	2.240621e+00	1.202310e-01	1.042118e+00	3.070819e+00	9.614330e-01	6.637327e-02	9.997640e-01	8.880142e+00	6.846967e-01	2.478551e-01	6.741948e+01	2.155956e+00	8.208734e-01	
1  504.916	2.240621e+00	1.202310e-01	1.042118e+00	3.070819e+00	9.614330e-01	6.637327e-02	1.000991e+00	8.880142e+00	6.846967e-01	2.478551e-01	6.741948e+01	2.155956e+00	8.208734e-01	
11  504.929	2.240621e+00	1.202310e-01	1.042118e+00	3.070819e+00	9.614330e-01	6.637327e-02	1.000608e+00	8.880142e+00	6.846967e-01	2.478551e-01	6.741948e+01	2.155956e+00	8.208734e-01	
12  504.945	2.240621e+00	1.202310e-01	1.042118e+00	3.070819e+00	9.614330e-01	6.637327e-02	1.001068e+00	8.880142e+00	6.846967e-01	2.478551e-01	6.741948e+01	2.155956e+00	8.208734e-01	
2  506.155	2.240621e+00	1.202310e-01	1.042118e+00	3.070819e+00	9.614330e-01	6.637327e-02	1.002008e+00	8.880142e+00	6.846967e-01	2.478551e-01	6.741948e+01	2.155956e+00	8.208734e-01	
2  505.243	2.240621e+00	1.202310e-01	1.042118e+00	3.070819e+00	9.614330e-01	6.637327e-02	1.001449e+00	8.880142e+00	6.846967e-01	2.478551e-01	6.741948e+01	2.155956e+00	8.208734e-01	
5  504.901	2.240621e+00	1.202310e-01	1.042118e+00	3.070819e+00	9.614330e-01	6.637327e-02	1.000936e+00	8.880142e+00	6.846967e-01	2.478551e-01	6.741948e+01	2.155956e+00	8.208734e-01	
16  504.903	2.240621e+00	1.202310e-01	1.042118e+00	3.070819e+00	9.614330e-01	6.637327e-02	1.000945e+00	8.880142e+00	6.846967e-01	2.478551e-01	6.741948e+01	2.155956e+00	8.208734e-01	
7  505.794	2.240621e+00	1.202310e-01	1.042118e+00	3.070819e+00	9.614330e-01	6.637327e-02	1.001823e+00	8.880142e+00	6.846967e-01	2.478551e-01	6.741948e+01	2.155956e+00	8.208734e-01	
2  506.464	2.240621e+00	1.202310e-01	1.042118e+00	3.070819e+00	9.614330e-01	6.637327e-02	1.002148e+00	8.880142e+00	6.846967e-01	2.478551e-01	6.741948e+01	2.155956e+00	8.208734e-01	
2  506.175	2.240621e+00	1.202310e-01	1.042118e+00	3.070819e+00	9.614330e-01	6.637327e-02	9.996366e-01	8.880142e+00	6.846967e-01	2.478551e-01	6.741948e+01	2.155956e+00	8.208734e-01	
2  506.883	2.240621e+00	1.202310e-01	1.042118e+00	3.070819e+00	9.614330e-01	6.637327e-02	1.002310e+00	8.880142e+00	6.846967e-01	2.478551e-01	6.741948e+01	2.155956e+00	8.208734e-01	
29  504.959	2.240621e+00	1.202310e-01	1.042118e+00	3.070819e+00	9.614330e-01	6.637327e-02	1.000539e+00	8.880142e+00	6.846967e-01	2.478551e-01	6.741948e+01	2.155956e+00	8.208734e-01	
18  506.582	2.240621e+00	1.202310e-01	1.042118e+00	3.070819e+00	9.614330e-01	6.637327e-02	9.994617e-01	8.880142e+00	6.846967e-01	2.478551e-01	6.741948e+01	2.155956e+00	8.208734e-01	
4  506.079	2.240621e+00	1.202310e-01	1.042118e+00	3.070819e+00	9.614330e-01	6.637327e-02	9.996818e-01	8.880142e+00	6.846967e-01	2.478551e-01	6.741948e+01	2.155956e+00	8.208734e-01	
14  505.265	2.240621e+00	1.202310e-01	1.042118e+00	3.070819e+00	9.614330e-01	6.637327e-02	1.000180e+00	8.880142e+00	6.846967e-01	2.478551e-01	6.741948e+01	2.155956e+00	8.208734e-01	
1  505.2	2.240621e+00	1.202310e-01	1.042118e+00	3.070819e+00	9.614330e-01	6.637327e-02	1.001410e+00	8.880142e+00	6.846967e-01	2.478551e-01	6.741948e+01	2.155956e+00	8.208734e-01	
26  504.89	2.240621e+00	1.202310e-01	1.042118e+00	3.070819e+00	9.614330e-01	6.637327e-02	1.000774e+00	8.880142e+00	6.846967e-01	2.478551e-01	6.741948e+01	2.155956e+00	8.208734e-01	
5  505.008	2.240621e+00	1.202310e-01	1.042118e+00	3.070819e+00	9.614330e-01	6.637327e-02	1.001174e+00	8.880142e+00	6.846967e-01	2.478551e-01	6.741948e+01	2.155956e+00	8.208734e-01	
2  505.458	2.240621e+00	1.202310e-01	1.042118e+00	3.070819e+00	9.614330e-01	6.637327e-02	1.001616e+00	8.880142e+00	6.846967e-01	2.478551e-01	6.741948e+01	2.155956e+00	8.208734e-01	
22  505.827	2.240621e+00	1.202310e-01	1.042118e+00	3.070819e+00	9.614330e-01	6.637327e-02	1.001840e+00	8.880142e+00	6.846967e-01	2.478551e-01	6.741948e+01	2.155956e+00	8.208734e-01	
12  503.549	2.225436e+00	1.217163e-01	1.041980e+00	3.057013e+00	9.638078e-01	5.749769e-02	1.001840e+00	8.070145e+00	6.750500e-01	2.477903e-01	6.671944e+01	2.126395e+00	8.213253e-01	
10  503.021	2.228013e+00	1.209000e-01	1.041855e+00	3.044854e+00	9.652999e-01	5.172856e-02	1.001840e+00	7.458786e+00	6.793787e-01	2.478013e-01	6.698454e+01	2.100697e+00	8.139353e-01	
3  503.584	2.228013e+00	1.209000e-01	1.041855e+00	3.044854e+00	9.652999e-01	5.172856e-02	1.003377e+00	7.458786e+00	6.793787e-01	2.478013e-01	6.698454e+01	2.100697e+00	8.139353e-01	
11  503.023	2.228013e+00	1.209000e-01	1.041855e+00	3.044854e+00	9.652999e-01	5.172856e-02	1.002972e+00	7.458786e+00	6.793787e-01	2.478013e-01	6.698454e+01	2.100697e+00	8.139353e-01	
2  503.157	2.228013e+00	1.209000e-01	1.041855e+00	3.044854e+00	9.652999e-01	5.172856e-02	1.001723e+00	7.458786e+00	6.793787e-01	2.478013e-01	6.698454e+01	2.100697e+00	8.139353e-01	
2  503.698	2.228013e+00	1.209000e-01	1.041855e+00	3.044854e+00	9.652999e-01	5.172856e-02	1.003439e+00	7.458786e+00	6.793787e-01	2.478013e-01	6.698454e+01	2.100697e+00	8.139353e-01	
27  502.822	2.228013e+00	1.209000e-01	1.041855e+00	3.044854e+00	9.652999e-01	5.172856e-02	1.002082e+00	7.458786e+00	6.793787e-01	2.478013e-01	6.698454e+01	2.100697e+00	8.139353e-01	
14  502.799	2.228013e+00	1.209000e-01	1.041855e+00	3.044854e+00	9.652999e-01	5.172856e-02	1.002124e+00	7.458786e+00	6.793787e-01	2.478013e-01	6.698454e+01	2.100697e+00	8.139353e-01	
8  503.097	2.228013e+00	1.209000e-01	1.041855e+00	3.044854e+00	9.652999e-01	5.172856e-02	1.001772e+00	7.458786e+00	6.793787e-01	2.478013e-01	6.698454e+01	2.100697e+00	8.139353e-01	
13  503.966	2.228013e+00	1.209000e-01	1.041855e+00	3.044854e+00	9.652999e-01	5.172856e-02	1.001245e+00	7.458786e+00	6.793787e-01	2.478013e-01	6.698454e+01	2.100697e+00	8.139353e-01	
27  503.237	2.228013e+00	1.209000e-01	1.041855e+00	3.044854e+00	9.652999e-01	5.172856e-02	1.001661e+00	7.458786e+00	6.793787e-01	2.478013e-01	6.698454e+01	2.100697e+00	8.139353e-01	
2  503.944	2.228013e+00	1.209000e-01	1.041855e+00	3.044854e+00	9.652999e-01	5.172856e-02	1.003564e+00	7.458786e+00	6.793787e-01	2.478013e-01	6.698454e+01	2.100697e+00	8.139353e-01	
15  502.915	2.228013e+00	1.209000e-01	1.041855e+00	3.044854e+00	9.652999e-01	5.172856e-02	1.001953e+00	7.458786e+00	6.793787e-01	2.478013e-01	6.698454e+01	2.100697e+00	8.139353e-01	
5  503.589	2.228013e+00	1.209000e-01	1.041855e+00	3.044854e+00	9.652999e-01	5.172856e-02	1.003379e+00	7.458786e+00	6.793787e-01	2.478013e-01	6.698454e+01	2.100697e+00	8.139353e-01	
2  503.072	2.228013e+00	1.209000e-01	1.041855e+00	3.044854e+00	9.652999e-01	5.172856e-02	1.001793e+00	7.458786e+00	6.793787e-01	2.478013e-01	6.698454e+01	2.100697e+00	8.139353e-01	
16  502.72	2.228013e+00	1.209000e-01	1.041855e+00	3.044854e+00	9.652999e-01	5.172856e-02	1.002374e+00	7.458786e+00	6.793787e-01	2.478013e-01	6.698454e+01	2.100697e+00	8.139353e-01	
6  505.615	2.228013e+00	1.209000e-01	1.041855e+00	3.044854e+00	9.652999e-01	5.172856e-02	1.004193e+00	7.458786e+00	6.793787e-01	2.478013e-01	6.698454e+01	2.100697e+00	8.139353e-01	
24  505.39	2.244528e+00	1.196997e-01	1.041696e+00	3.028936e+00	9.686205e-01	4.337159e-02	1.004193e+00	6.515427e+00	6.865350e-01	2.478717e-01	6.750067e+01	2.067522e+00	8.037510e-01	
13  506.003	2.244528e+00	1.196997e-01	1.041696e+00	3.028936e+00	9.686205e-01	4.337159e-02	1.004858e+00	6.515427e+00	6.865350e-01	2.478717e-01	6.750067e+01	2.067522e+00	8.037510e-01	
13  505.366	2.244528e+00	1.196997e-01	1.041696e+00	3.028936e+00	9.686205e-01	4.337159e-02	1.004082e+00	6.515427e+00	6.865350e-01	2.478717e-01	6.750067e+01	2.067522e+00	8.037510e-01	
7  507.041	2.244528e+00	1.196997e-01	1.041696e+00	3.028936e+00	9.686205e-01	4.337159e-02	1.002655e+00	6.515427e+00	6.865350e-01	2.478717e-01	6.750067e+01	2.067522e+00	8.037510e-01	
1  505.594	2.244528e+00	1.196997e-01	1.041696e+00	3.028936e+00	9.686205e-01	4.337159e-02	1.004521e+00	6.515427e+00	6.865350e-01	2.478717e-01	6.750067e+01	2.067522e+00	8.037510e-01	
24  505.404	2.244528e+00	1.196997e-01	1.041696e+00	3.028936e+00	9.686205e-01	4.337159e-02	1.003772e+00	6.515427e+00	6.865350e-01	2.478717e-01	6.750067e+01	2.067522e+00	8.037510e-01	
21  505.394	2.244528e+00	1.196997e-01	1.041696e+00	3.028936e+00	9.686205e-01	4.337159e-02	1.004206e+00	6.515427e+00	6.865350e-01	2.478717e-01	6.750067e+01	2.067522e+00	8.037510e-01	
2  506.349	2.244528e+00	1.196997e-01	1.041696e+00	3.028936e+00	9.686205e-01	4.337159e-02	1.005061e+00	6.515427e+00	6.865350e-01	2.478717e-01	6.750067e+01	2.067522e+00	8.037510e-01	
26  506.675	2.244528e+00	1.196997e-01	1.041696e+00	3.028936e+00	9.686205e-01	4.337159e-02	1.002811e+00	6.515427e+00	6.865350e-01	2.478717e-01	6.750067e+01	2.067522e+00	8.037510e-01	
1  505.414	2.244528e+00	1.196997e-01	1.041696e+00	3.028936e+00	9.686205e-01	4.337159e-02	1.003752e+00	6.515427e+00	6.865350e-01	2.478717e-01	6.750067e+01	2.067522e+00	8.037510e-01	
7  506.593	2.244528e+00	1.196997e-01	1.041696e+00	3.028936e+00	9.686205e-01	4.337159e-02	1.002848e+00	6.515427e+00	6.865350e-01	2.478717e-01	6.750067e+01	2.067522e+00	8.037510e-01	
14  506.237	2.244528e+00	1.196997e-01	1.041696e+00	3.028936e+00	9.686205e-01	4.337159e-02	1.003029e+00	6.515427e+00	6.865350e-01	2.478717e-01	6.750067e+01	2.067522e+00	8.037510e-01	
11  505.365	2.244528e+00	1.196997e-01	1.041696e+00	3.028936e+00	9.686205e-01	4.337159e-02	1.003956e+00	6.515427e+00	6.865350e-01	2.478717e-01	6.750067e+01	2.067522e+00	8.037510e-01	
4  505.659	2.244528e+00	1.196997e-01	1.041696e+00	3.028936e+00	9.686205e-01	4.337159e-02	1.004589e+00	6.515427e+00	6.865350e-01	2.478717e-01	6.750067e+01	2.067522e+00	8.037510e-01	
1  505.846	2.244528e+00	1.196997e-01	1.041696e+00	3.028936e+00	9.686205e-01	4.337159e-02	1.003283e+00	6.515427e+00	6.865350e-01	2.478717e-01	6.750067e+01	2.067522e+00	8.037510e-01	
1  505.662	2.244528e+00	1.196997e-01	1.041696e+00	3.028936e+00	9.686205e-01	4.337159e-02	1.004592e+00	6.515427e+00	6.865350e-01	2.478717e-01	6.750067e+01	2.067522e+00	8.037510e-01	
8  505.463	2.244528e+00	1.196997e-01	1.041696e+00	3.028936e+00	9.686205e-01	4.337159e-02	1.003671e+00	6.515427e+00	6.865350e-01	2.478717e-01	6.750067e+01	2.067522e+00	8.037510e-01	
2  505.512	2.244528e+00	1.196997e-01	1.041696e+00	3.028936e+00	9.686205e-01	4.337159e-02	1.004422e+00	6.515427e+00	6.865350e-01	2.478717e-01	6.750067e+01	2.067522e+00	8.037510e-01	
1  506.542	2.244528e+00	1.196997e-01	1.041696e+00	3.028936e+00	9.686205e-01	4.337159e-02	1.002872e+00	6.515427e+00	6.865350e-01	2.478717e-01	6.750067e+01	2.067522e+00	8.037510e-01	
3  506.15	2.244528e+00	1.196997e-01	1.041696e+00	3.028936e+00	9.686205e-01	4.337159e-02	1.004950e+00	6.515427e+00	6.865350e-01	2.478717e-01	6.750067e+01	2.067522e+00	8.037510e-01	
31  505.367	2.244528e+00	1.196997e-01	1.041696e+00	3.028936e+00	9.686205e-01	4.337159e-02	1.004096e+00	6.515427e+00	6.865350e-01	2.478717e-01	6.750067e+01	2.067522e+00	8.037510e-01	
10  505.484	2.244528e+00	1.196997e-01	1.041696e+00	3.028936e+00	9.686205e-01	4.337159e-02	1.004382e+00	6.515427e+00	6.865350e-01	2.478717e-01	6.750067e+01	2.067522e+00	8.037510e-01	
2  508.178	2.243209e+00	1.190304e-01	1.041321e+00	3.040308e+00	9.708014e-01	5.143064e-02	1.004382e+00	7.366135e+00	6.889546e-01	2.478661e-01	6.760061e+01	2.091168e+00	8.064574e-01	
6  506.382	2.243209e+00	1.190304e-01	1.041321e+00	3.040308e+00	9.708014e-01	5.143064e-02	1.002542e+00	7.366135e+00	6.889546e-01	2.478661e-01	6.760061e+01	2.091168e+00	8.064574e-01	
26  506.546	2.243209e+00	1.190304e-01	1.041321e+00	3.040308e+00	9.708014e-01	5.143064e-02	1.003492e+00	7.366135e+00	6.889546e-01	2.478661e-01	6.760061e+01	2.091168e+00	8.064574e-01	
17  506.332	2.243209e+00	1.190304e-01	1.041321e+00	3.040308e+00	9.708014e-01	5.143064e-02	1.002625e+00	7.366135e+00	6.889546e-01	2.478661e-01	6.760061e+01	2.091168e+00	8.064574e-01	
17  506.615	2.243209e+00	1.190304e-01	1.041321e+00	3.040308e+00	9.708014e-01	5.143064e-02	1.002279e+00	7.366135e+00	6.889546e-01	2.478661e-01	6.760061e+01	2.091168e+00	8.064574e-01	
2  506.639	2.243209e+00	1.190304e-01	1.041321e+00	3.040308e+00	9.708014e-01	5.143064e-02	1.003570e+00	7.366135e+00	6.889546e-01	2.478661e-01	6.760061e+01	2.091168e+00	8.064574e-01	
1  508.494	2.243209e+00	1.190304e-01	1.041321e+00	3.040308e+00	9.708014e-01	5.143064e-02	1.004497e+00	7.366135e+00	6.889546e-01	2.478661e-01	6.760061e+01	2.091168e+00	8.064574e-01	
6  506.262	2.243209e+00	1.190304e-01	1.041321e+00	3.040308e+00	9.708014e-01	5.143064e-02	1.002854e+00	7.366135e+00	6.889546e-01	2.478661e-01	6.760061e+01	2.091168e+00	8.064574e-01	
10  507.784	2.223294e+00	1.193762e-01	1.041476e+00	3.050195e+00	9.685164e-01	5.462983e-02	1.002854e+00	7.744461e+00	6.863307e-01	2.477811e-01	6.735199e+01	2.111947e+00	8.118733e-01	
2  506.37	2.223294e+00	1.193762e-01	1.041476e+00	3.050195e+00	9.685164e-01	5.462983e-02	1.005268e+00	7.744461e+00	6.863307e-01	2.477811e-01	6.735199e+01	2.111947e+00	8.118733e-01	
12  505.97	2.223294e+00	1.193762e-01	1.041476e+00	3.050195e+00	9.685164e-01	5.462983e-02	1.004976e+00	7.744461e+00	6.863307e-01	2.477811e-01	6.735199e+01	2.111947e+00	8.118733e-01	
13  506.497	2.223294e+00	1.193762e-01	1.041476e+00	3.050195e+00	9.685164e-01	5.462983e-02	1.005344e+00	7.744461e+00	6.863307e-01	2.477811e-01	6.735199e+01	2.111947e+00	8.118733e-01	
29  505.721	2.223294e+00	1.193762e-01	1.041476e+00	3.050195e+00	9.685164e-01	5.462983e-02	1.004079e+00	7.744461e+00	6.863307e-01	2.477811e-01	6.735199e+01	2.111947e+00	8.118733e-01	
5  505.197	2.224094e+00	1.210104e-01	1.041705e+00	3.042557e+00	9.673576e-01	5.013259e-02	1.004079e+00	7.301559e+00	6.780350e-01	2.477845e-01	6.686116e+01	2.095878e+00	8.140015e-01	
1  504.978	2.224094e+00	1.210104e-01	1.041705e+00	3.042557e+00	9.673576e-01	5.013259e-02	1.002129e+00	7.301559e+00	6.780350e-01	2.477845e-01	6.686116e+01	2.095878e+00	8.140015e-01	
13  504.318	2.224094e+00	1.210104e-01	1.041705e+00	3.042557e+00	9.673576e-01	5.013259e-02	1.003369e+00	7.301559e+00	6.780350e-01	2.477845e-01	6.686116e+01	2.095878e+00	8.140015e-01	
2  504.246	2.224094e+00	1.210104e-01	1.041705e+00	3.042557e+00	9.673576e-01	5.013259e-02	1.002892e+00	7.301559e+00	6.780350e-01	2.477845e-01	6.686116e+01	2.095878e+00	8.140015e-01	
8  504.536	2.224094e+00	1.210104e-01	1.041705e+00	3.042557e+00	9.673576e-01	5.013259e-02	1.002456e+00	7.301559e+00	6.780350e-01	2.477845e-01	6.686116e+01	2.095878e+00	8.140015e-01	
11  504.005	2.232630e+00	1.212341e-01	1.041547e+00	3.043819e+00	9.639107e-01	5.179782e-02	1.002456e+00	7.460892e+00	6.768177e-01	2.478210e-01	6.680672e+01	2.098523e+00	8.137045e-01	
8  503.789	2.232630e+00	1.212341e-01	1.041547e+00	3.043819e+00	9.639107e-01	5.179782e-02	1.000436e+00	7.460892e+00	6.768177e-01	2.478210e-01	6.680672e+01	2.098523e+00	8.137045e-01	
10  503.101	2.219645e+00	1.206295e-01	1.041775e+00	3.056287e+00	9.642357e-01	6.017689e-02	1.000436e+00	8.334061e+00	6.801043e-01	2.477654e-01	6.697788e+01	2.124851e+00	8.176395e-01	
1  503.16	2.219645e+00	1.206295e-01	1.041775e+00	3.056287e+00	9.642357e-01	6.017689e-02	1.000076e+00	8.334061e+00	6.801043e-01	2.477654e-01	6.697788e+01	2.124851e+00	8.176395e-01	
11  503.133	2.219645e+00	1.206295e-01	1.041775e+00	3.056287e+00	9.642357e-01	6.017689e-02	1.000139e+00	8.334061e+00	6.801043e-01	2.477654e-01	6.697788e+01	2.124851e+00	8.176395e-01	
2  503.747	2.219645e+00	1.206295e-01	1.041775e+00	3.056287e+00	9.642357e-01	6.017689e-02	1.001186e+00	8.334061e+00	6.801043e-01	2.477654e-01	6.697788e+01	2.124851e+00	8.176395e-01	
13  504.305	2.219645e+00	1.206295e-01	1.041775e+00	3.056287e+00	9.642357e-01	6.017689e-02	1.001497e+00	8.334061e+00	6.801043e-01	2.477654e-01	6.697788e+01	2.124851e+00	8.176395e-01	
6  505.248	2.219645e+00	1.206295e-01	1.041775e+00	3.056287e+00	9.642357e-01	6.017689e-02	1.001878e+00	8.334061e+00	6.801043e-01	2.477654e-01	6.697788e+01	2.124851e+00	8.176395e-01	
9  504.797	2.219645e+00	1.206295e-01	1.041775e+00	3.056287e+00	9.642357e-01	6.017689e-02	9.989783e-01	8.334061e+00	6.801043e-01	2.477654e-01	6.697788e+01	2.124851e+00	8.176395e-01	
23  503.164	2.219645e+00	1.206295e-01	1.041775e+00	3.056287e+00	9.642357e-01	6.017689e-02	1.000620e+00	8.334061e+00	6.801043e-01	2.477654e-01	6.697788e+01	2.124851e+00	8.176395e-01	
12  503.1	2.219645e+00	1.206295e-01	1.041775e+00	3.056287e+00	9.642357e-01	6.017689e-02	1.000280e+00	8.334061e+00	6.801043e-01	2.477654e-01	6.697788e+01	2.124851e+00	8.176395e-01	
13  503.387	2.219645e+00	1.206295e-01	1.041775e+00	3.056287e+00	9.642357e-01	6.017689e-02	9.997780e-01	8.334061e+00	6.801043e-01	2.477654e-01	6.697788e+01	2.124851e+00	8.176395e-01	
1  503.136	2.219645e+00	1.206295e-01	1.041775e+00	3.056287e+00	9.642357e-01	6.017689e-02	1.000133e+00	8.334061e+00	6.801043e-01	2.477654e-01	6.697788e+01	2.124851e+00	8.176395e-01	
19  503.209	2.219645e+00	1.206295e-01	1.041775e+00	3.056287e+00	9.642357e-01	6.017689e-02	1.000696e+00	8.334061e+00	6.801043e-01	2.477654e-01	6.697788e+01	2.124851e+00	8.176395e-01	
27  503.221	2.219645e+00	1.206295e-01	1.041775e+00	3.056287e+00	9.642357e-01	6.017689e-02	1.000714e+00	8.334061e+00	6.801043e-01	2.477654e-01	6.697788e+01	2.124851e+00	8.176395e-01	
1  503.115	2.219645e+00	1.206295e-01	1.041775e+00	3.056287e+00	9.642357e-01	6.017689e-02	1.000198e+00	8.334061e+00	6.801043e-01	2.477654e-01	6.697788e+01	2.124851e+00	8.176395e-01	
5  503.115	2.219645e+00	1.206295e-01	1.041775e+00	3.056287e+00	9.642357e-01	6.017689e-02	1.000200e+00	8.334061e+00	6.801043e-01	2.477654e-01	6.697788e+01	2.124851e+00	8.176395e-01	
13  503.259	2.219645e+00	1.206295e-01	1.041775e+00	3.056287e+00	9.642357e-01	6.017689e-02	9.999169e-01	8.334061e+00	6.801043e-01	2.477654e-01	6.697788e+01	2.124851e+00	8.176395e-01	
6  504.259	2.219645e+00	1.206295e-01	1.041775e+00	3.056287e+00	9.642357e-01	6.017689e-02	9.992143e-01	8.334061e+00	6.801043e-01	2.477654e-01	6.697788e+01	2.124851e+00	8.176395e-01	
10  504.347	2.233313e+00	1.201369e-01	1.042008e+00	3.034126e+00	9.617578e-01	5.134244e-02	9.992143e-01	7.395615e+00	6.844184e-01	2.478239e-01	6.735042e+01	2.078281e+00	8.059405e-01	
2  504.054	2.233313e+00	1.201369e-01	1.042008e+00	3.034126e+00	9.617578e-01	5.134244e-02	9.990409e-01	7.395615e+00	6.844184e-01	2.478239e-01	6.735042e+01	2.078281e+00	8.059405e-01	
3  503.564	2.233313e+00	1.201369e-01	1.042008e+00	3.034126e+00	9.617578e-01	5.134244e-02	9.985893e-01	7.395615e+00	6.844184e-01	2.478239e-01	6.735042e+01	2.078281e+00	8.059405e-01	
11  504.187	2.233313e+00	1.201369e-01	1.042008e+00	3.034126e+00	9.617578e-01	5.134244e-02	9.991235e-01	7.395615e+00	6.844184e-01	2.478239e-01	6.735042e+01	2.078281e+00	8.059405e-01	
1  505.031	2.233313e+00	1.201369e-01	1.042008e+00	3.034126e+00	9.617578e-01	5.134244e-02	9.968754e-01	7.395615e+00	6.844184e-01	2.478239e-01	6.735042e+01	2.078281e+00	8.059405e-01	
4  507.527	2.233313e+00	1.201369e-01	1.042008e+00	3.034126e+00	9.617578e-01	5.134244e-02	9.960899e-01	7.395615e+00	6.844184e-01	2.478239e-01	6.735042e+01	2.078281e+00	8.059405e-01	
7  503.69	2.233313e+00	1.201369e-01	1.042008e+00	3.034126e+00	9.617578e-01	5.134244e-02	9.976632e-01	7.395615e+00	6.844184e-01	2.478239e-01	6.735042e+01	2.078281e+00	8.059405e-01	
1  503.421	2.233313e+00	1.201369e-01	1.042008e+00	3.034126e+00	9.617578e-01	5.134244e-02	9.982128e-01	7.395615e+00	6.844184e-01	2.478239e-01	6.735042e+01	2.078281e+00	8.059405e-01	
6  504.446	2.233313e+00	1.201369e-01	1.042008e+00	3.034126e+00	9.617578e-01	5.134244e-02	9.971429e-01	7.395615e+00	6.844184e-01	2.478239e-01	6.735042e+01	2.078281e+00	8.059405e-01	
9  503.673	2.233313e+00	1.201369e-01	1.042008e+00	3.034126e+00	9.617578e-01	5.134244e-02	9.976807e-01	7.395615e+00	6.844184e-01	2.478239e-01	6.735042e+01	2.078281e+00	8.059405e-01	
4  503.481	2.233313e+00	1.201369e-01	1.042008e+00	3.034126e+00	9.617578e-01	5.134244e-02	9.984453e-01	7.395615e+00	6.844184e-01	2.478239e-01	6.735042e+01	2.078281e+00	8.059405e-01	
3  504.697	2.233313e+00	1.201369e-01	1.042008e+00	3.034126e+00	9.617578e-01	5.134244e-02	9.970226e-01	7.395615e+00	6.844184e-01	2.478239e-01	6.735042e+01	2.078281e+00	8.059405e-01	
9  504.664	2.233313e+00	1.201369e-01	1.042008e+00	3.034126e+00	9.617578e-01	5.134244e-02	9.970377e-01	7.395615e+00	6.844184e-01	2.478239e-01	6.735042e+01	2.078281e+00	8.059405e-01	
23  503.482	2.233313e+00	1.201369e-01	1.042008e+00	3.034126e+00	9.617578e-01	5.134244e-02	9.979426e-01	7.395615e+00	6.844184e-01	2.478239e-01	6.735042e+01	2.078281e+00	8.059405e-01	
35  503.629	2.233313e+00	1.201369e-01	1.042008e+00	3.034126e+00	9.617578e-01	5.134244e-02	9.977294e-01	7.395615e+00	6.844184e-01	2.478239e-01	6.735042e+01	2.078281e+00	8.059405e-01	
7  503.216	2.231561e+00	1.198942e-01	1.041746e+00	3.035605e+00	9.631173e-01	5.307195e-02	9.977294e-01	7.574600e+00	6.848269e-01	2.478164e-01	6.733278e+01	2.081357e+00	8.059749e-01	
16  503.513	2.231561e+00	1.198942e-01	1.041746e+00	3.035605e+00	9.631173e-01	5.307195e-02	9.984132e-01	7.574600e+00	6.848269e-01	2.478164e-01	6.733278e+01	2.081357e+00	8.059749e-01	
17  504.592	2.231561e+00	1.198942e-01	1.041746e+00	3.035605e+00	9.631173e-01	5.307195e-02	9.965862e-01	7.574600e+00	6.848269e-01	2.478164e-01	6.733278e+01	2.081357e+00	8.059749e-01	
16  503.992	2.231561e+00	1.198942e-01	1.041746e+00	3.035605e+00	9.631173e-01	5.307195e-02	9.968864e-01	7.574600e+00	6.848269e-01	2.478164e-01	6.733278e+01	2.081357e+00	8.059749e-01	
6  503.255	2.231561e+00	1.198942e-01	1.041746e+00	3.035605e+00	9.631173e-01	5.307195e-02	9.975936e-01	7.574600e+00	6.848269e-01	2.478164e-01	6.733278e+01	2.081357e+00	8.059749e-01	
15  503.872	2.231561e+00	1.198942e-01	1.041746e+00	3.035605e+00	9.631173e-01	5.307195e-02	9.986808e-01	7.574600e+00	6.848269e-01	2.478164e-01	6.733278e+01	2.081357e+00	8.059749e-01	
10  503.502	2.231561e+00	1.198942e-01	1.041746e+00	3.035605e+00	9.631173e-01	5.307195e-02	9.984030e-01	7.574600e+00	6.848269e-01	2.478164e-01	6.733278e+01	2.081357e+00	8.059749e-01	
3  503.523	2.231561e+00	1.198942e-01	1.041746e+00	3.035605e+00	9.631173e-01	5.307195e-02	9.972224e-01	7.574600e+00	6.848269e-01	2.478164e-01	6.733278e+01	2.081357e+00	8.059749e-01	
2  503.21	2.231561e+00	1.198942e-01	1.041746e+00	3.035605e+00	9.631173e-01	5.307195e-02	9.977801e-01	7.574600e+00	6.848269e-01	2.478164e-01	6.733278e+01	2.081357e+00	8.059749e-01	
10  503.486	2.231561e+00	1.198942e-01	1.041746e+00	3.035605e+00	9.631173e-01	5.307195e-02	9.972577e-01	7.574600e+00	6.848269e-01	2.478164e-01	6.733278e+01	2.081357e+00	8.059749e-01	
2  503.248	2.231561e+00	1.198942e-01	1.041746e+00	3.035605e+00	9.631173e-01	5.307195e-02	9.976097e-01	7.574600e+00	6.848269e-01	2.478164e-01	6.733278e+01	2.081357e+00	8.059749e-01	
1  503.507	2.231561e+00	1.198942e-01	1.041746e+00	3.035605e+00	9.631173e-01	5.307195e-02	9.972371e-01	7.574600e+00	6.848269e-01	2.478164e-01	6.733278e+01	2.081357e+00	8.059749e-01	
1  503.389	2.231561e+00	1.198942e-01	1.041746e+00	3.035605e+00	9.631173e-01	5.307195e-02	9.973649e-01	7.574600e+00	6.848269e-01	2.478164e-01	6.733278e+01	2.081357e+00	8.059749e-01	
4  503.564	2.231561e+00	1.198942e-01	1.041746e+00	3.035605e+00	9.631173e-01	5.307195e-02	9.971859e-01	7.574600e+00	6.848269e-01	2.478164e-01	6.733278e+01	2.081357e+00	8.059749e-01	
15  503.212	2.231561e+00	1.198942e-01	1.041746e+00	3.035605e+00	9.631173e-01	5.307195e-02	9.979179e-01	7.574600e+00	6.848269e-01	2.478164e-01	6.733278e+01	2.081357e+00	8.059749e-01	
1  503.493	2.231561e+00	1.198942e-01	1.041746e+00	3.035605e+00	9.631173e-01	5.307195e-02	9.983944e-01	7.574600e+00	6.848269e-01	2.478164e-01	6.733278e+01	2.081357e+00	8.059749e-01	
11  503.216	2.231561e+00	1.198942e-01	1.041746e+00	3.035605e+00	9.631173e-01	5.307195e-02	9.977251e-01	7.574600e+00	6.848269e-01	2.478164e-01	6.733278e+01	2.081357e+00	8.059749e-01	
2  503.317	2.231561e+00	1.198942e-01	1.041746e+00	3.035605e+00	9.631173e-01	5.307195e-02	9.974637e-01	7.574600e+00	6.848269e-01	2.478164e-01	6.733278e+01	2.081357e+00	8.059749e-01	
1  504.979	2.231561e+00	1.198942e-01	1.041746e+00	3.035605e+00	9.631173e-01	5.307195e-02	9.992165e-01	7.574600e+00	6.848269e-01	2.478164e-01	6.733278e+01	2.081357e+00	8.059749e-01	
10  504.443	2.231561e+00	1.198942e-01	1.041746e+00	3.035605e+00	9.631173e-01	5.307195e-02	9.989881e-01	7.574600e+00	6.848269e-01	2.478164e-01	6.733278e+01	2.081357e+00	8.059749e-01	
16  505.907	2.231561e+00	1.198942e-01	1.041746e+00	3.035605e+00	9.631173e-01	5.307195e-02	9.960997e-01	7.574600e+00	6.848269e-01	2.478164e-01	6.733278e+01	2.081357e+00	8.059749e-01	
1  508.12	2.231561e+00	1.198942e-01	1.041746e+00	3.035605e+00	9.631173e-01	5.307195e-02	1.000146e+00	7.574600e+00	6.848269e-01	2.478164e-01	6.733278e+01	2.081357e+00	8.059749e-01	
7  504.054	2.231561e+00	1.198942e-01	1.041746e+00	3.035605e+00	9.631173e-01	5.307195e-02	9.987892e-01	7.574600e+00	6.848269e-01	2.478164e-01	6.733278e+01	2.081357e+00	8.059749e-01	
27  503.429	2.231561e+00	1.198942e-01	1.041746e+00	3.035605e+00	9.631173e-01	5.307195e-02	9.983274e-01	7.574600e+00	6.848269e-01	2.478164e-01	6.733278e+01	2.081357e+00	8.059749e-01	
2  503.503	2.231561e+00	1.198942e-01	1.041746e+00	3.035605e+00	9.631173e-01	5.307195e-02	9.984040e-01	7.574600e+00	6.848269e-01	2.478164e-01	6.733278e+01	2.081357e+00	8.059749e-01	
3  503.759	2.231561e+00	1.198942e-01	1.041746e+00	3.035605e+00	9.631173e-01	5.307195e-02	9.986038e-01	7.574600e+00	6.848269e-01	2.478164e-01	6.733278e+01	2.081357e+00	8.059749e-01	
8  503.281	2.231561e+00	1.198942e-01	1.041746e+00	3.035605e+00	9.631173e-01	5.307195e-02	9.975249e-01	7.574600e+00	6.848269e-01	2.478164e-01	6.733278e+01	2.081357e+00	8.059749e-01	
15  505.291	2.231561e+00	1.198942e-01	1.041746e+00	3.035605e+00	9.631173e-01	5.307195e-02	9.963073e-01	7.574600e+00	6.848269e-01	2.478164e-01	6.733278e+01	2.081357e+00	8.059749e-01	
2  505.298	2.239306e+00	1.201586e-01	1.041805e+00	3.028481e+00	9.609556e-01	4.915782e-02	9.963073e-01	7.154160e+00	6.840334e-01	2.478495e-01	6.732857e+01	2.066582e+00	8.030759e-01	
23  504.337	2.239306e+00	1.201586e-01	1.041805e+00	3.028481e+00	9.609556e-01	4.915782e-02	9.979394e-01	7.154160e+00	6.840334e-01	2.478495e-01	6.732857e+01	2.066582e+00	8.030759e-01	
12  504.234	2.239306e+00	1.201586e-01	1.041805e+00	3.028481e+00	9.609556e-01	4.915782e-02	9.978075e-01	7.154160e+00	6.840334e-01	2.478495e-01	6.732857e+01	2.066582e+00	8.030759e-01	
3  505.081	2.239306e+00	1.201586e-01	1.041805e+00	3.028481e+00	9.609556e-01	4.915782e-02	9.984783e-01	7.154160e+00	6.840334e-01	2.478495e-01	6.732857e+01	2.066582e+00	8.030759e-01	
9  507.122	2.239306e+00	1.201586e-01	1.041805e+00	3.028481e+00	9.609556e-01	4.915782e-02	9.992654e-01	7.154160e+00	6.840334e-01	2.478495e-01	6.732857e+01	2.066582e+00	8.030759e-01	
17  504.12	2.239306e+00	1.201586e-01	1.041805e+00	3.028481e+00	9.609556e-01	4.915782e-02	9.973787e-01	7.154160e+00	6.840334e-01	2.478495e-01	6.732857e+01	2.066582e+00	8.030759e-01	
5  504.744	2.239306e+00	1.201586e-01	1.041805e+00	3.028481e+00	9.609556e-01	4.915782e-02	9.982776e-01	7.154160e+00	6.840334e-01	2.478495e-01	6.732857e+01	2.066582e+00	8.030759e-01	
10  504.13	2.239306e+00	1.201586e-01	1.041805e+00	3.028481e+00	9.609556e-01	4.915782e-02	9.973213e-01	7.154160e+00	6.840334e-01	2.478495e-01	6.732857e+01	2.066582e+00	8.030759e-01	
1  505.193	2.239306e+00	1.201586e-01	1.041805e+00	3.028481e+00	9.609556e-01	4.915782e-02	9.985362e-01	7.154160e+00	6.840334e-01	2.478495e-01	6.732857e+01	2.066582e+00	8.030759e-01	
4  504.897	2.239306e+00	1.201586e-01	1.041805e+00	3.028481e+00	9.609556e-01	4.915782e-02	9.965174e-01	7.154160e+00	6.840334e-01	2.478495e-01	6.732857e+01	2.066582e+00	8.030759e-01	
28  504.169	2.239306e+00	1.201586e-01	1.041805e+00	3.028481e+00	9.609556e-01	4.915782e-02	9.972050e-01	7.154160e+00	6.840334e-01	2.478495e-01	6.732857e+01	2.066582e+00	8.030759e-01	
7  505.594	2.239306e+00	1.201586e-01	1.041805e+00	3.028481e+00	9.609556e-01	4.915782e-02	9.987231e-01	7.154160e+00	6.840334e-01	2.478495e-01	6.732857e+01	2.066582e+00	8.030759e-01	
11  505.247	2.239306e+00	1.201586e-01	1.041805e+00	3.028481e+00	9.609556e-01	4.915782e-02	9.963319e-01	7.154160e+00	6.840334e-01	2.478495e-01	6.732857e+01	2.066582e+00	8.030759e-01	
14  504.23	2.239306e+00	1.201586e-01	1.041805e+00	3.028481e+00	9.609556e-01	4.915782e-02	9.970951e-01	7.154160e+00	6.840334e-01	2.478495e-01	6.732857e+01	2.066582e+00	8.030759e-01	
1  504.925	2.239306e+00	1.201586e-01	1.041805e+00	3.028481e+00	9.609556e-01	4.915782e-02	9.965014e-01	7.154160e+00	6.840334e-01	2.478495e-01	6.732857e+01	2.066582e+00	8.030759e-01	
19  504.249	2.239306e+00	1.201586e-01	1.041805e+00	3.028481e+00	9.609556e-01	4.915782e-02	9.978298e-01	7.154160e+00	6.840334e-01	2.478495e-01	6.732857e+01	2.066582e+00	8.030759e-01	
31  504.117	2.239306e+00	1.201586e-01	1.041805e+00	3.028481e+00	9.609556e-01	4.915782e-02	9.974682e-01	7.154160e+00	6.840334e-01	2.478495e-01	6.732857e+01	2.066582e+00	8.030759e-01	
5  504.144	2.239306e+00	1.201586e-01	1.041805e+00	3.028481e+00	9.609556e-01	4.915782e-02	9.972711e-01	7.154160e+00	6.840334e-01	2.478495e-01	6.732857e+01	2.066582e+00	8.030759e-01	
27  506.821	2.239306e+00	1.201586e-01	1.041805e+00	3.028481e+00	9.609556e-01	4.915782e-02	9.991722e-01	7.154160e+00	6.840334e-01	2.478495e-01	6.732857e+01	2.066582e+00	8.030759e-01	
1  506.639	2.239306e+00	1.201586e-01	1.041805e+00	3.028481e+00	9.609556e-01	4.915782e-02	9.957897e-01	7.154160e+00	6.840334e-01	2.478495e-01	6.732857e+01	2.066582e+00	8.030759e-01	
1  505.816	2.239306e+00	1.201586e-01	1.041805e+00	3.028481e+00	9.609556e-01	4.915782e-02	9.960834e-01	7.154160e+00	6.840334e-01	2.478495e-01	6.732857e+01	2.066582e+00	8.030759e-01	
7  504.237	2.239306e+00	1.201586e-01	1.041805e+00	3.028481e+00	9.609556e-01	4.915782e-02	9.970839e-01	7.154160e+00	6.840334e-01	2.478495e-01	6.732857e+01	2.066582e+00	8.030759e-01	
17  505.979	2.235375e+00	1.199776e-01	1.042073e+00	3.024653e+00	9.595245e-01	4.788736e-02	9.970839e-01	7.025711e+00	6.856238e-01	2.478327e-01	6.744673e+01	2.058687e+00	8.009156e-01	
19  505.677	2.237579e+00	1.201103e-01	1.042443e+00	3.024911e+00	9.661016e-01	4.789869e-02	9.970839e-01	7.025009e+00	6.861860e-01	2.478421e-01	6.754364e+01	2.059217e+00	8.036877e-01	
17  506.095	2.237579e+00	1.201103e-01	1.042443e+00	3.024911e+00	9.661016e-01	4.789869e-02	9.965939e-01	7.025009e+00	6.861860e-01	2.478421e-01	6.754364e+01	2.059217e+00	8.036877e-01	
3  505.912	2.237579e+00	1.201103e-01	1.042443e+00	3.024911e+00	9.661016e-01	4.789869e-02	9.978726e-01	7.025009e+00	6.861860e-01	2.478421e-01	6.754364e+01	2.059217e+00	8.036877e-01	
3  506.058	2.237579e+00	1.201103e-01	1.042443e+00	3.024911e+00	9.661016e-01	4.789869e-02	9.966231e-01	7.025009e+00	6.861860e-01	2.478421e-01	6.754364e+01	2.059217e+00	8.036877e-01	
8  506.186	2.237579e+00	1.201103e-01	1.042443e+00	3.024911e+00	9.661016e-01	4.789869e-02	9.980946e-01	7.025009e+00	6.861860e-01	2.478421e-01	6.754364e+01	2.059217e+00	8.036877e-01	
4  505.992	2.237579e+00	1.201103e-01	1.042443e+00	3.024911e+00	9.661016e-01	4.789869e-02	9.966785e-01	7.025009e+00	6.861860e-01	2.478421e-01	6.754364e+01	2.059217e+00	8.036877e-01	
3  507.91	2.237579e+00	1.201103e-01	1.042443e+00	3.024911e+00	9.661016e-01	4.789869e-02	9.988870e-01	7.025009e+00	6.861860e-01	2.478421e-01	6.754364e+01	2.059217e+00	8.036877e-01	
1  506.338	2.237579e+00	1.201103e-01	1.042443e+00	3.024911e+00	9.661016e-01	4.789869e-02	9.964258e-01	7.025009e+00	6.861860e-01	2.478421e-01	6.754364e+01	2.059217e+00	8.036877e-01	
9  506.544	2.237579e+00	1.201103e-01	1.042443e+00	3.024911e+00	9.661016e-01	4.789869e-02	9.963068e-01	7.025009e+00	6.861860e-01	2.478421e-01	6.754364e+01	2.059217e+00	8.036877e-01	
5  505.894	2.237579e+00	1.201103e-01	1.042443e+00	3.024911e+00	9.661016e-01	4.789869e-02	9.978547e-01	7.025009e+00	6.861860e-01	2.478421e-01	6.754364e+01	2.059217e+00	8.036877e-01	
44  505.632	2.237579e+00	1.201103e-01	1.042443e+00	3.024911e+00	9.661016e-01	4.789869e-02	9.973884e-01	7.025009e+00	6.861860e-01	2.478421e-01	6.754364e+01	2.059217e+00	8.036877e-01	
11  505.735	2.237579e+00	1.201103e-01	1.042443e+00	3.024911e+00	9.661016e-01	4.789869e-02	9.976634e-01	7.025009e+00	6.861860e-01	2.478421e-01	6.754364e+01	2.059217e+00	8.036877e-01	
26  505.712	2.244368e+00	1.181924e-01	1.042269e+00	3.025309e+00	9.727116e-01	5.075752e-02	9.976634e-01	7.282608e+00	6.964302e-01	2.478710e-01	6.822868e+01	2.060037e+00	7.989788e-01	
14  505.733	2.244368e+00	1.181924e-01	1.042269e+00	3.025309e+00	9.727116e-01	5.075752e-02	9.977076e-01	7.282608e+00	6.964302e-01	2.478710e-01	6.822868e+01	2.060037e+00	7.989788e-01	
2  506.01	2.244368e+00	1.181924e-01	1.042269e+00	3.025309e+00	9.727116e-01	5.075752e-02	9.967970e-01	7.282608e+00	6.964302e-01	2.478710e-01	6.822868e+01	2.060037e+00	7.989788e-01	
33  505.655	2.244368e+00	1.181924e-01	1.042269e+00	3.025309e+00	9.727116e-01	5.075752e-02	9.973993e-01	7.282608e+00	6.964302e-01	2.478710e-01	6.822868e+01	2.060037e+00	7.989788e-01	
8  507.068	2.244368e+00	1.181924e-01	1.042269e+00	3.025309e+00	9.727116e-01	5.075752e-02	9.961884e-01	7.282608e+00	6.964302e-01	2.478710e-01	6.822868e+01	2.060037e+00	7.989788e-01	
9  505.69	2.244368e+00	1.181924e-01	1.042269e+00	3.025309e+00	9.727116e-01	5.075752e-02	9.972266e-01	7.282608e+00	6.964302e-01	2.478710e-01	6.822868e+01	2.060037e+00	7.989788e-01	
8  506.255	2.244368e+00	1.181924e-01	1.042269e+00	3.025309e+00	9.727116e-01	5.075752e-02	9.966164e-01	7.282608e+00	6.964302e-01	2.478710e-01	6.822868e+01	2.060037e+00	7.989788e-01	
15  506.662	2.244368e+00	1.181924e-01	1.042269e+00	3.025309e+00	9.727116e-01	5.075752e-02	9.984615e-01	7.282608e+00	6.964302e-01	2.478710e-01	6.822868e+01	2.060037e+00	7.989788e-01	
2  505.657	2.244368e+00	1.181924e-01	1.042269e+00	3.025309e+00	9.727116e-01	5.075752e-02	9.974691e-01	7.282608e+00	6.964302e-01	2.478710e-01	6.822868e+01	2.060037e+00	7.989788e-01	
19  505.803	2.244368e+00	1.181924e-01	1.042269e+00	3.025309e+00	9.727116e-01	5.075752e-02	9.978170e-01	7.282608e+00	6.964302e-01	2.478710e-01	6.822868e+01	2.060037e+00	7.989788e-01	
4  507.237	2.244368e+00	1.181924e-01	1.042269e+00	3.025309e+00	9.727116e-01	5.075752e-02	9.987242e-01	7.282608e+00	6.964302e-01	2.478710e-01	6.822868e+01	2.060037e+00	7.989788e-01	
8  507.323	2.244368e+00	1.181924e-01	1.042269e+00	3.025309e+00	9.727116e-01	5.075752e-02	9.987600e-01	7.282608e+00	6.964302e-01	2.478710e-01	6.822868e+01	2.060037e+00	7.989788e-01	
1  506.878	2.244368e+00	1.181924e-01	1.042269e+00	3.025309e+00	9.727116e-01	5.075752e-02	9.985641e-01	7.282608e+00	6.964302e-01	2.478710e-01	6.822868e+01	2.060037e+00	7.989788e-01	
2  505.759	2.244368e+00	1.181924e-01	1.042269e+00	3.025309e+00	9.727116e-01	5.075752e-02	9.970832e-01	7.282608e+00	6.964302e-01	2.478710e-01	6.822868e+01	2.060037e+00	7.989788e-01	
2  505.691	2.244368e+00	1.181924e-01	1.042269e+00	3.025309e+00	9.727116e-01	5.075752e-02	9.976147e-01	7.282608e+00	6.964302e-01	2.478710e-01	6.822868e+01	2.060037e+00	7.989788e-01	
2  505.702	2.244368e+00	1.181924e-01	1.042269e+00	3.025309e+00	9.727116e-01	5.075752e-02	9.971951e-01	7.282608e+00	6.964302e-01	2.478710e-01	6.822868e+01	2.060037e+00	7.989788e-01	
25  505.894	2.244368e+00	1.181924e-01	1.042269e+00	3.025309e+00	9.727116e-01	5.075752e-02	9.979199e-01	7.282608e+00	6.964302e-01	2.478710e-01	6.822868e+01	2.060037e+00	7.989788e-01	
23  505.655	2.244368e+00	1.181924e-01	1.042269e+00	3.025309e+00	9.727116e-01	5.075752e-02	9.974131e-01	7.282608e+00	6.964302e-01	2.478710e-01	6.822868e+01	2.060037e+00	7.989788e-01	
11  505.677	2.244368e+00	1.181924e-01	1.042269e+00	3.025309e+00	9.727116e-01	5.075752e-02	9.972693e-01	7.282608e+00	6.964302e-01	2.478710e-01	6.822868e+01	2.060037e+00	7.989788e-01	
13  505.665	2.244368e+00	1.181924e-01	1.042269e+00	3.025309e+00	9.727116e-01	5.075752e-02	9.973065e-01	7.282608e+00	6.964302e-01	2.478710e-01	6.822868e+01	2.060037e+00	7.989788e-01	
18  506.277	2.244368e+00	1.181924e-01	1.042269e+00	3.025309e+00	9.727116e-01	5.075752e-02	9.982314e-01	7.282608e+00	6.964302e-01	2.478710e-01	6.822868e+01	2.060037e+00	7.989788e-01	
9  505.757	2.244368e+00	1.181924e-01	1.042269e+00	3.025309e+00	9.727116e-01	5.075752e-02	9.977489e-01	7.282608e+00	6.964302e-01	2.478710e-01	6.822868e+01	2.060037e+00	7.989788e-01	
6  506.05	2.250850e+00	1.179857e-01	1.042446e+00	3.034798e+00	9.686546e-01	5.503297e-02	9.977489e-01	7.703049e+00	6.984341e-01	2.478986e-01	6.842064e+01	2.079678e+00	8.007166e-01	
4  507.34	2.250850e+00	1.179857e-01	1.042446e+00	3.034798e+00	9.686546e-01	5.503297e-02	9.986925e-01	7.703049e+00	6.984341e-01	2.478986e-01	6.842064e+01	2.079678e+00	8.007166e-01	
13  505.975	2.250850e+00	1.179857e-01	1.042446e+00	3.034798e+00	9.686546e-01	5.503297e-02	9.975256e-01	7.703049e+00	6.984341e-01	2.478986e-01	6.842064e+01	2.079678e+00	8.007166e-01	
2  506.694	2.250850e+00	1.179857e-01	1.042446e+00	3.034798e+00	9.686546e-01	5.503297e-02	9.965859e-01	7.703049e+00	6.984341e-01	2.478986e-01	6.842064e+01	2.079678e+00	8.007166e-01	
59  506.023	2.250850e+00	1.179857e-01	1.042446e+00	3.034798e+00	9.686546e-01	5.503297e-02	9.972420e-01	7.703049e+00	6.984341e-01	2.478986e-01	6.842064e+01	2.079678e+00	8.007166e-01	
1  506.858	2.241380e+00	1.190268e-01	1.042443e+00	3.050185e+00	9.684839e-01	6.027896e-02	9.972420e-01	8.265274e+00	6.922968e-01	2.478583e-01	6.796153e+01	2.111926e+00	8.108184e-01	
1  504.758	2.241380e+00	1.190268e-01	1.042443e+00	3.050185e+00	9.684839e-01	6.027896e-02	9.984787e-01	8.265274e+00	6.922968e-01	2.478583e-01	6.796153e+01	2.111926e+00	8.108184e-01	
16  504.824	2.241380e+00	1.190268e-01	1.042443e+00	3.050185e+00	9.684839e-01	6.027896e-02	9.983752e-01	8.265274e+00	6.922968e-01	2.478583e-01	6.796153e+01	2.111926e+00	8.108184e-01	
16  505.375	2.241380e+00	1.190268e-01	1.042443e+00	3.050185e+00	9.684839e-01	6.027896e-02	9.996612e-01	8.265274e+00	6.922968e-01	2.478583e-01	6.796153e+01	2.111926e+00	8.108184e-01	
2  505.881	2.241380e+00	1.190268e-01	1.042443e+00	3.050185e+00	9.684839e-01	6.027896e-02	9.999361e-01	8.265274e+00	6.922968e-01	2.478583e-01	6.796153e+01	2.111926e+00	8.108184e-01	
2  504.797	2.241380e+00	1.190268e-01	1.042443e+00	3.050185e+00	9.684839e-01	6.027896e-02	9.991508e-01	8.265274e+00	6.922968e-01	2.478583e-01	6.796153e+01	2.111926e+00	8.108184e-01	
4  505.103	2.241380e+00	1.190268e-01	1.042443e+00	3.050185e+00	9.684839e-01	6.027896e-02	9.980961e-01	8.265274e+00	6.922968e-01	2.478583e-01	6.796153e+01	2.111926e+00	8.108184e-01	
10  504.702	2.241380e+00	1.190268e-01	1.042443e+00	3.050185e+00	9.684839e-01	6.027896e-02	9.986061e-01	8.265274e+00	6.922968e-01	2.478583e-01	6.796153e+01	2.111926e+00	8.108184e-01	
4  505.719	2.241380e+00	1.190268e-01	1.042443e+00	3.050185e+00	9.684839e-01	6.027896e-02	9.977121e-01	8.265274e+00	6.922968e-01	2.478583e-01	6.796153e+01	2.111926e+00	8.108184e-01	
2  504.742	2.241380e+00	1.190268e-01	1.042443e+00	3.050185e+00	9.684839e-01	6.027896e-02	9.990564e-01	8.265274e+00	6.922968e-01	2.478583e-01	6.796153e+01	2.111926e+00	8.108184e-01	
2  505.588	2.241380e+00	1.190268e-01	1.042443e+00	3.050185e+00	9.684839e-01	6.027896e-02	9.977793e-01	8.265274e+00	6.922968e-01	2.478583e-01	6.796153e+01	2.111926e+00	8.108184e-01	
5  505.437	2.255187e+00	1.180206e-01	1.042308e+00	3.049044e+00	9.678846e-01	6.129178e-02	9.977793e-01	8.313705e+00	6.980904e-01	2.479170e-01	6.840064e+01	2.109517e+00	8.060199e-01	
19  505.419	2.255187e+00	1.180206e-01	1.042308e+00	3.049044e+00	9.678846e-01	6.129178e-02	9.978173e-01	8.313705e+00	6.980904e-01	2.479170e-01	6.840064e+01	2.109517e+00	8.060199e-01	
4  506.26	2.255187e+00	1.180206e-01	1.042308e+00	3.049044e+00	9.678846e-01	6.129178e-02	9.970814e-01	8.313705e+00	6.980904e-01	2.479170e-01	6.840064e+01	2.109517e+00	8.060199e-01	
9  505.842	2.255187e+00	1.180206e-01	1.042308e+00	3.049044e+00	9.678846e-01	6.129178e-02	9.973474e-01	8.313705e+00	6.980904e-01	2.479170e-01	6.840064e+01	2.109517e+00	8.060199e-01	
1  505.432	2.255187e+00	1.180206e-01	1.042308e+00	3.049044e+00	9.678846e-01	6.129178e-02	9.977889e-01	8.313705e+00	6.980904e-01	2.479170e-01	6.840064e+01	2.109517e+00	8.060199e-01	
1  508.855	2.255187e+00	1.180206e-01	1.042308e+00	3.049044e+00	9.678846e-01	6.129178e-02	1.000029e+00	8.313705e+00	6.980904e-01	2.479170e-01	6.840064e+01	2.109517e+00	8.060199e-01	
6  505.415	2.255187e+00	1.180206e-01	1.042308e+00	3.049044e+00	9.678846e-01	6.129178e-02	9.983133e-01	8.313705e+00	6.980904e-01	2.479170e-01	6.840064e+01	2.109517e+00	8.060199e-01	
8  507.005	2.255187e+00	1.180206e-01	1.042308e+00	3.049044e+00	9.678846e-01	6.129178e-02	9.994103e-01	8.313705e+00	6.980904e-01	2.479170e-01	6.840064e+01	2.109517e+00	8.060199e-01	
6  506.26	2.255187e+00	1.180206e-01	1.042308e+00	3.049044e+00	9.678846e-01	6.129178e-02	9.970817e-01	8.313705e+00	6.980904e-01	2.479170e-01	6.840064e+01	2.109517e+00	8.060199e-01	
11  506.31	2.255187e+00	1.180206e-01	1.042308e+00	3.049044e+00	9.678846e-01	6.129178e-02	9.970539e-01	8.313705e+00	6.980904e-01	2.479170e-01	6.840064e+01	2.109517e+00	8.060199e-01	
15  505.611	2.255187e+00	1.180206e-01	1.042308e+00	3.049044e+00	9.678846e-01	6.129178e-02	9.985865e-01	8.313705e+00	6.980904e-01	2.479170e-01	6.840064e+01	2.109517e+00	8.060199e-01	
17  505.889	2.255187e+00	1.180206e-01	1.042308e+00	3.049044e+00	9.678846e-01	6.129178e-02	9.973111e-01	8.313705e+00	6.980904e-01	2.479170e-01	6.840064e+01	2.109517e+00	8.060199e-01	
5  506.14	2.255187e+00	1.180206e-01	1.042308e+00	3.049044e+00	9.678846e-01	6.129178e-02	9.971503e-01	8.313705e+00	6.980904e-01	2.479170e-01	6.840064e+01	2.109517e+00	8.060199e-01	
23  505.679	2.255187e+00	1.180206e-01	1.042308e+00	3.049044e+00	9.678846e-01	6.129178e-02	9.986541e-01	8.313705e+00	6.980904e-01	2.479170e-01	6.840064e+01	2.109517e+00	8.060199e-01	
5  508.332	2.245318e+00	1.189862e-01	1.042365e+00	3.043967e+00	9.640493e-01	5.860717e-02	9.986541e-01	8.089798e+00	6.925134e-01	2.478751e-01	6.798517e+01	2.098834e+00	8.065792e-01	
11  506.271	2.245318e+00	1.189862e-01	1.042365e+00	3.043967e+00	9.640493e-01	5.860717e-02	9.975717e-01	8.089798e+00	6.925134e-01	2.478751e-01	6.798517e+01	2.098834e+00	8.065792e-01	
5  504.579	2.238990e+00	1.202793e-01	1.042066e+00	3.051776e+00	9.610147e-01	6.043764e-02	9.975717e-01	8.307388e+00	6.841693e-01	2.478481e-01	6.737069e+01	2.115289e+00	8.131504e-01	
5  504.604	2.238990e+00	1.202793e-01	1.042066e+00	3.051776e+00	9.610147e-01	6.043764e-02	9.977183e-01	8.307388e+00	6.841693e-01	2.478481e-01	6.737069e+01	2.115289e+00	8.131504e-01	
12  504.729	2.238990e+00	1.202793e-01	1.042066e+00	3.051776e+00	9.610147e-01	6.043764e-02	9.971506e-01	8.307388e+00	6.841693e-01	2.478481e-01	6.737069e+01	2.115289e+00	8.131504e-01	
14  504.779	2.238990e+00	1.202793e-01	1.042066e+00	3.051776e+00	9.610147e-01	6.043764e-02	9.980412e-01	8.307388e+00	6.841693e-01	2.478481e-01	6.737069e+01	2.115289e+00	8.131504e-01	
10  505.208	2.238990e+00	1.202793e-01	1.042066e+00	3.051776e+00	9.610147e-01	6.043764e-02	9.983905e-01	8.307388e+00	6.841693e-01	2.478481e-01	6.737069e+01	2.115289e+00	8.131504e-01	
8  503.887	2.238082e+00	1.201705e-01	1.041903e+00	3.047019e+00	9.642244e-01	5.866932e-02	9.983905e-01	8.131912e+00	6.841994e-01	2.478443e-01	6.734619e+01	2.105249e+00	8.117213e-01	
14  505.043	2.238082e+00	1.201705e-01	1.041903e+00	3.047019e+00	9.642244e-01	5.866932e-02	9.989286e-01	8.131912e+00	6.841994e-01	2.478443e-01	6.734619e+01	2.105249e+00	8.117213e-01	
34  503.386	2.238082e+00	1.201705e-01	1.041903e+00	3.047019e+00	9.642244e-01	5.866932e-02	9.969755e-01	8.131912e+00	6.841994e-01	2.478443e-01	6.734619e+01	2.105249e+00	8.117213e-01	
3  503.305	2.238082e+00	1.201705e-01	1.041903e+00	3.047019e+00	9.642244e-01	5.866932e-02	9.970609e-01	8.131912e+00	6.841994e-01	2.478443e-01	6.734619e+01	2.105249e+00	8.117213e-01	
26  503.161	2.238082e+00	1.201705e-01	1.041903e+00	3.047019e+00	9.642244e-01	5.866932e-02	9.976465e-01	8.131912e+00	6.841994e-01	2.478443e-01	6.734619e+01	2.105249e+00	8.117213e-01	
5  503.523	2.238082e+00	1.201705e-01	1.041903e+00	3.047019e+00	9.642244e-01	5.866932e-02	9.981422e-01	8.131912e+00	6.841994e-01	2.478443e-01	6.734619e+01	2.105249e+00	8.117213e-01	
1  504.313	2.238082e+00	1.201705e-01	1.041903e+00	3.047019e+00	9.642244e-01	5.866932e-02	9.963668e-01	8.131912e+00	6.841994e-01	2.478443e-01	6.734619e+01	2.105249e+00	8.117213e-01	
13  503.189	2.238082e+00	1.201705e-01	1.041903e+00	3.047019e+00	9.642244e-01	5.866932e-02	9.977206e-01	8.131912e+00	6.841994e-01	2.478443e-01	6.734619e+01	2.105249e+00	8.117213e-01	
1  505.408	2.238082e+00	1.201705e-01	1.041903e+00	3.047019e+00	9.642244e-01	5.866932e-02	9.959207e-01	8.131912e+00	6.841994e-01	2.478443e-01	6.734619e+01	2.105249e+00	8.117213e-01	
4  503.568	2.238082e+00	1.201705e-01	1.041903e+00	3.047019e+00	9.642244e-01	5.866932e-02	9.981779e-01	8.131912e+00	6.841994e-01	2.478443e-01	6.734619e+01	2.105249e+00	8.117213e-01	
27  503.455	2.238082e+00	1.201705e-01	1.041903e+00	3.047019e+00	9.642244e-01	5.866932e-02	9.969087e-01	8.131912e+00	6.841994e-01	2.478443e-01	6.734619e+01	2.105249e+00	8.117213e-01	
2  503.916	2.238082e+00	1.201705e-01	1.041903e+00	3.047019e+00	9.642244e-01	5.866932e-02	9.984077e-01	8.131912e+00	6.841994e-01	2.478443e-01	6.734619e+01	2.105249e+00	8.117213e-01	
1  504.556	2.238082e+00	1.201705e-01	1.041903e+00	3.047019e+00	9.642244e-01	5.866932e-02	9.987305e-01	8.131912e+00	6.841994e-01	2.478443e-01	6.734619e+01	2.105249e+00	8.117213e-01	
10  503.505	2.238082e+00	1.201705e-01	1.041903e+00	3.047019e+00	9.642244e-01	5.866932e-02	9.981266e-01	8.131912e+00	6.841994e-01	2.478443e-01	6.734619e+01	2.105249e+00	8.117213e-01	
3  503.284	2.238082e+00	1.201705e-01	1.041903e+00	3.047019e+00	9.642244e-01	5.866932e-02	9.979009e-01	8.131912e+00	6.841994e-01	2.478443e-01	6.734619e+01	2.105249e+00	8.117213e-01	
20  503.374	2.238082e+00	1.201705e-01	1.041903e+00	3.047019e+00	9.642244e-01	5.866932e-02	9.980040e-01	8.131912e+00	6.841994e-01	2.478443e-01	6.734619e+01	2.105249e+00	8.117213e-01	
11  503.167	2.238082e+00	1.201705e-01	1.041903e+00	3.047019e+00	9.642244e-01	5.866932e-02	9.976652e-01	8.131912e+00	6.841994e-01	2.478443e-01	6.734619e+01	2.105249e+00	8.117213e-01	
6  503.153	2.238082e+00	1.201705e-01	1.041903e+00	3.047019e+00	9.642244e-01	5.866932e-02	9.976160e-01	8.131912e+00	6.841994e-01	2.478443e-01	6.734619e+01	2.105249e+00	8.117213e-01	
12  503.213	2.238082e+00	1.201705e-01	1.041903e+00	3.047019e+00	9.642244e-01	5.866932e-02	9.972089e-01	8.131912e+00	6.841994e-01	2.478443e-01	6.734619e+01	2.105249e+00	8.117213e-01	
2  503.144	2.238082e+00	1.201705e-01	1.041903e+00	3.047019e+00	9.642244e-01	5.866932e-02	9.973893e-01	8.131912e+00	6.841994e-01	2.478443e-01	6.734619e+01	2.105249e+00	8.117213e-01	
28  503.136	2.238082e+00	1.201705e-01	1.041903e+00	3.047019e+00	9.642244e-01	5.866932e-02	9.974832e-01	8.131912e+00	6.841994e-01	2.478443e-01	6.734619e+01	2.105249e+00	8.117213e-01	
4  503.503	2.238082e+00	1.201705e-01	1.041903e+00	3.047019e+00	9.642244e-01	5.866932e-02	9.981253e-01	8.131912e+00	6.841994e-01	2.478443e-01	6.734619e+01	2.105249e+00	8.117213e-01	
2  504.234	2.238082e+00	1.201705e-01	1.041903e+00	3.047019e+00	9.642244e-01	5.866932e-02	9.985797e-01	8.131912e+00	6.841994e-01	2.478443e-01	6.734619e+01	2.105249e+00	8.117213e-01	
47  503.164	2.238082e+00	1.201705e-01	1.041903e+00	3.047019e+00	9.642244e-01	5.866932e-02	9.976549e-01	8.131912e+00	6.841994e-01	2.478443e-01	6.734619e+01	2.105249e+00	8.117213e-01	
13  503.931	2.238082e+00	1.201705e-01	1.041903e+00	3.047019e+00	9.642244e-01	5.866932e-02	9.965646e-01	8.131912e+00	6.841994e-01	2.478443e-01	6.734619e+01	2.105249e+00	8.117213e-01	
1  504.594	2.238082e+00	1.201705e-01	1.041903e+00	3.047019e+00	9.642244e-01	5.866932e-02	9.987467e-01	8.131912e+00	6.841994e-01	2.478443e-01	6.734619e+01	2.105249e+00	8.117213e-01	
3  505.884	2.238082e+00	1.201705e-01	1.041903e+00	3.047019e+00	9.642244e-01	5.866932e-02	9.957633e-01	8.131912e+00	6.841994e-01	2.478443e-01	6.734619e+01	2.105249e+00	8.117213e-01	
2  504.444	2.238082e+00	1.201705e-01	1.041903e+00	3.047019e+00	9.642244e-01	5.866932e-02	9.986801e-01	8.131912e+00	6.841994e-01	2.478443e-01	6.734619e+01	2.105249e+00	8.117213e-01	
4  505.842	2.253492e+00	1.195533e-01	1.041845e+00	3.052775e+00	9.654968e-01	6.208486e-02	9.986801e-01	8.421097e+00	6.883432e-01	2.479098e-01	6.768274e+01	2.117402e+00	8.117007e-01	
9  505.767	2.262431e+00	1.191925e-01	1.041689e+00	3.046977e+00	9.667399e-01	5.905170e-02	9.986801e-01	8.096115e+00	6.903629e-01	2.479476e-01	6.783855e+01	2.105160e+00	8.080089e-01	
2  505.379	2.262431e+00	1.191925e-01	1.041689e+00	3.046977e+00	9.667399e-01	5.905170e-02	9.983680e-01	8.096115e+00	6.903629e-01	2.479476e-01	6.783855e+01	2.105160e+00	8.080089e-01	
15  506.411	2.262431e+00	1.191925e-01	1.041689e+00	3.046977e+00	9.667399e-01	5.905170e-02	9.966702e-01	8.096115e+00	6.903629e-01	2.479476e-01	6.783855e+01	2.105160e+00	8.080089e-01	
2  505.533	2.262431e+00	1.191925e-01	1.041689e+00	3.046977e+00	9.667399e-01	5.905170e-02	9.971912e-01	8.096115e+00	6.903629e-01	2.479476e-01	6.783855e+01	2.105160e+00	8.080089e-01	
7  504.607	2.236803e+00	1.193952e-01	1.042319e+00	3.043430e+00	9.656405e-01	5.781905e-02	9.971912e-01	8.037857e+00	6.896493e-01	2.478388e-01	6.774778e+01	2.097707e+00	8.085384e-01	
1  504.6	2.236803e+00	1.193952e-01	1.042319e+00	3.043430e+00	9.656405e-01	5.781905e-02	9.977234e-01	8.037857e+00	6.896493e-01	2.478388e-01	6.774778e+01	2.097707e+00	8.085384e-01	
1  505.549	2.236803e+00	1.193952e-01	1.042319e+00	3.043430e+00	9.656405e-01	5.781905e-02	9.985214e-01	8.037857e+00	6.896493e-01	2.478388e-01	6.774778e+01	2.097707e+00	8.085384e-01	
14  505.844	2.236803e+00	1.193952e-01	1.042319e+00	3.043430e+00	9.656405e-01	5.781905e-02	9.962779e-01	8.037857e+00	6.896493e-01	2.478388e-01	6.774778e+01	2.097707e+00	8.085384e-01	
3  507.351	2.236803e+00	1.193952e-01	1.042319e+00	3.043430e+00	9.656405e-01	5.781905e-02	9.957214e-01	8.037857e+00	6.896493e-01	2.478388e-01	6.774778e+01	2.097707e+00	8.085384e-01	
5  505.425	2.236803e+00	1.193952e-01	1.042319e+00	3.043430e+00	9.656405e-01	5.781905e-02	9.964919e-01	8.037857e+00	6.896493e-01	2.478388e-01	6.774778e+01	2.097707e+00	8.085384e-01	
10  505.681	2.236803e+00	1.193952e-01	1.042319e+00	3.043430e+00	9.656405e-01	5.781905e-02	9.963580e-01	8.037857e+00	6.896493e-01	2.478388e-01	6.774778e+01	2.097707e+00	8.085384e-01	
3  504.634	2.236803e+00	1.193952e-01	1.042319e+00	3.043430e+00	9.656405e-01	5.781905e-02	9.977985e-01	8.037857e+00	6.896493e-01	2.478388e-01	6.774778e+01	2.097707e+00	8.085384e-01	
12  504.538	2.236803e+00	1.193952e-01	1.042319e+00	3.043430e+00	9.656405e-01	5.781905e-02	9.974925e-01	8.037857e+00	6.896493e-01	2.478388e-01	6.774778e+01	2.097707e+00	8.085384e-01	
7  504.538	2.236803e+00	1.193952e-01	1.042319e+00	3.043430e+00	9.656405e-01	5.781905e-02	9.974951e-01	8.037857e+00	6.896493e-01	2.478388e-01	6.774778e+01	2.097707e+00	8.085384e-01	
8  505.333	2.236803e+00	1.193952e-01	1.042319e+00	3.043430e+00	9.656405e-01	5.781905e-02	9.965445e-01	8.037857e+00	6.896493e-01	2.478388e-01	6.774778e+01	2.097707e+00	8.085384e-01	
2  504.827	2.236803e+00	1.193952e-01	1.042319e+00	3.043430e+00	9.656405e-01	5.781905e-02	9.980332e-01	8.037857e+00	6.896493e-01	2.478388e-01	6.774778e+01	2.097707e+00	8.085384e-01	
1  507.27	2.236803e+00	1.193952e-01	1.042319e+00	3.043430e+00	9.656405e-01	5.781905e-02	9.992006e-01	8.037857e+00	6.896493e-01	2.478388e-01	6.774778e+01	2.097707e+00	8.085384e-01	
12  504.987	2.236803e+00	1.193952e-01	1.042319e+00	3.043430e+00	9.656405e-01	5.781905e-02	9.981735e-01	8.037857e+00	6.896493e-01	2.478388e-01	6.774778e+01	2.097707e+00	8.085384e-01	
6  506.473	2.236803e+00	1.193952e-01	1.042319e+00	3.043430e+00	9.656405e-01	5.781905e-02	9.989263e-01	8.037857e+00	6.896493e-01	2.478388e-01	6.774778e+01	2.097707e+00	8.085384e-01	
23  505.205	2.236803e+00	1.193952e-01	1.042319e+00	3.043430e+00	9.656405e-01	5.781905e-02	9.966235e-01	8.037857e+00	6.896493e-01	2.478388e-01	6.774778e+01	2.097707e+00	8.085384e-01	
8  504.387	2.244539e+00	1.191138e-01	1.041975e+00	3.049386e+00	9.655085e-01	6.174244e-02	9.966235e-01	8.401443e+00	6.905902e-01	2.478718e-01	6.780210e+01	2.110239e+00	8.093271e-01	
2  504.558	2.244539e+00	1.191138e-01	1.041975e+00	3.049386e+00	9.655085e-01	6.174244e-02	9.963551e-01	8.401443e+00	6.905902e-01	2.478718e-01	6.780210e+01	2.110239e+00	8.093271e-01	
14  504.993	2.244539e+00	1.191138e-01	1.041975e+00	3.049386e+00	9.655085e-01	6.174244e-02	9.976537e-01	8.401443e+00	6.905902e-01	2.478718e-01	6.780210e+01	2.110239e+00	8.093271e-01	
32  504.352	2.244539e+00	1.191138e-01	1.041975e+00	3.049386e+00	9.655085e-01	6.174244e-02	9.968300e-01	8.401443e+00	6.905902e-01	2.478718e-01	6.780210e+01	2.110239e+00	8.093271e-01	
14  504.632	2.244539e+00	1.191138e-01	1.041975e+00	3.049386e+00	9.655085e-01	6.174244e-02	9.962755e-01	8.401443e+00	6.905902e-01	2.478718e-01	6.780210e+01	2.110239e+00	8.093271e-01	
2  505.322	2.244539e+00	1.191138e-01	1.041975e+00	3.049386e+00	9.655085e-01	6.174244e-02	9.978433e-01	8.401443e+00	6.905902e-01	2.478718e-01	6.780210e+01	2.110239e+00	8.093271e-01	
1  505.879	2.244539e+00	1.191138e-01	1.041975e+00	3.049386e+00	9.655085e-01	6.174244e-02	9.981068e-01	8.401443e+00	6.905902e-01	2.478718e-01	6.780210e+01	2.110239e+00	8.093271e-01	
13  504.486	2.244539e+00	1.191138e-01	1.041975e+00	3.049386e+00	9.655085e-01	6.174244e-02	9.964499e-01	8.401443e+00	6.905902e-01	2.478718e-01	6.780210e+01	2.110239e+00	8.093271e-01	
2  505.023	2.244539e+00	1.191138e-01	1.041975e+00	3.049386e+00	9.655085e-01	6.174244e-02	9.976730e-01	8.401443e+00	6.905902e-01	2.478718e-01	6.780210e+01	2.110239e+00	8.093271e-01	
11  508.082	2.244539e+00	1.191138e-01	1.041975e+00	3.049386e+00	9.655085e-01	6.174244e-02	9.988405e-01	8.401443e+00	6.905902e-01	2.478718e-01	6.780210e+01	2.110239e+00	8.093271e-01	
4  508.073	2.244539e+00	1.191138e-01	1.041975e+00	3.049386e+00	9.655085e-01	6.174244e-02	9.988381e-01	8.401443e+00	6.905902e-01	2.478718e-01	6.780210e+01	2.110239e+00	8.093271e-01	
6  508.499	2.244539e+00	1.191138e-01	1.041975e+00	3.049386e+00	9.655085e-01	6.174244e-02	9.989537e-01	8.401443e+00	6.905902e-01	2.478718e-01	6.780210e+01	2.110239e+00	8.093271e-01	
8  505.748	2.257789e+00	1.182301e-01	1.041640e+00	3.056273e+00	9.660560e-01	6.386951e-02	9.989537e-01	8.558670e+00	6.951260e-01	2.479280e-01	6.812401e+01	2.124822e+00	8.084050e-01	
1  509.435	2.257789e+00	1.182301e-01	1.041640e+00	3.056273e+00	9.660560e-01	6.386951e-02	1.000822e+00	8.558670e+00	6.951260e-01	2.479280e-01	6.812401e+01	2.124822e+00	8.084050e-01	
1  506.382	2.257789e+00	1.182301e-01	1.041640e+00	3.056273e+00	9.660560e-01	6.386951e-02	9.979569e-01	8.558670e+00	6.951260e-01	2.479280e-01	6.812401e+01	2.124822e+00	8.084050e-01	
2  505.733	2.257789e+00	1.182301e-01	1.041640e+00	3.056273e+00	9.660560e-01	6.386951e-02	9.988875e-01	8.558670e+00	6.951260e-01	2.479280e-01	6.812401e+01	2.124822e+00	8.084050e-01	
17  505.758	2.257789e+00	1.182301e-01	1.041640e+00	3.056273e+00	9.660560e-01	6.386951e-02	9.989843e-01	8.558670e+00	6.951260e-01	2.479280e-01	6.812401e+01	2.124822e+00	8.084050e-01	
17  507.495	2.257789e+00	1.182301e-01	1.041640e+00	3.056273e+00	9.660560e-01	6.386951e-02	9.974157e-01	8.558670e+00	6.951260e-01	2.479280e-01	6.812401e+01	2.124822e+00	8.084050e-01	
1  507.396	2.257789e+00	1.182301e-01	1.041640e+00	3.056273e+00	9.660560e-01	6.386951e-02	9.974556e-01	8.558670e+00	6.951260e-01	2.479280e-01	6.812401e+01	2.124822e+00	8.084050e-01	
1  507.262	2.257789e+00	1.182301e-01	1.041640e+00	3.056273e+00	9.660560e-01	6.386951e-02	1.000096e+00	8.558670e+00	6.951260e-01	2.479280e-01	6.812401e+01	2.124822e+00	8.084050e-01	
12  507.82	2.265430e+00	1.188813e-01	1.041601e+00	3.076545e+00	9.642776e-01	7.141888e-02	1.000096e+00	9.263382e+00	6.919572e-01	2.479603e-01	6.794675e+01	2.168335e+00	8.179959e-01	
15  508.477	2.265430e+00	1.188813e-01	1.041601e+00	3.076545e+00	9.642776e-01	7.141888e-02	1.000943e+00	9.263382e+00	6.919572e-01	2.479603e-01	6.794675e+01	2.168335e+00	8.179959e-01	
6  508.443	2.265430e+00	1.188813e-01	1.041601e+00	3.076545e+00	9.642776e-01	7.141888e-02	9.992589e-01	9.263382e+00	6.919572e-01	2.479603e-01	6.794675e+01	2.168335e+00	8.179959e-01	
5  507.646	2.251294e+00	1.197745e-01	1.041997e+00	3.084329e+00	9.722042e-01	7.611953e-02	9.992589e-01	9.752609e+00	6.874731e-01	2.479005e-01	6.763561e+01	2.185280e+00	8.276804e-01	
3  508.214	2.251294e+00	1.197745e-01	1.041997e+00	3.084329e+00	9.722042e-01	7.611953e-02	1.000106e+00	9.752609e+00	6.874731e-01	2.479005e-01	6.763561e+01	2.185280e+00	8.276804e-01	
5  507.994	2.251294e+00	1.197745e-01	1.041997e+00	3.084329e+00	9.722042e-01	7.611953e-02	9.987047e-01	9.752609e+00	6.874731e-01	2.479005e-01	6.763561e+01	2.185280e+00	8.276804e-01	
8  507.699	2.251294e+00	1.197745e-01	1.041997e+00	3.084329e+00	9.722042e-01	7.611953e-02	9.990726e-01	9.752609e+00	6.874731e-01	2.479005e-01	6.763561e+01	2.185280e+00	8.276804e-01	
3  509.037	2.251294e+00	1.197745e-01	1.041997e+00	3.084329e+00	9.722042e-01	7.611953e-02	9.980855e-01	9.752609e+00	6.874731e-01	2.479005e-01	6.763561e+01	2.185280e+00	8.276804e-01	
3  508.279	2.251294e+00	1.197745e-01	1.041997e+00	3.084329e+00	9.722042e-01	7.611953e-02	1.000150e+00	9.752609e+00	6.874731e-01	2.479005e-01	6.763561e+01	2.185280e+00	8.276804e-01	
10  508.53	2.251294e+00	1.197745e-01	1.041997e+00	3.084329e+00	9.722042e-01	7.611953e-02	1.000301e+00	9.752609e+00	6.874731e-01	2.479005e-01	6.763561e+01	2.185280e+00	8.276804e-01	
3  507.711	2.251294e+00	1.197745e-01	1.041997e+00	3.084329e+00	9.722042e-01	7.611953e-02	9.995933e-01	9.752609e+00	6.874731e-01	2.479005e-01	6.763561e+01	2.185280e+00	8.276804e-01	
15  507.641	2.251294e+00	1.197745e-01	1.041997e+00	3.084329e+00	9.722042e-01	7.611953e-02	9.993188e-01	9.752609e+00	6.874731e-01	2.479005e-01	6.763561e+01	2.185280e+00	8.276804e-01	
10  508.34	2.251294e+00	1.197745e-01	1.041997e+00	3.084329e+00	9.722042e-01	7.611953e-02	1.000190e+00	9.752609e+00	6.874731e-01	2.479005e-01	6.763561e+01	2.185280e+00	8.276804e-01	
9  508.308	2.235028e+00	1.204943e-01	1.041941e+00	3.096895e+00	9.610793e-01	7.952990e-02	1.000190e+00	1.012357e+01	6.823449e-01	2.478312e-01	6.721802e+01	2.212913e+00	8.324826e-01	
1  508.654	2.235028e+00	1.204943e-01	1.041941e+00	3.096895e+00	9.610793e-01	7.952990e-02	1.001330e+00	1.012357e+01	6.823449e-01	2.478312e-01	6.721802e+01	2.212913e+00	8.324826e-01	
2  508.542	2.235028e+00	1.204943e-01	1.041941e+00	3.096895e+00	9.610793e-01	7.952990e-02	9.999507e-01	1.012357e+01	6.823449e-01	2.478312e-01	6.721802e+01	2.212913e+00	8.324826e-01	
26  508.376	2.235028e+00	1.204943e-01	1.041941e+00	3.096895e+00	9.610793e-01	7.952990e-02	1.001074e+00	1.012357e+01	6.823449e-01	2.478312e-01	6.721802e+01	2.212913e+00	8.324826e-01	
31  508.906	2.235028e+00	1.204943e-01	1.041941e+00	3.096895e+00	9.610793e-01	7.952990e-02	1.001499e+00	1.012357e+01	6.823449e-01	2.478312e-01	6.721802e+01	2.212913e+00	8.324826e-01	
16  509.623	2.235028e+00	1.204943e-01	1.041941e+00	3.096895e+00	9.610793e-01	7.952990e-02	9.993293e-01	1.012357e+01	6.823449e-01	2.478312e-01	6.721802e+01	2.212913e+00	8.324826e-01	
16  508.176	2.235028e+00	1.204943e-01	1.041941e+00	3.096895e+00	9.610793e-01	7.952990e-02	1.000457e+00	1.012357e+01	6.823449e-01	2.478312e-01	6.721802e+01	2.212913e+00	8.324826e-01	
1  508.613	2.235028e+00	1.204943e-01	1.041941e+00	3.096895e+00	9.610793e-01	7.952990e-02	1.001298e+00	1.012357e+01	6.823449e-01	2.478312e-01	6.721802e+01	2.212913e+00	8.324826e-01	
1  508.251	2.235028e+00	1.204943e-01	1.041941e+00	3.096895e+00	9.610793e-01	7.952990e-02	1.000913e+00	1.012357e+01	6.823449e-01	2.478312e-01	6.721802e+01	2.212913e+00	8.324826e-01	
3  508.987	2.235028e+00	1.204943e-01	1.041941e+00	3.096895e+00	9.610793e-01	7.952990e-02	9.996457e-01	1.012357e+01	6.823449e-01	2.478312e-01	6.721802e+01	2.212913e+00	8.324826e-01	
31  509.179	2.235028e+00	1.204943e-01	1.041941e+00	3.096895e+00	9.610793e-01	7.952990e-02	1.001654e+00	1.012357e+01	6.823449e-01	2.478312e-01	6.721802e+01	2.212913e+00	8.324826e-01	
18  508.485	2.235028e+00	1.204943e-01	1.041941e+00	3.096895e+00	9.610793e-01	7.952990e-02	9.999995e-01	1.012357e+01	6.823449e-01	2.478312e-01	6.721802e+01	2.212913e+00	8.324826e-01	
16  508.163	2.235028e+00	1.204943e-01	1.041941e+00	3.096895e+00	9.610793e-01	7.952990e-02	1.000543e+00	1.012357e+01	6.823449e-01	2.478312e-01	6.721802e+01	2.212913e+00	8.324826e-01	
14  508.633	2.235028e+00	1.204943e-01	1.041941e+00	3.096895e+00	9.610793e-01	7.952990e-02	9.998774e-01	1.012357e+01	6.823449e-01	2.478312e-01	6.721802e+01	2.212913e+00	8.324826e-01	
3  509.109	2.235028e+00	1.204943e-01	1.041941e+00	3.096895e+00	9.610793e-01	7.952990e-02	9.995770e-01	1.012357e+01	6.823449e-01	2.478312e-01	6.721802e+01	2.212913e+00	8.324826e-01	
1  509.188	2.235028e+00	1.204943e-01	1.041941e+00	3.096895e+00	9.610793e-01	7.952990e-02	1.001658e+00	1.012357e+01	6.823449e-01	2.478312e-01	6.721802e+01	2.212913e+00	8.324826e-01	
10  508.18	2.235028e+00	1.204943e-01	1.041941e+00	3.096895e+00	9.610793e-01	7.952990e-02	1.000442e+00	1.012357e+01	6.823449e-01	2.478312e-01	6.721802e+01	2.212913e+00	8.324826e-01	
4  508.175	2.235028e+00	1.204943e-01	1.041941e+00	3.096895e+00	9.610793e-01	7.952990e-02	1.000463e+00	1.012357e+01	6.823449e-01	2.478312e-01	6.721802e+01	2.212913e+00	8.324826e-01	
23  508.183	2.235028e+00	1.204943e-01	1.041941e+00	3.096895e+00	9.610793e-01	7.952990e-02	1.000430e+00	1.012357e+01	6.823449e-01	2.478312e-01	6.721802e+01	2.212913e+00	8.324826e-01	
5  508.525	2.223849e+00	1.204328e-01	1.041785e+00	3.087546e+00	9.597174e-01	7.608805e-02	1.000430e+00	9.840347e+00	6.814946e-01	2.477835e-01	6.708770e+01	2.192321e+00	8.282849e-01	
1  508.15	2.223849e+00	1.204328e-01	1.041785e+00	3.087546e+00	9.597174e-01	7.608805e-02	9.999634e-01	9.840347e+00	6.814946e-01	2.477835e-01	6.708770e+01	2.192321e+00	8.282849e-01	
7  508.954	2.223849e+00	1.204328e-01	1.041785e+00	3.087546e+00	9.597174e-01	7.608805e-02	9.988146e-01	9.840347e+00	6.814946e-01	2.477835e-01	6.708770e+01	2.192321e+00	8.282849e-01	
5  509.733	2.242341e+00	1.206622e-01	1.041832e+00	3.089883e+00	9.581421e-01	7.763472e-02	9.988146e-01	9.934052e+00	6.815292e-01	2.478624e-01	6.718824e+01	2.197450e+00	8.288230e-01	
23  509.669	2.242341e+00	1.206622e-01	1.041832e+00	3.089883e+00	9.581421e-01	7.763472e-02	9.985252e-01	9.934052e+00	6.815292e-01	2.478624e-01	6.718824e+01	2.197450e+00	8.288230e-01	
30  509.791	2.242341e+00	1.206622e-01	1.041832e+00	3.089883e+00	9.581421e-01	7.763472e-02	9.981785e-01	9.934052e+00	6.815292e-01	2.478624e-01	6.718824e+01	2.197450e+00	8.288230e-01	
4  509.991	2.242341e+00	1.206622e-01	1.041832e+00	3.089883e+00	9.581421e-01	7.763472e-02	9.991496e-01	9.934052e+00	6.815292e-01	2.478624e-01	6.718824e+01	2.197450e+00	8.288230e-01	
9  509.948	2.242341e+00	1.206622e-01	1.041832e+00	3.089883e+00	9.581421e-01	7.763472e-02	9.991095e-01	9.934052e+00	6.815292e-01	2.478624e-01	6.718824e+01	2.197450e+00	8.288230e-01	
13  509.694	2.242341e+00	1.206622e-01	1.041832e+00	3.089883e+00	9.581421e-01	7.763472e-02	9.983853e-01	9.934052e+00	6.815292e-01	2.478624e-01	6.718824e+01	2.197450e+00	8.288230e-01	
10  510.061	2.241151e+00	1.192960e-01	1.042021e+00	3.089637e+00	9.607871e-01	7.926577e-02	9.983853e-01	1.005618e+01	6.895364e-01	2.478573e-01	6.772221e+01	2.196910e+00	8.251117e-01	
8  511.762	2.241151e+00	1.192960e-01	1.042021e+00	3.089637e+00	9.607871e-01	7.926577e-02	1.000006e+00	1.005618e+01	6.895364e-01	2.478573e-01	6.772221e+01	2.196910e+00	8.251117e-01	
3  511.601	2.241151e+00	1.192960e-01	1.042021e+00	3.089637e+00	9.607871e-01	7.926577e-02	9.973099e-01	1.005618e+01	6.895364e-01	2.478573e-01	6.772221e+01	2.196910e+00	8.251117e-01	
4  510.325	2.241151e+00	1.192960e-01	1.042021e+00	3.089637e+00	9.607871e-01	7.926577e-02	9.992081e-01	1.005618e+01	6.895364e-01	2.478573e-01	6.772221e+01	2.196910e+00	8.251117e-01	
8  510.305	2.241151e+00	1.192960e-01	1.042021e+00	3.089637e+00	9.607871e-01	7.926577e-02	9.980607e-01	1.005618e+01	6.895364e-01	2.478573e-01	6.772221e+01	2.196910e+00	8.251117e-01	
1  510.061	2.241151e+00	1.192960e-01	1.042021e+00	3.089637e+00	9.607871e-01	7.926577e-02	9.988513e-01	1.005618e+01	6.895364e-01	2.478573e-01	6.772221e+01	2.196910e+00	8.251117e-01	
6  510.02	2.241151e+00	1.192960e-01	1.042021e+00	3.089637e+00	9.607871e-01	7.926577e-02	9.986564e-01	1.005618e+01	6.895364e-01	2.478573e-01	6.772221e+01	2.196910e+00	8.251117e-01	
14  510.163	2.241151e+00	1.192960e-01	1.042021e+00	3.089637e+00	9.607871e-01	7.926577e-02	9.982173e-01	1.005618e+01	6.895364e-01	2.478573e-01	6.772221e+01	2.196910e+00	8.251117e-01	
19  510.104	2.241151e+00	1.192960e-01	1.042021e+00	3.089637e+00	9.607871e-01	7.926577e-02	9.989341e-01	1.005618e+01	6.895364e-01	2.478573e-01	6.772221e+01	2.196910e+00	8.251117e-01	
22  510.058	2.241151e+00	1.192960e-01	1.042021e+00	3.089637e+00	9.607871e-01	7.926577e-02	9.983949e-01	1.005618e+01	6.895364e-01	2.478573e-01	6.772221e+01	2.196910e+00	8.251117e-01	
5  509.499	2.259960e+00	1.203174e-01	1.041710e+00	3.088254e+00	9.613957e-01	7.684935e-02	9.983949e-01	9.805954e+00	6.841453e-01	2.479372e-01	6.742633e+01	2.193875e+00	8.271590e-01	
47  509.372	2.259960e+00	1.203174e-01	1.041710e+00	3.088254e+00	9.613957e-01	7.684935e-02	9.987493e-01	9.805954e+00	6.841453e-01	2.479372e-01	6.742633e+01	2.193875e+00	8.271590e-01	
3  509.742	2.259960e+00	1.203174e-01	1.041710e+00	3.088254e+00	9.613957e-01	7.684935e-02	9.994127e-01	9.805954e+00	6.841453e-01	2.479372e-01	6.742633e+01	2.193875e+00	8.271590e-01	
11  510.111	2.259960e+00	1.203174e-01	1.041710e+00	3.088254e+00	9.613957e-01	7.684935e-02	9.996762e-01	9.805954e+00	6.841453e-01	2.479372e-01	6.742633e+01	2.193875e+00	8.271590e-01	
3  509.516	2.259960e+00	1.203174e-01	1.041710e+00	3.088254e+00	9.613957e-01	7.684935e-02	9.991758e-01	9.805954e+00	6.841453e-01	2.479372e-01	6.742633e+01	2.193875e+00	8.271590e-01	
21  509.829	2.259960e+00	1.203174e-01	1.041710e+00	3.088254e+00	9.613957e-01	7.684935e-02	9.994821e-01	9.805954e+00	6.841453e-01	2.479372e-01	6.742633e+01	2.193875e+00	8.271590e-01	
7  509.407	2.259960e+00	1.203174e-01	1.041710e+00	3.088254e+00	9.613957e-01	7.684935e-02	9.989906e-01	9.805954e+00	6.841453e-01	2.479372e-01	6.742633e+01	2.193875e+00	8.271590e-01	
5  506.825	2.252096e+00	1.201565e-01	1.041897e+00	3.080953e+00	9.617125e-01	7.298118e-02	9.989906e-01	9.469742e+00	6.851235e-01	2.479039e-01	6.747464e+01	2.177915e+00	8.241968e-01	
1  506.756	2.252096e+00	1.201565e-01	1.041897e+00	3.080953e+00	9.617125e-01	7.298118e-02	9.994167e-01	9.469742e+00	6.851235e-01	2.479039e-01	6.747464e+01	2.177915e+00	8.241968e-01	
4  506.744	2.252096e+00	1.201565e-01	1.041897e+00	3.080953e+00	9.617125e-01	7.298118e-02	9.993289e-01	9.469742e+00	6.851235e-01	2.479039e-01	6.747464e+01	2.177915e+00	8.241968e-01	
8  507.791	2.252096e+00	1.201565e-01	1.041897e+00	3.080953e+00	9.617125e-01	7.298118e-02	9.982357e-01	9.469742e+00	6.851235e-01	2.479039e-01	6.747464e+01	2.177915e+00	8.241968e-01	
1  507.788	2.252096e+00	1.201565e-01	1.041897e+00	3.080953e+00	9.617125e-01	7.298118e-02	9.982372e-01	9.469742e+00	6.851235e-01	2.479039e-01	6.747464e+01	2.177915e+00	8.241968e-01	
1  506.844	2.252096e+00	1.201565e-01	1.041897e+00	3.080953e+00	9.617125e-01	7.298118e-02	9.989594e-01	9.469742e+00	6.851235e-01	2.479039e-01	6.747464e+01	2.177915e+00	8.241968e-01	
20  506.775	2.252096e+00	1.201565e-01	1.041897e+00	3.080953e+00	9.617125e-01	7.298118e-02	9.990956e-01	9.469742e+00	6.851235e-01	2.479039e-01	6.747464e+01	2.177915e+00	8.241968e-01	
14  506.79	2.252096e+00	1.201565e-01	1.041897e+00	3.080953e+00	9.617125e-01	7.298118e-02	9.990606e-01	9.469742e+00	6.851235e-01	2.479039e-01	6.747464e+01	2.177915e+00	8.241968e-01	
2  506.845	2.252096e+00	1.201565e-01	1.041897e+00	3.080953e+00	9.617125e-01	7.298118e-02	9.996619e-01	9.469742e+00	6.851235e-01	2.479039e-01	6.747464e+01	2.177915e+00	8.241968e-01	
2  506.905	2.252096e+00	1.201565e-01	1.041897e+00	3.080953e+00	9.617125e-01	7.298118e-02	9.997471e-01	9.469742e+00	6.851235e-01	2.479039e-01	6.747464e+01	2.177915e+00	8.241968e-01	
21  507.045	2.252096e+00	1.201565e-01	1.041897e+00	3.080953e+00	9.617125e-01	7.298118e-02	9.987225e-01	9.469742e+00	6.851235e-01	2.479039e-01	6.747464e+01	2.177915e+00	8.241968e-01	
4  506.818	2.240044e+00	1.199453e-01	1.042054e+00	3.080501e+00	9.616423e-01	7.336870e-02	9.987225e-01	9.534317e+00	6.860298e-01	2.478526e-01	6.749371e+01	2.176931e+00	8.239129e-01	
16  506.808	2.240044e+00	1.199453e-01	1.042054e+00	3.080501e+00	9.616423e-01	7.336870e-02	9.997113e-01	9.534317e+00	6.860298e-01	2.478526e-01	6.749371e+01	2.176931e+00	8.239129e-01	
