2  571.832	2.261541e+00	1.213606e-01	1.041246e+00	3.058389e+00	9.685769e-01	5.110874e-02	1.000610e+00	7.328232e+00	6.769956e-01	2.479439e-01	6.692132e+01	2.129322e+00	8.200689e-01	
5  522.222	2.275406e+00	1.197303e-01	1.041226e+00	3.042602e+00	9.701236e-01	5.694470e-02	1.000610e+00	7.865891e+00	6.868002e-01	2.480023e-01	6.760943e+01	2.095971e+00	8.081430e-01	
2  520.759	2.275406e+00	1.197303e-01	1.041226e+00	3.042602e+00	9.701236e-01	5.694470e-02	9.943871e-01	7.865891e+00	6.868002e-01	2.480023e-01	6.760943e+01	2.095971e+00	8.081430e-01	
7  513.734	2.275406e+00	1.197303e-01	1.041226e+00	3.042602e+00	9.701236e-01	5.694470e-02	9.962453e-01	7.865891e+00	6.868002e-01	2.480023e-01	6.760943e+01	2.095971e+00	8.081430e-01	
12  510.601	2.269786e+00	1.203003e-01	1.041681e+00	3.068472e+00	9.653024e-01	7.035876e-02	9.962453e-01	9.181961e+00	6.847571e-01	2.479786e-01	6.751080e+01	2.150902e+00	8.197442e-01	
13  510.722	2.269786e+00	1.203003e-01	1.041681e+00	3.068472e+00	9.653024e-01	7.035876e-02	9.952817e-01	9.181961e+00	6.847571e-01	2.479786e-01	6.751080e+01	2.150902e+00	8.197442e-01	
14  511.358	2.269786e+00	1.203003e-01	1.041681e+00	3.068472e+00	9.653024e-01	7.035876e-02	9.948331e-01	9.181961e+00	6.847571e-01	2.479786e-01	6.751080e+01	2.150902e+00	8.197442e-01	
6  510.485	2.269786e+00	1.203003e-01	1.041681e+00	3.068472e+00	9.653024e-01	7.035876e-02	9.956191e-01	9.181961e+00	6.847571e-01	2.479786e-01	6.751080e+01	2.150902e+00	8.197442e-01	
14  512.121	2.269786e+00	1.203003e-01	1.041681e+00	3.068472e+00	9.653024e-01	7.035876e-02	9.971831e-01	9.181961e+00	6.847571e-01	2.479786e-01	6.751080e+01	2.150902e+00	8.197442e-01	
11  510.646	2.269786e+00	1.203003e-01	1.041681e+00	3.068472e+00	9.653024e-01	7.035876e-02	9.962994e-01	9.181961e+00	6.847571e-01	2.479786e-01	6.751080e+01	2.150902e+00	8.197442e-01	
3  511.105	2.269786e+00	1.203003e-01	1.041681e+00	3.068472e+00	9.653024e-01	7.035876e-02	9.949826e-01	9.181961e+00	6.847571e-01	2.479786e-01	6.751080e+01	2.150902e+00	8.197442e-01	
2  511.033	2.269786e+00	1.203003e-01	1.041681e+00	3.068472e+00	9.653024e-01	7.035876e-02	9.966256e-01	9.181961e+00	6.847571e-01	2.479786e-01	6.751080e+01	2.150902e+00	8.197442e-01	
1  510.773	2.269786e+00	1.203003e-01	1.041681e+00	3.068472e+00	9.653024e-01	7.035876e-02	9.952321e-01	9.181961e+00	6.847571e-01	2.479786e-01	6.751080e+01	2.150902e+00	8.197442e-01	
2  510.465	2.269786e+00	1.203003e-01	1.041681e+00	3.068472e+00	9.653024e-01	7.035876e-02	9.959935e-01	9.181961e+00	6.847571e-01	2.479786e-01	6.751080e+01	2.150902e+00	8.197442e-01	
16  510.443	2.269786e+00	1.203003e-01	1.041681e+00	3.068472e+00	9.653024e-01	7.035876e-02	9.958762e-01	9.181961e+00	6.847571e-01	2.479786e-01	6.751080e+01	2.150902e+00	8.197442e-01	
19  511.261	2.269786e+00	1.203003e-01	1.041681e+00	3.068472e+00	9.653024e-01	7.035876e-02	9.948881e-01	9.181961e+00	6.847571e-01	2.479786e-01	6.751080e+01	2.150902e+00	8.197442e-01	
14  511.503	2.248858e+00	1.211075e-01	1.041379e+00	3.065514e+00	9.687155e-01	6.969381e-02	9.948881e-01	9.188980e+00	6.780251e-01	2.478901e-01	6.694014e+01	2.144547e+00	8.228230e-01	
5  511.501	2.248858e+00	1.211075e-01	1.041379e+00	3.065514e+00	9.687155e-01	6.969381e-02	9.954583e-01	9.188980e+00	6.780251e-01	2.478901e-01	6.694014e+01	2.144547e+00	8.228230e-01	
7  511.425	2.270318e+00	1.209199e-01	1.041806e+00	3.048724e+00	9.678065e-01	6.062545e-02	9.954583e-01	8.262466e+00	6.817847e-01	2.479809e-01	6.734074e+01	2.108841e+00	8.146152e-01	
2  512.213	2.270318e+00	1.209199e-01	1.041806e+00	3.048724e+00	9.678065e-01	6.062545e-02	9.961922e-01	8.262466e+00	6.817847e-01	2.479809e-01	6.734074e+01	2.108841e+00	8.146152e-01	
10  511.386	2.270318e+00	1.209199e-01	1.041806e+00	3.048724e+00	9.678065e-01	6.062545e-02	9.953392e-01	8.262466e+00	6.817847e-01	2.479809e-01	6.734074e+01	2.108841e+00	8.146152e-01	
18  511.545	2.270318e+00	1.209199e-01	1.041806e+00	3.048724e+00	9.678065e-01	6.062545e-02	9.956640e-01	8.262466e+00	6.817847e-01	2.479809e-01	6.734074e+01	2.108841e+00	8.146152e-01	
2  511.412	2.270318e+00	1.209199e-01	1.041806e+00	3.048724e+00	9.678065e-01	6.062545e-02	9.950188e-01	8.262466e+00	6.817847e-01	2.479809e-01	6.734074e+01	2.108841e+00	8.146152e-01	
14  511.623	2.270318e+00	1.209199e-01	1.041806e+00	3.048724e+00	9.678065e-01	6.062545e-02	9.947044e-01	8.262466e+00	6.817847e-01	2.479809e-01	6.734074e+01	2.108841e+00	8.146152e-01	
36  512.126	2.270318e+00	1.209199e-01	1.041806e+00	3.048724e+00	9.678065e-01	6.062545e-02	9.943338e-01	8.262466e+00	6.817847e-01	2.479809e-01	6.734074e+01	2.108841e+00	8.146152e-01	
12  511.734	2.270318e+00	1.209199e-01	1.041806e+00	3.048724e+00	9.678065e-01	6.062545e-02	9.946056e-01	8.262466e+00	6.817847e-01	2.479809e-01	6.734074e+01	2.108841e+00	8.146152e-01	
3  511.954	2.270318e+00	1.209199e-01	1.041806e+00	3.048724e+00	9.678065e-01	6.062545e-02	9.944419e-01	8.262466e+00	6.817847e-01	2.479809e-01	6.734074e+01	2.108841e+00	8.146152e-01	
3  511.393	2.270318e+00	1.209199e-01	1.041806e+00	3.048724e+00	9.678065e-01	6.062545e-02	9.950780e-01	8.262466e+00	6.817847e-01	2.479809e-01	6.734074e+01	2.108841e+00	8.146152e-01	
18  511.571	2.270318e+00	1.209199e-01	1.041806e+00	3.048724e+00	9.678065e-01	6.062545e-02	9.947615e-01	8.262466e+00	6.817847e-01	2.479809e-01	6.734074e+01	2.108841e+00	8.146152e-01	
9  511.059	2.265189e+00	1.216942e-01	1.042035e+00	3.039621e+00	9.610725e-01	5.412403e-02	9.947615e-01	7.637772e+00	6.779113e-01	2.479593e-01	6.710204e+01	2.089732e+00	8.118110e-01	
2  511.871	2.265189e+00	1.216942e-01	1.042035e+00	3.039621e+00	9.610725e-01	5.412403e-02	9.943482e-01	7.637772e+00	6.779113e-01	2.479593e-01	6.710204e+01	2.089732e+00	8.118110e-01	
3  510.658	2.265189e+00	1.216942e-01	1.042035e+00	3.039621e+00	9.610725e-01	5.412403e-02	9.961907e-01	7.637772e+00	6.779113e-01	2.479593e-01	6.710204e+01	2.089732e+00	8.118110e-01	
5  510.484	2.265189e+00	1.216942e-01	1.042035e+00	3.039621e+00	9.610725e-01	5.412403e-02	9.959733e-01	7.637772e+00	6.779113e-01	2.479593e-01	6.710204e+01	2.089732e+00	8.118110e-01	
7  508.555	2.248836e+00	1.209370e-01	1.041800e+00	3.048362e+00	9.582057e-01	5.735063e-02	9.959733e-01	7.988022e+00	6.803140e-01	2.478900e-01	6.713960e+01	2.108079e+00	8.124421e-01	
11  505.819	2.248836e+00	1.209370e-01	1.041800e+00	3.048362e+00	9.582057e-01	5.735063e-02	9.975340e-01	7.988022e+00	6.803140e-01	2.478900e-01	6.713960e+01	2.108079e+00	8.124421e-01	
6  506.438	2.248836e+00	1.209370e-01	1.041800e+00	3.048362e+00	9.582057e-01	5.735063e-02	9.985373e-01	7.988022e+00	6.803140e-01	2.478900e-01	6.713960e+01	2.108079e+00	8.124421e-01	
10  507.961	2.248836e+00	1.209370e-01	1.041800e+00	3.048362e+00	9.582057e-01	5.735063e-02	9.961682e-01	7.988022e+00	6.803140e-01	2.478900e-01	6.713960e+01	2.108079e+00	8.124421e-01	
12  505.8	2.248836e+00	1.209370e-01	1.041800e+00	3.048362e+00	9.582057e-01	5.735063e-02	9.976175e-01	7.988022e+00	6.803140e-01	2.478900e-01	6.713960e+01	2.108079e+00	8.124421e-01	
4  506.344	2.247889e+00	1.205927e-01	1.041605e+00	3.039916e+00	9.611184e-01	5.524945e-02	9.976175e-01	7.771835e+00	6.815425e-01	2.478860e-01	6.718635e+01	2.090349e+00	8.086301e-01	
3  505.64	2.247889e+00	1.205927e-01	1.041605e+00	3.039916e+00	9.611184e-01	5.524945e-02	9.958352e-01	7.771835e+00	6.815425e-01	2.478860e-01	6.718635e+01	2.090349e+00	8.086301e-01	
13  505.227	2.247889e+00	1.205927e-01	1.041605e+00	3.039916e+00	9.611184e-01	5.524945e-02	9.965057e-01	7.771835e+00	6.815425e-01	2.478860e-01	6.718635e+01	2.090349e+00	8.086301e-01	
3  505.387	2.247889e+00	1.205927e-01	1.041605e+00	3.039916e+00	9.611184e-01	5.524945e-02	9.960855e-01	7.771835e+00	6.815425e-01	2.478860e-01	6.718635e+01	2.090349e+00	8.086301e-01	
4  506.569	2.247889e+00	1.205927e-01	1.041605e+00	3.039916e+00	9.611184e-01	5.524945e-02	9.953004e-01	7.771835e+00	6.815425e-01	2.478860e-01	6.718635e+01	2.090349e+00	8.086301e-01	
26  505.249	2.247889e+00	1.205927e-01	1.041605e+00	3.039916e+00	9.611184e-01	5.524945e-02	9.963444e-01	7.771835e+00	6.815425e-01	2.478860e-01	6.718635e+01	2.090349e+00	8.086301e-01	
6  505.227	2.247889e+00	1.205927e-01	1.041605e+00	3.039916e+00	9.611184e-01	5.524945e-02	9.964907e-01	7.771835e+00	6.815425e-01	2.478860e-01	6.718635e+01	2.090349e+00	8.086301e-01	
9  506.367	2.247889e+00	1.205927e-01	1.041605e+00	3.039916e+00	9.611184e-01	5.524945e-02	9.976286e-01	7.771835e+00	6.815425e-01	2.478860e-01	6.718635e+01	2.090349e+00	8.086301e-01	
36  505.231	2.247889e+00	1.205927e-01	1.041605e+00	3.039916e+00	9.611184e-01	5.524945e-02	9.965967e-01	7.771835e+00	6.815425e-01	2.478860e-01	6.718635e+01	2.090349e+00	8.086301e-01	
1  507.024	2.247889e+00	1.205927e-01	1.041605e+00	3.039916e+00	9.611184e-01	5.524945e-02	9.951123e-01	7.771835e+00	6.815425e-01	2.478860e-01	6.718635e+01	2.090349e+00	8.086301e-01	
3  505.459	2.247889e+00	1.205927e-01	1.041605e+00	3.039916e+00	9.611184e-01	5.524945e-02	9.970204e-01	7.771835e+00	6.815425e-01	2.478860e-01	6.718635e+01	2.090349e+00	8.086301e-01	
4  505.569	2.247889e+00	1.205927e-01	1.041605e+00	3.039916e+00	9.611184e-01	5.524945e-02	9.971267e-01	7.771835e+00	6.815425e-01	2.478860e-01	6.718635e+01	2.090349e+00	8.086301e-01	
7  506.643	2.233321e+00	1.225265e-01	1.042055e+00	3.042514e+00	9.645008e-01	5.361881e-02	9.971267e-01	7.669357e+00	6.712458e-01	2.478240e-01	6.653584e+01	2.095786e+00	8.179649e-01	
18  506.773	2.233321e+00	1.225265e-01	1.042055e+00	3.042514e+00	9.645008e-01	5.361881e-02	9.969999e-01	7.669357e+00	6.712458e-01	2.478240e-01	6.653584e+01	2.095786e+00	8.179649e-01	
6  506.605	2.233321e+00	1.225265e-01	1.042055e+00	3.042514e+00	9.645008e-01	5.361881e-02	9.971709e-01	7.669357e+00	6.712458e-01	2.478240e-01	6.653584e+01	2.095786e+00	8.179649e-01	
11  505.034	2.244429e+00	1.200093e-01	1.041875e+00	3.039866e+00	9.663134e-01	5.389554e-02	9.971709e-01	7.632858e+00	6.853890e-01	2.478713e-01	6.745037e+01	2.090244e+00	8.086468e-01	
17  502.687	2.244429e+00	1.200093e-01	1.041875e+00	3.039866e+00	9.663134e-01	5.389554e-02	9.985929e-01	7.632858e+00	6.853890e-01	2.478713e-01	6.745037e+01	2.090244e+00	8.086468e-01	
2  503.707	2.244429e+00	1.200093e-01	1.041875e+00	3.039866e+00	9.663134e-01	5.389554e-02	9.977103e-01	7.632858e+00	6.853890e-01	2.478713e-01	6.745037e+01	2.090244e+00	8.086468e-01	
7  503.448	2.244429e+00	1.200093e-01	1.041875e+00	3.039866e+00	9.663134e-01	5.389554e-02	9.978482e-01	7.632858e+00	6.853890e-01	2.478713e-01	6.745037e+01	2.090244e+00	8.086468e-01	
4  502.655	2.244429e+00	1.200093e-01	1.041875e+00	3.039866e+00	9.663134e-01	5.389554e-02	9.987412e-01	7.632858e+00	6.853890e-01	2.478713e-01	6.745037e+01	2.090244e+00	8.086468e-01	
3  502.666	2.244429e+00	1.200093e-01	1.041875e+00	3.039866e+00	9.663134e-01	5.389554e-02	9.989039e-01	7.632858e+00	6.853890e-01	2.478713e-01	6.745037e+01	2.090244e+00	8.086468e-01	
9  503.09	2.244429e+00	1.200093e-01	1.041875e+00	3.039866e+00	9.663134e-01	5.389554e-02	9.994818e-01	7.632858e+00	6.853890e-01	2.478713e-01	6.745037e+01	2.090244e+00	8.086468e-01	
2  502.821	2.244429e+00	1.200093e-01	1.041875e+00	3.039866e+00	9.663134e-01	5.389554e-02	9.992156e-01	7.632858e+00	6.853890e-01	2.478713e-01	6.745037e+01	2.090244e+00	8.086468e-01	
1  504.451	2.244429e+00	1.200093e-01	1.041875e+00	3.039866e+00	9.663134e-01	5.389554e-02	1.000196e+00	7.632858e+00	6.853890e-01	2.478713e-01	6.745037e+01	2.090244e+00	8.086468e-01	
1  506.425	2.244429e+00	1.200093e-01	1.041875e+00	3.039866e+00	9.663134e-01	5.389554e-02	1.000828e+00	7.632858e+00	6.853890e-01	2.478713e-01	6.745037e+01	2.090244e+00	8.086468e-01	
3  505.624	2.244429e+00	1.200093e-01	1.041875e+00	3.039866e+00	9.663134e-01	5.389554e-02	9.969850e-01	7.632858e+00	6.853890e-01	2.478713e-01	6.745037e+01	2.090244e+00	8.086468e-01	
31  503.776	2.244429e+00	1.200093e-01	1.041875e+00	3.039866e+00	9.663134e-01	5.389554e-02	9.998979e-01	7.632858e+00	6.853890e-01	2.478713e-01	6.745037e+01	2.090244e+00	8.086468e-01	
10  502.667	2.244429e+00	1.200093e-01	1.041875e+00	3.039866e+00	9.663134e-01	5.389554e-02	9.986606e-01	7.632858e+00	6.853890e-01	2.478713e-01	6.745037e+01	2.090244e+00	8.086468e-01	
1  502.877	2.244429e+00	1.200093e-01	1.041875e+00	3.039866e+00	9.663134e-01	5.389554e-02	9.992855e-01	7.632858e+00	6.853890e-01	2.478713e-01	6.745037e+01	2.090244e+00	8.086468e-01	
4  502.696	2.244429e+00	1.200093e-01	1.041875e+00	3.039866e+00	9.663134e-01	5.389554e-02	9.985712e-01	7.632858e+00	6.853890e-01	2.478713e-01	6.745037e+01	2.090244e+00	8.086468e-01	
28  502.718	2.244429e+00	1.200093e-01	1.041875e+00	3.039866e+00	9.663134e-01	5.389554e-02	9.985206e-01	7.632858e+00	6.853890e-01	2.478713e-01	6.745037e+01	2.090244e+00	8.086468e-01	
2  502.674	2.244429e+00	1.200093e-01	1.041875e+00	3.039866e+00	9.663134e-01	5.389554e-02	9.989348e-01	7.632858e+00	6.853890e-01	2.478713e-01	6.745037e+01	2.090244e+00	8.086468e-01	
5  502.689	2.244429e+00	1.200093e-01	1.041875e+00	3.039866e+00	9.663134e-01	5.389554e-02	9.989837e-01	7.632858e+00	6.853890e-01	2.478713e-01	6.745037e+01	2.090244e+00	8.086468e-01	
10  502.933	2.244429e+00	1.200093e-01	1.041875e+00	3.039866e+00	9.663134e-01	5.389554e-02	9.982325e-01	7.632858e+00	6.853890e-01	2.478713e-01	6.745037e+01	2.090244e+00	8.086468e-01	
3  503.295	2.244429e+00	1.200093e-01	1.041875e+00	3.039866e+00	9.663134e-01	5.389554e-02	9.996285e-01	7.632858e+00	6.853890e-01	2.478713e-01	6.745037e+01	2.090244e+00	8.086468e-01	
20  503.101	2.244429e+00	1.200093e-01	1.041875e+00	3.039866e+00	9.663134e-01	5.389554e-02	9.980871e-01	7.632858e+00	6.853890e-01	2.478713e-01	6.745037e+01	2.090244e+00	8.086468e-01	
25  502.707	2.244429e+00	1.200093e-01	1.041875e+00	3.039866e+00	9.663134e-01	5.389554e-02	9.985450e-01	7.632858e+00	6.853890e-01	2.478713e-01	6.745037e+01	2.090244e+00	8.086468e-01	
7  502.826	2.244429e+00	1.200093e-01	1.041875e+00	3.039866e+00	9.663134e-01	5.389554e-02	9.992261e-01	7.632858e+00	6.853890e-01	2.478713e-01	6.745037e+01	2.090244e+00	8.086468e-01	
8  502.933	2.244429e+00	1.200093e-01	1.041875e+00	3.039866e+00	9.663134e-01	5.389554e-02	9.993443e-01	7.632858e+00	6.853890e-01	2.478713e-01	6.745037e+01	2.090244e+00	8.086468e-01	
3  504.353	2.244429e+00	1.200093e-01	1.041875e+00	3.039866e+00	9.663134e-01	5.389554e-02	9.974219e-01	7.632858e+00	6.853890e-01	2.478713e-01	6.745037e+01	2.090244e+00	8.086468e-01	
20  503.619	2.244429e+00	1.200093e-01	1.041875e+00	3.039866e+00	9.663134e-01	5.389554e-02	9.977538e-01	7.632858e+00	6.853890e-01	2.478713e-01	6.745037e+01	2.090244e+00	8.086468e-01	
12  503.75	2.244429e+00	1.200093e-01	1.041875e+00	3.039866e+00	9.663134e-01	5.389554e-02	9.998850e-01	7.632858e+00	6.853890e-01	2.478713e-01	6.745037e+01	2.090244e+00	8.086468e-01	
2  503.155	2.244429e+00	1.200093e-01	1.041875e+00	3.039866e+00	9.663134e-01	5.389554e-02	9.980419e-01	7.632858e+00	6.853890e-01	2.478713e-01	6.745037e+01	2.090244e+00	8.086468e-01	
16  504.812	2.244429e+00	1.200093e-01	1.041875e+00	3.039866e+00	9.663134e-01	5.389554e-02	9.972486e-01	7.632858e+00	6.853890e-01	2.478713e-01	6.745037e+01	2.090244e+00	8.086468e-01	
10  506.418	2.244429e+00	1.200093e-01	1.041875e+00	3.039866e+00	9.663134e-01	5.389554e-02	1.000826e+00	7.632858e+00	6.853890e-01	2.478713e-01	6.745037e+01	2.090244e+00	8.086468e-01	
18  502.712	2.244429e+00	1.200093e-01	1.041875e+00	3.039866e+00	9.663134e-01	5.389554e-02	9.985324e-01	7.632858e+00	6.853890e-01	2.478713e-01	6.745037e+01	2.090244e+00	8.086468e-01	
6  502.775	2.244429e+00	1.200093e-01	1.041875e+00	3.039866e+00	9.663134e-01	5.389554e-02	9.984194e-01	7.632858e+00	6.853890e-01	2.478713e-01	6.745037e+01	2.090244e+00	8.086468e-01	
6  503.919	2.244429e+00	1.200093e-01	1.041875e+00	3.039866e+00	9.663134e-01	5.389554e-02	9.999666e-01	7.632858e+00	6.853890e-01	2.478713e-01	6.745037e+01	2.090244e+00	8.086468e-01	
8  505.342	2.257177e+00	1.188170e-01	1.041802e+00	3.034343e+00	9.657440e-01	5.212105e-02	9.999666e-01	7.404739e+00	6.924208e-01	2.479254e-01	6.796281e+01	2.078732e+00	8.016686e-01	
8  508.035	2.257177e+00	1.188170e-01	1.041802e+00	3.034343e+00	9.657440e-01	5.212105e-02	9.967779e-01	7.404739e+00	6.924208e-01	2.479254e-01	6.796281e+01	2.078732e+00	8.016686e-01	
37  506.066	2.244209e+00	1.211384e-01	1.041760e+00	3.042785e+00	9.669916e-01	5.694521e-02	9.967779e-01	7.960648e+00	6.787773e-01	2.478704e-01	6.701485e+01	2.096355e+00	8.136545e-01	
16  506.245	2.244209e+00	1.211384e-01	1.041760e+00	3.042785e+00	9.669916e-01	5.694521e-02	9.955653e-01	7.960648e+00	6.787773e-01	2.478704e-01	6.701485e+01	2.096355e+00	8.136545e-01	
21  505.867	2.244209e+00	1.211384e-01	1.041760e+00	3.042785e+00	9.669916e-01	5.694521e-02	9.964966e-01	7.960648e+00	6.787773e-01	2.478704e-01	6.701485e+01	2.096355e+00	8.136545e-01	
26  505.84	2.244209e+00	1.211384e-01	1.041760e+00	3.042785e+00	9.669916e-01	5.694521e-02	9.964159e-01	7.960648e+00	6.787773e-01	2.478704e-01	6.701485e+01	2.096355e+00	8.136545e-01	
7  506.234	2.244209e+00	1.211384e-01	1.041760e+00	3.042785e+00	9.669916e-01	5.694521e-02	9.969431e-01	7.960648e+00	6.787773e-01	2.478704e-01	6.701485e+01	2.096355e+00	8.136545e-01	
8  505.825	2.244209e+00	1.211384e-01	1.041760e+00	3.042785e+00	9.669916e-01	5.694521e-02	9.961460e-01	7.960648e+00	6.787773e-01	2.478704e-01	6.701485e+01	2.096355e+00	8.136545e-01	
37  505.872	2.244209e+00	1.211384e-01	1.041760e+00	3.042785e+00	9.669916e-01	5.694521e-02	9.960008e-01	7.960648e+00	6.787773e-01	2.478704e-01	6.701485e+01	2.096355e+00	8.136545e-01	
4  505.927	2.244209e+00	1.211384e-01	1.041760e+00	3.042785e+00	9.669916e-01	5.694521e-02	9.966055e-01	7.960648e+00	6.787773e-01	2.478704e-01	6.701485e+01	2.096355e+00	8.136545e-01	
40  505.868	2.241575e+00	1.216910e-01	1.041885e+00	3.039742e+00	9.646467e-01	5.465402e-02	9.966055e-01	7.743759e+00	6.759267e-01	2.478592e-01	6.684106e+01	2.089986e+00	8.137176e-01	
1  509.018	2.241575e+00	1.216910e-01	1.041885e+00	3.039742e+00	9.646467e-01	5.465402e-02	9.942773e-01	7.743759e+00	6.759267e-01	2.478592e-01	6.684106e+01	2.089986e+00	8.137176e-01	
9  505.941	2.241575e+00	1.216910e-01	1.041885e+00	3.039742e+00	9.646467e-01	5.465402e-02	9.966893e-01	7.743759e+00	6.759267e-01	2.478592e-01	6.684106e+01	2.089986e+00	8.137176e-01	
7  506.369	2.236066e+00	1.220839e-01	1.041604e+00	3.028663e+00	9.624857e-01	4.676517e-02	9.966893e-01	6.932358e+00	6.724458e-01	2.478357e-01	6.656247e+01	2.066958e+00	8.097727e-01	
5  506.262	2.236066e+00	1.220839e-01	1.041604e+00	3.028663e+00	9.624857e-01	4.676517e-02	9.967364e-01	6.932358e+00	6.724458e-01	2.478357e-01	6.656247e+01	2.066958e+00	8.097727e-01	
9  504.939	2.236066e+00	1.220839e-01	1.041604e+00	3.028663e+00	9.624857e-01	4.676517e-02	9.977603e-01	6.932358e+00	6.724458e-01	2.478357e-01	6.656247e+01	2.066958e+00	8.097727e-01	
2  505.72	2.236066e+00	1.220839e-01	1.041604e+00	3.028663e+00	9.624857e-01	4.676517e-02	9.970099e-01	6.932358e+00	6.724458e-01	2.478357e-01	6.656247e+01	2.066958e+00	8.097727e-01	
17  504.947	2.236066e+00	1.220839e-01	1.041604e+00	3.028663e+00	9.624857e-01	4.676517e-02	9.977379e-01	6.932358e+00	6.724458e-01	2.478357e-01	6.656247e+01	2.066958e+00	8.097727e-01	
1  504.938	2.236066e+00	1.220839e-01	1.041604e+00	3.028663e+00	9.624857e-01	4.676517e-02	9.980918e-01	6.932358e+00	6.724458e-01	2.478357e-01	6.656247e+01	2.066958e+00	8.097727e-01	
4  505.191	2.236066e+00	1.220839e-01	1.041604e+00	3.028663e+00	9.624857e-01	4.676517e-02	9.974003e-01	6.932358e+00	6.724458e-01	2.478357e-01	6.656247e+01	2.066958e+00	8.097727e-01	
8  505.316	2.236066e+00	1.220839e-01	1.041604e+00	3.028663e+00	9.624857e-01	4.676517e-02	9.986266e-01	6.932358e+00	6.724458e-01	2.478357e-01	6.656247e+01	2.066958e+00	8.097727e-01	
17  504.92	2.236066e+00	1.220839e-01	1.041604e+00	3.028663e+00	9.624857e-01	4.676517e-02	9.979714e-01	6.932358e+00	6.724458e-01	2.478357e-01	6.656247e+01	2.066958e+00	8.097727e-01	
23  504.934	2.236066e+00	1.220839e-01	1.041604e+00	3.028663e+00	9.624857e-01	4.676517e-02	9.980758e-01	6.932358e+00	6.724458e-01	2.478357e-01	6.656247e+01	2.066958e+00	8.097727e-01	
15  507.464	2.236066e+00	1.220839e-01	1.041604e+00	3.028663e+00	9.624857e-01	4.676517e-02	9.962834e-01	6.932358e+00	6.724458e-01	2.478357e-01	6.656247e+01	2.066958e+00	8.097727e-01	
8  505.041	2.236066e+00	1.220839e-01	1.041604e+00	3.028663e+00	9.624857e-01	4.676517e-02	9.975811e-01	6.932358e+00	6.724458e-01	2.478357e-01	6.656247e+01	2.066958e+00	8.097727e-01	
10  506.487	2.236066e+00	1.220839e-01	1.041604e+00	3.028663e+00	9.624857e-01	4.676517e-02	9.966398e-01	6.932358e+00	6.724458e-01	2.478357e-01	6.656247e+01	2.066958e+00	8.097727e-01	
20  505.829	2.230338e+00	1.226045e-01	1.041571e+00	3.033144e+00	9.602999e-01	5.021166e-02	9.966398e-01	7.319809e+00	6.690081e-01	2.478112e-01	6.632152e+01	2.076240e+00	8.127626e-01	
23  504.773	2.239709e+00	1.193863e-01	1.042000e+00	3.030854e+00	9.630580e-01	5.135751e-02	9.966398e-01	7.372452e+00	6.888938e-01	2.478512e-01	6.767027e+01	2.071492e+00	8.022603e-01	
12  504.626	2.239709e+00	1.193863e-01	1.042000e+00	3.030854e+00	9.630580e-01	5.135751e-02	9.967437e-01	7.372452e+00	6.888938e-01	2.478512e-01	6.767027e+01	2.071492e+00	8.022603e-01	
1  505.109	2.239709e+00	1.193863e-01	1.042000e+00	3.030854e+00	9.630580e-01	5.135751e-02	9.984891e-01	7.372452e+00	6.888938e-01	2.478512e-01	6.767027e+01	2.071492e+00	8.022603e-01	
3  505.073	2.239709e+00	1.193863e-01	1.042000e+00	3.030854e+00	9.630580e-01	5.135751e-02	9.964601e-01	7.372452e+00	6.888938e-01	2.478512e-01	6.767027e+01	2.071492e+00	8.022603e-01	
3  504.156	2.239709e+00	1.193863e-01	1.042000e+00	3.030854e+00	9.630580e-01	5.135751e-02	9.975214e-01	7.372452e+00	6.888938e-01	2.478512e-01	6.767027e+01	2.071492e+00	8.022603e-01	
7  504.204	2.239709e+00	1.193863e-01	1.042000e+00	3.030854e+00	9.630580e-01	5.135751e-02	9.976848e-01	7.372452e+00	6.888938e-01	2.478512e-01	6.767027e+01	2.071492e+00	8.022603e-01	
3  505.672	2.229944e+00	1.206885e-01	1.041933e+00	3.034975e+00	9.597583e-01	4.985210e-02	9.976848e-01	7.255234e+00	6.809249e-01	2.478095e-01	6.710178e+01	2.080045e+00	8.075567e-01	
3  503.427	2.229944e+00	1.206885e-01	1.041933e+00	3.034975e+00	9.597583e-01	4.985210e-02	9.989497e-01	7.255234e+00	6.809249e-01	2.478095e-01	6.710178e+01	2.080045e+00	8.075567e-01	
4  503.457	2.229944e+00	1.206885e-01	1.041933e+00	3.034975e+00	9.597583e-01	4.985210e-02	9.996780e-01	7.255234e+00	6.809249e-01	2.478095e-01	6.710178e+01	2.080045e+00	8.075567e-01	
7  504.023	2.229944e+00	1.206885e-01	1.041933e+00	3.034975e+00	9.597583e-01	4.985210e-02	9.984185e-01	7.255234e+00	6.809249e-01	2.478095e-01	6.710178e+01	2.080045e+00	8.075567e-01	
8  504.419	2.229944e+00	1.206885e-01	1.041933e+00	3.034975e+00	9.597583e-01	4.985210e-02	9.981970e-01	7.255234e+00	6.809249e-01	2.478095e-01	6.710178e+01	2.080045e+00	8.075567e-01	
8  503.783	2.229944e+00	1.206885e-01	1.041933e+00	3.034975e+00	9.597583e-01	4.985210e-02	9.999987e-01	7.255234e+00	6.809249e-01	2.478095e-01	6.710178e+01	2.080045e+00	8.075567e-01	
17  503.387	2.229944e+00	1.206885e-01	1.041933e+00	3.034975e+00	9.597583e-01	4.985210e-02	9.990246e-01	7.255234e+00	6.809249e-01	2.478095e-01	6.710178e+01	2.080045e+00	8.075567e-01	
1  503.994	2.229944e+00	1.206885e-01	1.041933e+00	3.034975e+00	9.597583e-01	4.985210e-02	9.984375e-01	7.255234e+00	6.809249e-01	2.478095e-01	6.710178e+01	2.080045e+00	8.075567e-01	
15  504.308	2.229944e+00	1.206885e-01	1.041933e+00	3.034975e+00	9.597583e-01	4.985210e-02	1.000325e+00	7.255234e+00	6.809249e-01	2.478095e-01	6.710178e+01	2.080045e+00	8.075567e-01	
1  503.399	2.229944e+00	1.206885e-01	1.041933e+00	3.034975e+00	9.597583e-01	4.985210e-02	9.990008e-01	7.255234e+00	6.809249e-01	2.478095e-01	6.710178e+01	2.080045e+00	8.075567e-01	
5  504.115	2.229944e+00	1.206885e-01	1.041933e+00	3.034975e+00	9.597583e-01	4.985210e-02	1.000218e+00	7.255234e+00	6.809249e-01	2.478095e-01	6.710178e+01	2.080045e+00	8.075567e-01	
9  503.5	2.229944e+00	1.206885e-01	1.041933e+00	3.034975e+00	9.597583e-01	4.985210e-02	9.997331e-01	7.255234e+00	6.809249e-01	2.478095e-01	6.710178e+01	2.080045e+00	8.075567e-01	
4  503.349	2.229944e+00	1.206885e-01	1.041933e+00	3.034975e+00	9.597583e-01	4.985210e-02	9.994442e-01	7.255234e+00	6.809249e-01	2.478095e-01	6.710178e+01	2.080045e+00	8.075567e-01	
19  503.75	2.229944e+00	1.206885e-01	1.041933e+00	3.034975e+00	9.597583e-01	4.985210e-02	9.999724e-01	7.255234e+00	6.809249e-01	2.478095e-01	6.710178e+01	2.080045e+00	8.075567e-01	
14  503.669	2.229944e+00	1.206885e-01	1.041933e+00	3.034975e+00	9.597583e-01	4.985210e-02	9.999048e-01	7.255234e+00	6.809249e-01	2.478095e-01	6.710178e+01	2.080045e+00	8.075567e-01	
1  503.723	2.229944e+00	1.206885e-01	1.041933e+00	3.034975e+00	9.597583e-01	4.985210e-02	9.999510e-01	7.255234e+00	6.809249e-01	2.478095e-01	6.710178e+01	2.080045e+00	8.075567e-01	
12  503.641	2.229944e+00	1.206885e-01	1.041933e+00	3.034975e+00	9.597583e-01	4.985210e-02	9.998796e-01	7.255234e+00	6.809249e-01	2.478095e-01	6.710178e+01	2.080045e+00	8.075567e-01	
18  503.585	2.229944e+00	1.206885e-01	1.041933e+00	3.034975e+00	9.597583e-01	4.985210e-02	9.987471e-01	7.255234e+00	6.809249e-01	2.478095e-01	6.710178e+01	2.080045e+00	8.075567e-01	
14  504.773	2.229944e+00	1.206885e-01	1.041933e+00	3.034975e+00	9.597583e-01	4.985210e-02	1.000547e+00	7.255234e+00	6.809249e-01	2.478095e-01	6.710178e+01	2.080045e+00	8.075567e-01	
4  503.752	2.229944e+00	1.206885e-01	1.041933e+00	3.034975e+00	9.597583e-01	4.985210e-02	9.986029e-01	7.255234e+00	6.809249e-01	2.478095e-01	6.710178e+01	2.080045e+00	8.075567e-01	
3  504.109	2.229944e+00	1.206885e-01	1.041933e+00	3.034975e+00	9.597583e-01	4.985210e-02	9.983655e-01	7.255234e+00	6.809249e-01	2.478095e-01	6.710178e+01	2.080045e+00	8.075567e-01	
1  503.338	2.229944e+00	1.206885e-01	1.041933e+00	3.034975e+00	9.597583e-01	4.985210e-02	9.994018e-01	7.255234e+00	6.809249e-01	2.478095e-01	6.710178e+01	2.080045e+00	8.075567e-01	
5  504.163	2.231560e+00	1.208905e-01	1.042046e+00	3.027262e+00	9.635368e-01	4.697827e-02	9.994018e-01	6.948502e+00	6.802658e-01	2.478164e-01	6.708344e+01	2.064064e+00	8.062859e-01	
19  503.137	2.230379e+00	1.192325e-01	1.041800e+00	3.031963e+00	9.665800e-01	5.096750e-02	9.994018e-01	7.349289e+00	6.885541e-01	2.478114e-01	6.757466e+01	2.073791e+00	8.034529e-01	
1  505.396	2.230379e+00	1.192325e-01	1.041800e+00	3.031963e+00	9.665800e-01	5.096750e-02	1.000701e+00	7.349289e+00	6.885541e-01	2.478114e-01	6.757466e+01	2.073791e+00	8.034529e-01	
2  505.211	2.230379e+00	1.192325e-01	1.041800e+00	3.031963e+00	9.665800e-01	5.096750e-02	1.000635e+00	7.349289e+00	6.885541e-01	2.478114e-01	6.757466e+01	2.073791e+00	8.034529e-01	
2  503.433	2.230379e+00	1.192325e-01	1.041800e+00	3.031963e+00	9.665800e-01	5.096750e-02	9.984767e-01	7.349289e+00	6.885541e-01	2.478114e-01	6.757466e+01	2.073791e+00	8.034529e-01	
9  503.056	2.230379e+00	1.192325e-01	1.041800e+00	3.031963e+00	9.665800e-01	5.096750e-02	9.991218e-01	7.349289e+00	6.885541e-01	2.478114e-01	6.757466e+01	2.073791e+00	8.034529e-01	
4  503.522	2.230379e+00	1.192325e-01	1.041800e+00	3.031963e+00	9.665800e-01	5.096750e-02	9.984036e-01	7.349289e+00	6.885541e-01	2.478114e-01	6.757466e+01	2.073791e+00	8.034529e-01	
2  503.363	2.230379e+00	1.192325e-01	1.041800e+00	3.031963e+00	9.665800e-01	5.096750e-02	9.985328e-01	7.349289e+00	6.885541e-01	2.478114e-01	6.757466e+01	2.073791e+00	8.034529e-01	
16  504.974	2.230379e+00	1.192325e-01	1.041800e+00	3.031963e+00	9.665800e-01	5.096750e-02	1.000548e+00	7.349289e+00	6.885541e-01	2.478114e-01	6.757466e+01	2.073791e+00	8.034529e-01	
1  504.37	2.230379e+00	1.192325e-01	1.041800e+00	3.031963e+00	9.665800e-01	5.096750e-02	1.000299e+00	7.349289e+00	6.885541e-01	2.478114e-01	6.757466e+01	2.073791e+00	8.034529e-01	
9  503.081	2.230379e+00	1.192325e-01	1.041800e+00	3.031963e+00	9.665800e-01	5.096750e-02	9.989356e-01	7.349289e+00	6.885541e-01	2.478114e-01	6.757466e+01	2.073791e+00	8.034529e-01	
6  503.368	2.230379e+00	1.192325e-01	1.041800e+00	3.031963e+00	9.665800e-01	5.096750e-02	9.985283e-01	7.349289e+00	6.885541e-01	2.478114e-01	6.757466e+01	2.073791e+00	8.034529e-01	
13  503.074	2.230379e+00	1.192325e-01	1.041800e+00	3.031963e+00	9.665800e-01	5.096750e-02	9.992459e-01	7.349289e+00	6.885541e-01	2.478114e-01	6.757466e+01	2.073791e+00	8.034529e-01	
5  503.493	2.230379e+00	1.192325e-01	1.041800e+00	3.031963e+00	9.665800e-01	5.096750e-02	9.984269e-01	7.349289e+00	6.885541e-01	2.478114e-01	6.757466e+01	2.073791e+00	8.034529e-01	
1  503.57	2.230379e+00	1.192325e-01	1.041800e+00	3.031963e+00	9.665800e-01	5.096750e-02	9.983678e-01	7.349289e+00	6.885541e-01	2.478114e-01	6.757466e+01	2.073791e+00	8.034529e-01	
16  503.684	2.230379e+00	1.192325e-01	1.041800e+00	3.031963e+00	9.665800e-01	5.096750e-02	9.982867e-01	7.349289e+00	6.885541e-01	2.478114e-01	6.757466e+01	2.073791e+00	8.034529e-01	
16  503.653	2.230379e+00	1.192325e-01	1.041800e+00	3.031963e+00	9.665800e-01	5.096750e-02	9.983077e-01	7.349289e+00	6.885541e-01	2.478114e-01	6.757466e+01	2.073791e+00	8.034529e-01	
16  503.758	2.230379e+00	1.192325e-01	1.041800e+00	3.031963e+00	9.665800e-01	5.096750e-02	9.999774e-01	7.349289e+00	6.885541e-01	2.478114e-01	6.757466e+01	2.073791e+00	8.034529e-01	
9  503.401	2.230379e+00	1.192325e-01	1.041800e+00	3.031963e+00	9.665800e-01	5.096750e-02	9.997134e-01	7.349289e+00	6.885541e-01	2.478114e-01	6.757466e+01	2.073791e+00	8.034529e-01	
15  503.078	2.230379e+00	1.192325e-01	1.041800e+00	3.031963e+00	9.665800e-01	5.096750e-02	9.992592e-01	7.349289e+00	6.885541e-01	2.478114e-01	6.757466e+01	2.073791e+00	8.034529e-01	
17  503.843	2.230379e+00	1.192325e-01	1.041800e+00	3.031963e+00	9.665800e-01	5.096750e-02	1.000029e+00	7.349289e+00	6.885541e-01	2.478114e-01	6.757466e+01	2.073791e+00	8.034529e-01	
18  503.569	2.230379e+00	1.192325e-01	1.041800e+00	3.031963e+00	9.665800e-01	5.096750e-02	9.983683e-01	7.349289e+00	6.885541e-01	2.478114e-01	6.757466e+01	2.073791e+00	8.034529e-01	
1  503.159	2.230379e+00	1.192325e-01	1.041800e+00	3.031963e+00	9.665800e-01	5.096750e-02	9.994397e-01	7.349289e+00	6.885541e-01	2.478114e-01	6.757466e+01	2.073791e+00	8.034529e-01	
42  503.12	2.230379e+00	1.192325e-01	1.041800e+00	3.031963e+00	9.665800e-01	5.096750e-02	9.988321e-01	7.349289e+00	6.885541e-01	2.478114e-01	6.757466e+01	2.073791e+00	8.034529e-01	
2  503.284	2.227978e+00	1.199916e-01	1.041581e+00	3.047274e+00	9.647031e-01	5.827549e-02	9.988321e-01	8.112961e+00	6.835515e-01	2.478011e-01	6.721144e+01	2.105786e+00	8.114858e-01	
1  504.957	2.227978e+00	1.199916e-01	1.041581e+00	3.047274e+00	9.647031e-01	5.827549e-02	9.971901e-01	8.112961e+00	6.835515e-01	2.478011e-01	6.721144e+01	2.105786e+00	8.114858e-01	
2  505.592	2.227978e+00	1.199916e-01	1.041581e+00	3.047274e+00	9.647031e-01	5.827549e-02	1.000177e+00	8.112961e+00	6.835515e-01	2.478011e-01	6.721144e+01	2.105786e+00	8.114858e-01	
2  505.217	2.227978e+00	1.199916e-01	1.041581e+00	3.047274e+00	9.647031e-01	5.827549e-02	1.000044e+00	8.112961e+00	6.835515e-01	2.478011e-01	6.721144e+01	2.105786e+00	8.114858e-01	
1  503.349	2.227978e+00	1.199916e-01	1.041581e+00	3.047274e+00	9.647031e-01	5.827549e-02	9.989412e-01	8.112961e+00	6.835515e-01	2.478011e-01	6.721144e+01	2.105786e+00	8.114858e-01	
4  503.557	2.227978e+00	1.199916e-01	1.041581e+00	3.047274e+00	9.647031e-01	5.827549e-02	9.991660e-01	8.112961e+00	6.835515e-01	2.478011e-01	6.721144e+01	2.105786e+00	8.114858e-01	
23  502.632	2.238547e+00	1.202760e-01	1.041631e+00	3.042529e+00	9.639542e-01	5.464764e-02	9.991660e-01	7.726913e+00	6.827928e-01	2.478463e-01	6.722255e+01	2.095817e+00	8.099012e-01	
6  502.786	2.238547e+00	1.202760e-01	1.041631e+00	3.042529e+00	9.639542e-01	5.464764e-02	9.994744e-01	7.726913e+00	6.827928e-01	2.478463e-01	6.722255e+01	2.095817e+00	8.099012e-01	
12  504.028	2.238547e+00	1.202760e-01	1.041631e+00	3.042529e+00	9.639542e-01	5.464764e-02	1.000295e+00	7.726913e+00	6.827928e-01	2.478463e-01	6.722255e+01	2.095817e+00	8.099012e-01	
32  503.518	2.238547e+00	1.202760e-01	1.041631e+00	3.042529e+00	9.639542e-01	5.464764e-02	1.000045e+00	7.726913e+00	6.827928e-01	2.478463e-01	6.722255e+01	2.095817e+00	8.099012e-01	
12  503.431	2.238547e+00	1.202760e-01	1.041631e+00	3.042529e+00	9.639542e-01	5.464764e-02	9.999957e-01	7.726913e+00	6.827928e-01	2.478463e-01	6.722255e+01	2.095817e+00	8.099012e-01	
4  502.648	2.238547e+00	1.202760e-01	1.041631e+00	3.042529e+00	9.639542e-01	5.464764e-02	9.992230e-01	7.726913e+00	6.827928e-01	2.478463e-01	6.722255e+01	2.095817e+00	8.099012e-01	
1  502.622	2.238547e+00	1.202760e-01	1.041631e+00	3.042529e+00	9.639542e-01	5.464764e-02	9.990484e-01	7.726913e+00	6.827928e-01	2.478463e-01	6.722255e+01	2.095817e+00	8.099012e-01	
2  502.936	2.238547e+00	1.202760e-01	1.041631e+00	3.042529e+00	9.639542e-01	5.464764e-02	9.996425e-01	7.726913e+00	6.827928e-01	2.478463e-01	6.722255e+01	2.095817e+00	8.099012e-01	
10  503.315	2.238547e+00	1.202760e-01	1.041631e+00	3.042529e+00	9.639542e-01	5.464764e-02	9.981853e-01	7.726913e+00	6.827928e-01	2.478463e-01	6.722255e+01	2.095817e+00	8.099012e-01	
4  503.224	2.238547e+00	1.202760e-01	1.041631e+00	3.042529e+00	9.639542e-01	5.464764e-02	9.998665e-01	7.726913e+00	6.827928e-01	2.478463e-01	6.722255e+01	2.095817e+00	8.099012e-01	
1  502.627	2.238547e+00	1.202760e-01	1.041631e+00	3.042529e+00	9.639542e-01	5.464764e-02	9.989714e-01	7.726913e+00	6.827928e-01	2.478463e-01	6.722255e+01	2.095817e+00	8.099012e-01	
18  503.264	2.238547e+00	1.202760e-01	1.041631e+00	3.042529e+00	9.639542e-01	5.464764e-02	9.998928e-01	7.726913e+00	6.827928e-01	2.478463e-01	6.722255e+01	2.095817e+00	8.099012e-01	
1  503.512	2.238547e+00	1.202760e-01	1.041631e+00	3.042529e+00	9.639542e-01	5.464764e-02	9.980710e-01	7.726913e+00	6.827928e-01	2.478463e-01	6.722255e+01	2.095817e+00	8.099012e-01	
31  502.625	2.238547e+00	1.202760e-01	1.041631e+00	3.042529e+00	9.639542e-01	5.464764e-02	9.989945e-01	7.726913e+00	6.827928e-01	2.478463e-01	6.722255e+01	2.095817e+00	8.099012e-01	
1  503.051	2.238547e+00	1.202760e-01	1.041631e+00	3.042529e+00	9.639542e-01	5.464764e-02	9.983704e-01	7.726913e+00	6.827928e-01	2.478463e-01	6.722255e+01	2.095817e+00	8.099012e-01	
19  504.096	2.238547e+00	1.202760e-01	1.041631e+00	3.042529e+00	9.639542e-01	5.464764e-02	9.977866e-01	7.726913e+00	6.827928e-01	2.478463e-01	6.722255e+01	2.095817e+00	8.099012e-01	
7  503.349	2.234054e+00	1.206953e-01	1.041772e+00	3.051739e+00	9.644891e-01	6.047020e-02	9.977866e-01	8.329147e+00	6.806332e-01	2.478271e-01	6.708231e+01	2.115209e+00	8.154963e-01	
3  505.47	2.234054e+00	1.206953e-01	1.041772e+00	3.051739e+00	9.644891e-01	6.047020e-02	9.991329e-01	8.329147e+00	6.806332e-01	2.478271e-01	6.708231e+01	2.115209e+00	8.154963e-01	
3  503.415	2.234054e+00	1.206953e-01	1.041772e+00	3.051739e+00	9.644891e-01	6.047020e-02	9.979267e-01	8.329147e+00	6.806332e-01	2.478271e-01	6.708231e+01	2.115209e+00	8.154963e-01	
8  503.488	2.234054e+00	1.206953e-01	1.041772e+00	3.051739e+00	9.644891e-01	6.047020e-02	9.980308e-01	8.329147e+00	6.806332e-01	2.478271e-01	6.708231e+01	2.115209e+00	8.154963e-01	
1  503.34	2.234054e+00	1.206953e-01	1.041772e+00	3.051739e+00	9.644891e-01	6.047020e-02	9.974712e-01	8.329147e+00	6.806332e-01	2.478271e-01	6.708231e+01	2.115209e+00	8.154963e-01	
6  503.421	2.234054e+00	1.206953e-01	1.041772e+00	3.051739e+00	9.644891e-01	6.047020e-02	9.979367e-01	8.329147e+00	6.806332e-01	2.478271e-01	6.708231e+01	2.115209e+00	8.154963e-01	
8  503.433	2.234054e+00	1.206953e-01	1.041772e+00	3.051739e+00	9.644891e-01	6.047020e-02	9.972552e-01	8.329147e+00	6.806332e-01	2.478271e-01	6.708231e+01	2.115209e+00	8.154963e-01	
4  503.365	2.234054e+00	1.206953e-01	1.041772e+00	3.051739e+00	9.644891e-01	6.047020e-02	9.978295e-01	8.329147e+00	6.806332e-01	2.478271e-01	6.708231e+01	2.115209e+00	8.154963e-01	
16  503.426	2.234054e+00	1.206953e-01	1.041772e+00	3.051739e+00	9.644891e-01	6.047020e-02	9.972668e-01	8.329147e+00	6.806332e-01	2.478271e-01	6.708231e+01	2.115209e+00	8.154963e-01	
15  503.733	2.234054e+00	1.206953e-01	1.041772e+00	3.051739e+00	9.644891e-01	6.047020e-02	9.969342e-01	8.329147e+00	6.806332e-01	2.478271e-01	6.708231e+01	2.115209e+00	8.154963e-01	
1  504.063	2.234054e+00	1.206953e-01	1.041772e+00	3.051739e+00	9.644891e-01	6.047020e-02	9.984996e-01	8.329147e+00	6.806332e-01	2.478271e-01	6.708231e+01	2.115209e+00	8.154963e-01	
2  503.6	2.234054e+00	1.206953e-01	1.041772e+00	3.051739e+00	9.644891e-01	6.047020e-02	9.970507e-01	8.329147e+00	6.806332e-01	2.478271e-01	6.708231e+01	2.115209e+00	8.154963e-01	
26  503.366	2.234054e+00	1.206953e-01	1.041772e+00	3.051739e+00	9.644891e-01	6.047020e-02	9.978307e-01	8.329147e+00	6.806332e-01	2.478271e-01	6.708231e+01	2.115209e+00	8.154963e-01	
1  503.553	2.234054e+00	1.206953e-01	1.041772e+00	3.051739e+00	9.644891e-01	6.047020e-02	9.981068e-01	8.329147e+00	6.806332e-01	2.478271e-01	6.708231e+01	2.115209e+00	8.154963e-01	
13  503.58	2.234054e+00	1.206953e-01	1.041772e+00	3.051739e+00	9.644891e-01	6.047020e-02	9.970709e-01	8.329147e+00	6.806332e-01	2.478271e-01	6.708231e+01	2.115209e+00	8.154963e-01	
1  504.177	2.217230e+00	1.205169e-01	1.042016e+00	3.038415e+00	9.640139e-01	5.467553e-02	9.970709e-01	7.782364e+00	6.813432e-01	2.477551e-01	6.707596e+01	2.087214e+00	8.102548e-01	
3  505.878	2.228338e+00	1.204024e-01	1.042245e+00	3.040784e+00	9.598256e-01	5.466466e-02	9.970709e-01	7.754288e+00	6.833938e-01	2.478027e-01	6.729202e+01	2.092165e+00	8.093358e-01	
4  505.433	2.228338e+00	1.204024e-01	1.042245e+00	3.040784e+00	9.598256e-01	5.466466e-02	9.979069e-01	7.754288e+00	6.833938e-01	2.478027e-01	6.729202e+01	2.092165e+00	8.093358e-01	
2  505.421	2.228338e+00	1.204024e-01	1.042245e+00	3.040784e+00	9.598256e-01	5.466466e-02	9.978258e-01	7.754288e+00	6.833938e-01	2.478027e-01	6.729202e+01	2.092165e+00	8.093358e-01	
1  505.705	2.228338e+00	1.204024e-01	1.042245e+00	3.040784e+00	9.598256e-01	5.466466e-02	9.972183e-01	7.754288e+00	6.833938e-01	2.478027e-01	6.729202e+01	2.092165e+00	8.093358e-01	
15  505.704	2.228338e+00	1.204024e-01	1.042245e+00	3.040784e+00	9.598256e-01	5.466466e-02	9.972191e-01	7.754288e+00	6.833938e-01	2.478027e-01	6.729202e+01	2.092165e+00	8.093358e-01	
8  505.562	2.228338e+00	1.204024e-01	1.042245e+00	3.040784e+00	9.598256e-01	5.466466e-02	9.981820e-01	7.754288e+00	6.833938e-01	2.478027e-01	6.729202e+01	2.092165e+00	8.093358e-01	
34  505.488	2.228338e+00	1.204024e-01	1.042245e+00	3.040784e+00	9.598256e-01	5.466466e-02	9.980655e-01	7.754288e+00	6.833938e-01	2.478027e-01	6.729202e+01	2.092165e+00	8.093358e-01	
2  505.714	2.228338e+00	1.204024e-01	1.042245e+00	3.040784e+00	9.598256e-01	5.466466e-02	9.972094e-01	7.754288e+00	6.833938e-01	2.478027e-01	6.729202e+01	2.092165e+00	8.093358e-01	
16  505.479	2.228338e+00	1.204024e-01	1.042245e+00	3.040784e+00	9.598256e-01	5.466466e-02	9.975109e-01	7.754288e+00	6.833938e-01	2.478027e-01	6.729202e+01	2.092165e+00	8.093358e-01	
1  506.044	2.228338e+00	1.204024e-01	1.042245e+00	3.040784e+00	9.598256e-01	5.466466e-02	9.986130e-01	7.754288e+00	6.833938e-01	2.478027e-01	6.729202e+01	2.092165e+00	8.093358e-01	
1  506.644	2.228338e+00	1.204024e-01	1.042245e+00	3.040784e+00	9.598256e-01	5.466466e-02	9.989439e-01	7.754288e+00	6.833938e-01	2.478027e-01	6.729202e+01	2.092165e+00	8.093358e-01	
1  506.799	2.228338e+00	1.204024e-01	1.042245e+00	3.040784e+00	9.598256e-01	5.466466e-02	9.965565e-01	7.754288e+00	6.833938e-01	2.478027e-01	6.729202e+01	2.092165e+00	8.093358e-01	
7  505.51	2.228338e+00	1.204024e-01	1.042245e+00	3.040784e+00	9.598256e-01	5.466466e-02	9.974555e-01	7.754288e+00	6.833938e-01	2.478027e-01	6.729202e+01	2.092165e+00	8.093358e-01	
2  506.894	2.221357e+00	1.183515e-01	1.042201e+00	3.033680e+00	9.684944e-01	5.406580e-02	9.974555e-01	7.676376e+00	6.940237e-01	2.477728e-01	6.794278e+01	2.077355e+00	8.024755e-01	
1  506.29	2.221357e+00	1.183515e-01	1.042201e+00	3.033680e+00	9.684944e-01	5.406580e-02	9.981962e-01	7.676376e+00	6.940237e-01	2.477728e-01	6.794278e+01	2.077355e+00	8.024755e-01	
8  507.766	2.221357e+00	1.183515e-01	1.042201e+00	3.033680e+00	9.684944e-01	5.406580e-02	9.995420e-01	7.676376e+00	6.940237e-01	2.477728e-01	6.794278e+01	2.077355e+00	8.024755e-01	
42  506.446	2.221357e+00	1.183515e-01	1.042201e+00	3.033680e+00	9.684944e-01	5.406580e-02	9.986879e-01	7.676376e+00	6.940237e-01	2.477728e-01	6.794278e+01	2.077355e+00	8.024755e-01	
5  507.752	2.221357e+00	1.183515e-01	1.042201e+00	3.033680e+00	9.684944e-01	5.406580e-02	9.970049e-01	7.676376e+00	6.940237e-01	2.477728e-01	6.794278e+01	2.077355e+00	8.024755e-01	
7  507.917	2.221357e+00	1.183515e-01	1.042201e+00	3.033680e+00	9.684944e-01	5.406580e-02	9.996031e-01	7.676376e+00	6.940237e-01	2.477728e-01	6.794278e+01	2.077355e+00	8.024755e-01	
1  504.887	2.234166e+00	1.188177e-01	1.041980e+00	3.030955e+00	9.706217e-01	4.938665e-02	9.996031e-01	7.169601e+00	6.915904e-01	2.478276e-01	6.781644e+01	2.071701e+00	8.028886e-01	
1  504.537	2.234166e+00	1.188177e-01	1.041980e+00	3.030955e+00	9.706217e-01	4.938665e-02	9.997874e-01	7.169601e+00	6.915904e-01	2.478276e-01	6.781644e+01	2.071701e+00	8.028886e-01	
2  505.091	2.234166e+00	1.188177e-01	1.041980e+00	3.030955e+00	9.706217e-01	4.938665e-02	1.001958e+00	7.169601e+00	6.915904e-01	2.478276e-01	6.781644e+01	2.071701e+00	8.028886e-01	
13  504.13	2.234166e+00	1.188177e-01	1.041980e+00	3.030955e+00	9.706217e-01	4.938665e-02	1.001401e+00	7.169601e+00	6.915904e-01	2.478276e-01	6.781644e+01	2.071701e+00	8.028886e-01	
1  505.278	2.234166e+00	1.188177e-01	1.041980e+00	3.030955e+00	9.706217e-01	4.938665e-02	9.994280e-01	7.169601e+00	6.915904e-01	2.478276e-01	6.781644e+01	2.071701e+00	8.028886e-01	
4  504.652	2.234166e+00	1.188177e-01	1.041980e+00	3.030955e+00	9.706217e-01	4.938665e-02	9.997232e-01	7.169601e+00	6.915904e-01	2.478276e-01	6.781644e+01	2.071701e+00	8.028886e-01	
17  504.455	2.234166e+00	1.188177e-01	1.041980e+00	3.030955e+00	9.706217e-01	4.938665e-02	1.001629e+00	7.169601e+00	6.915904e-01	2.478276e-01	6.781644e+01	2.071701e+00	8.028886e-01	
7  504.269	2.234166e+00	1.188177e-01	1.041980e+00	3.030955e+00	9.706217e-01	4.938665e-02	1.001507e+00	7.169601e+00	6.915904e-01	2.478276e-01	6.781644e+01	2.071701e+00	8.028886e-01	
6  504.415	2.233534e+00	1.201221e-01	1.041869e+00	3.028358e+00	9.697796e-01	4.549864e-02	1.001507e+00	6.774429e+00	6.840800e-01	2.478249e-01	6.731139e+01	2.066328e+00	8.058628e-01	
1  504.481	2.233534e+00	1.201221e-01	1.041869e+00	3.028358e+00	9.697796e-01	4.549864e-02	1.001968e+00	6.774429e+00	6.840800e-01	2.478249e-01	6.731139e+01	2.066328e+00	8.058628e-01	
10  506.083	2.233534e+00	1.201221e-01	1.041869e+00	3.028358e+00	9.697796e-01	4.549864e-02	1.003041e+00	6.774429e+00	6.840800e-01	2.478249e-01	6.731139e+01	2.066328e+00	8.058628e-01	
7  506.328	2.248892e+00	1.209888e-01	1.042263e+00	3.040194e+00	9.638048e-01	4.917510e-02	1.003041e+00	7.149246e+00	6.815022e-01	2.478903e-01	6.727694e+01	2.090931e+00	8.114343e-01	
2  504.746	2.248892e+00	1.209888e-01	1.042263e+00	3.040194e+00	9.638048e-01	4.917510e-02	1.001612e+00	7.149246e+00	6.815022e-01	2.478903e-01	6.727694e+01	2.090931e+00	8.114343e-01	
9  507.926	2.248892e+00	1.209888e-01	1.042263e+00	3.040194e+00	9.638048e-01	4.917510e-02	9.998464e-01	7.149246e+00	6.815022e-01	2.478903e-01	6.727694e+01	2.090931e+00	8.114343e-01	
5  507.56	2.248892e+00	1.209888e-01	1.042263e+00	3.040194e+00	9.638048e-01	4.917510e-02	9.999564e-01	7.149246e+00	6.815022e-01	2.478903e-01	6.727694e+01	2.090931e+00	8.114343e-01	
2  507.918	2.248892e+00	1.209888e-01	1.042263e+00	3.040194e+00	9.638048e-01	4.917510e-02	1.003589e+00	7.149246e+00	6.815022e-01	2.478903e-01	6.727694e+01	2.090931e+00	8.114343e-01	
11  505.304	2.248892e+00	1.209888e-01	1.042263e+00	3.040194e+00	9.638048e-01	4.917510e-02	1.000924e+00	7.149246e+00	6.815022e-01	2.478903e-01	6.727694e+01	2.090931e+00	8.114343e-01	
32  504.962	2.248892e+00	1.209888e-01	1.042263e+00	3.040194e+00	9.638048e-01	4.917510e-02	1.002205e+00	7.149246e+00	6.815022e-01	2.478903e-01	6.727694e+01	2.090931e+00	8.114343e-01	
14  505.339	2.248892e+00	1.209888e-01	1.042263e+00	3.040194e+00	9.638048e-01	4.917510e-02	1.002529e+00	7.149246e+00	6.815022e-01	2.478903e-01	6.727694e+01	2.090931e+00	8.114343e-01	
2  505.325	2.248892e+00	1.209888e-01	1.042263e+00	3.040194e+00	9.638048e-01	4.917510e-02	1.002519e+00	7.149246e+00	6.815022e-01	2.478903e-01	6.727694e+01	2.090931e+00	8.114343e-01	
3  505.977	2.248892e+00	1.209888e-01	1.042263e+00	3.040194e+00	9.638048e-01	4.917510e-02	1.002885e+00	7.149246e+00	6.815022e-01	2.478903e-01	6.727694e+01	2.090931e+00	8.114343e-01	
1  506.053	2.248892e+00	1.209888e-01	1.042263e+00	3.040194e+00	9.638048e-01	4.917510e-02	1.000511e+00	7.149246e+00	6.815022e-01	2.478903e-01	6.727694e+01	2.090931e+00	8.114343e-01	
10  506.002	2.248892e+00	1.209888e-01	1.042263e+00	3.040194e+00	9.638048e-01	4.917510e-02	1.002896e+00	7.149246e+00	6.815022e-01	2.478903e-01	6.727694e+01	2.090931e+00	8.114343e-01	
3  504.808	2.248892e+00	1.209888e-01	1.042263e+00	3.040194e+00	9.638048e-01	4.917510e-02	1.001982e+00	7.149246e+00	6.815022e-01	2.478903e-01	6.727694e+01	2.090931e+00	8.114343e-01	
18  505.067	2.248892e+00	1.209888e-01	1.042263e+00	3.040194e+00	9.638048e-01	4.917510e-02	1.001110e+00	7.149246e+00	6.815022e-01	2.478903e-01	6.727694e+01	2.090931e+00	8.114343e-01	
11  504.881	2.248892e+00	1.209888e-01	1.042263e+00	3.040194e+00	9.638048e-01	4.917510e-02	1.001308e+00	7.149246e+00	6.815022e-01	2.478903e-01	6.727694e+01	2.090931e+00	8.114343e-01	
2  504.744	2.248892e+00	1.209888e-01	1.042263e+00	3.040194e+00	9.638048e-01	4.917510e-02	1.001627e+00	7.149246e+00	6.815022e-01	2.478903e-01	6.727694e+01	2.090931e+00	8.114343e-01	
2  504.897	2.248892e+00	1.209888e-01	1.042263e+00	3.040194e+00	9.638048e-01	4.917510e-02	1.001287e+00	7.149246e+00	6.815022e-01	2.478903e-01	6.727694e+01	2.090931e+00	8.114343e-01	
5  505.128	2.248892e+00	1.209888e-01	1.042263e+00	3.040194e+00	9.638048e-01	4.917510e-02	1.001056e+00	7.149246e+00	6.815022e-01	2.478903e-01	6.727694e+01	2.090931e+00	8.114343e-01	
14  505.041	2.248892e+00	1.209888e-01	1.042263e+00	3.040194e+00	9.638048e-01	4.917510e-02	1.002286e+00	7.149246e+00	6.815022e-01	2.478903e-01	6.727694e+01	2.090931e+00	8.114343e-01	
1  505.479	2.248892e+00	1.209888e-01	1.042263e+00	3.040194e+00	9.638048e-01	4.917510e-02	1.002618e+00	7.149246e+00	6.815022e-01	2.478903e-01	6.727694e+01	2.090931e+00	8.114343e-01	
52  504.844	2.248892e+00	1.209888e-01	1.042263e+00	3.040194e+00	9.638048e-01	4.917510e-02	1.001360e+00	7.149246e+00	6.815022e-01	2.478903e-01	6.727694e+01	2.090931e+00	8.114343e-01	
27  506.969	2.256922e+00	1.205444e-01	1.042064e+00	3.041171e+00	9.585638e-01	5.077145e-02	1.001360e+00	7.292435e+00	6.838199e-01	2.479243e-01	6.743773e+01	2.092973e+00	8.082690e-01	
7  506.863	2.256922e+00	1.205444e-01	1.042064e+00	3.041171e+00	9.585638e-01	5.077145e-02	9.998868e-01	7.292435e+00	6.838199e-01	2.479243e-01	6.743773e+01	2.092973e+00	8.082690e-01	
25  506.731	2.252272e+00	1.214971e-01	1.042360e+00	3.050922e+00	9.606301e-01	5.572663e-02	9.998868e-01	7.826584e+00	6.792161e-01	2.479046e-01	6.716272e+01	2.113481e+00	8.164475e-01	
12  507.896	2.252272e+00	1.214971e-01	1.042360e+00	3.050922e+00	9.606301e-01	5.572663e-02	9.985353e-01	7.826584e+00	6.792161e-01	2.479046e-01	6.716272e+01	2.113481e+00	8.164475e-01	
2  507.903	2.252272e+00	1.214971e-01	1.042360e+00	3.050922e+00	9.606301e-01	5.572663e-02	9.985319e-01	7.826584e+00	6.792161e-01	2.479046e-01	6.716272e+01	2.113481e+00	8.164475e-01	
11  507.074	2.252272e+00	1.214971e-01	1.042360e+00	3.050922e+00	9.606301e-01	5.572663e-02	9.990305e-01	7.826584e+00	6.792161e-01	2.479046e-01	6.716272e+01	2.113481e+00	8.164475e-01	
6  506.752	2.252272e+00	1.214971e-01	1.042360e+00	3.050922e+00	9.606301e-01	5.572663e-02	9.994261e-01	7.826584e+00	6.792161e-01	2.479046e-01	6.716272e+01	2.113481e+00	8.164475e-01	
3  506.737	2.252272e+00	1.214971e-01	1.042360e+00	3.050922e+00	9.606301e-01	5.572663e-02	9.999008e-01	7.826584e+00	6.792161e-01	2.479046e-01	6.716272e+01	2.113481e+00	8.164475e-01	
8  507.676	2.252272e+00	1.214971e-01	1.042360e+00	3.050922e+00	9.606301e-01	5.572663e-02	9.986460e-01	7.826584e+00	6.792161e-01	2.479046e-01	6.716272e+01	2.113481e+00	8.164475e-01	
1  507.405	2.252272e+00	1.214971e-01	1.042360e+00	3.050922e+00	9.606301e-01	5.572663e-02	9.988013e-01	7.826584e+00	6.792161e-01	2.479046e-01	6.716272e+01	2.113481e+00	8.164475e-01	
7  507.889	2.252272e+00	1.214971e-01	1.042360e+00	3.050922e+00	9.606301e-01	5.572663e-02	1.000821e+00	7.826584e+00	6.792161e-01	2.479046e-01	6.716272e+01	2.113481e+00	8.164475e-01	
28  506.699	2.252272e+00	1.214971e-01	1.042360e+00	3.050922e+00	9.606301e-01	5.572663e-02	9.995723e-01	7.826584e+00	6.792161e-01	2.479046e-01	6.716272e+01	2.113481e+00	8.164475e-01	
6  506.737	2.252272e+00	1.214971e-01	1.042360e+00	3.050922e+00	9.606301e-01	5.572663e-02	9.998996e-01	7.826584e+00	6.792161e-01	2.479046e-01	6.716272e+01	2.113481e+00	8.164475e-01	
13  506.994	2.253450e+00	1.212009e-01	1.041682e+00	3.051120e+00	9.597915e-01	5.747443e-02	9.998996e-01	7.993637e+00	6.787692e-01	2.479096e-01	6.704999e+01	2.113900e+00	8.146184e-01	
5  506.649	2.253450e+00	1.212009e-01	1.041682e+00	3.051120e+00	9.597915e-01	5.747443e-02	9.975278e-01	7.993637e+00	6.787692e-01	2.479096e-01	6.704999e+01	2.113900e+00	8.146184e-01	
7  506.664	2.236611e+00	1.225148e-01	1.041652e+00	3.050204e+00	9.566086e-01	5.752552e-02	9.975278e-01	8.059616e+00	6.702000e-01	2.478380e-01	6.643510e+01	2.111966e+00	8.181491e-01	
1  506.71	2.236611e+00	1.225148e-01	1.041652e+00	3.050204e+00	9.566086e-01	5.752552e-02	9.975678e-01	8.059616e+00	6.702000e-01	2.478380e-01	6.643510e+01	2.111966e+00	8.181491e-01	
5  507.246	2.236611e+00	1.225148e-01	1.041652e+00	3.050204e+00	9.566086e-01	5.752552e-02	9.979263e-01	8.059616e+00	6.702000e-01	2.478380e-01	6.643510e+01	2.111966e+00	8.181491e-01	
18  506.537	2.235958e+00	1.214670e-01	1.041338e+00	3.041459e+00	9.556196e-01	5.286124e-02	9.979263e-01	7.566879e+00	6.750509e-01	2.478352e-01	6.668631e+01	2.093577e+00	8.106638e-01	
7  506.364	2.229700e+00	1.207926e-01	1.041585e+00	3.048503e+00	9.580175e-01	5.626222e-02	9.979263e-01	7.919235e+00	6.792222e-01	2.478085e-01	6.694711e+01	2.108377e+00	8.125327e-01	
4  507.763	2.229700e+00	1.207926e-01	1.041585e+00	3.048503e+00	9.580175e-01	5.626222e-02	9.974930e-01	7.919235e+00	6.792222e-01	2.478085e-01	6.694711e+01	2.108377e+00	8.125327e-01	
7  505.822	2.229700e+00	1.207926e-01	1.041585e+00	3.048503e+00	9.580175e-01	5.626222e-02	1.000795e+00	7.919235e+00	6.792222e-01	2.478085e-01	6.694711e+01	2.108377e+00	8.125327e-01	
1  508.173	2.228580e+00	1.211475e-01	1.041576e+00	3.051760e+00	9.531734e-01	5.476043e-02	1.000795e+00	7.774643e+00	6.771379e-01	2.478037e-01	6.681040e+01	2.115254e+00	8.135881e-01	
5  505.76	2.211083e+00	1.219755e-01	1.041633e+00	3.040662e+00	9.608848e-01	4.864192e-02	1.000795e+00	7.184341e+00	6.715217e-01	2.477287e-01	6.638669e+01	2.091909e+00	8.148138e-01	
1  504.08	2.211083e+00	1.219755e-01	1.041633e+00	3.040662e+00	9.608848e-01	4.864192e-02	1.002886e+00	7.184341e+00	6.715217e-01	2.477287e-01	6.638669e+01	2.091909e+00	8.148138e-01	
1  504.136	2.211083e+00	1.219755e-01	1.041633e+00	3.040662e+00	9.608848e-01	4.864192e-02	1.001623e+00	7.184341e+00	6.715217e-01	2.477287e-01	6.638669e+01	2.091909e+00	8.148138e-01	
17  503.953	2.211083e+00	1.219755e-01	1.041633e+00	3.040662e+00	9.608848e-01	4.864192e-02	1.001804e+00	7.184341e+00	6.715217e-01	2.477287e-01	6.638669e+01	2.091909e+00	8.148138e-01	
11  503.754	2.211083e+00	1.219755e-01	1.041633e+00	3.040662e+00	9.608848e-01	4.864192e-02	1.002223e+00	7.184341e+00	6.715217e-01	2.477287e-01	6.638669e+01	2.091909e+00	8.148138e-01	
1  504.28	2.211083e+00	1.219755e-01	1.041633e+00	3.040662e+00	9.608848e-01	4.864192e-02	1.001513e+00	7.184341e+00	6.715217e-01	2.477287e-01	6.638669e+01	2.091909e+00	8.148138e-01	
4  506.151	2.211083e+00	1.219755e-01	1.041633e+00	3.040662e+00	9.608848e-01	4.864192e-02	1.000657e+00	7.184341e+00	6.715217e-01	2.477287e-01	6.638669e+01	2.091909e+00	8.148138e-01	
11  504.054	2.211083e+00	1.219755e-01	1.041633e+00	3.040662e+00	9.608848e-01	4.864192e-02	1.002862e+00	7.184341e+00	6.715217e-01	2.477287e-01	6.638669e+01	2.091909e+00	8.148138e-01	
8  503.757	2.211083e+00	1.219755e-01	1.041633e+00	3.040662e+00	9.608848e-01	4.864192e-02	1.002285e+00	7.184341e+00	6.715217e-01	2.477287e-01	6.638669e+01	2.091909e+00	8.148138e-01	
13  504.271	2.211502e+00	1.215391e-01	1.041741e+00	3.060605e+00	9.616710e-01	5.971258e-02	1.002285e+00	8.323532e+00	6.743730e-01	2.477305e-01	6.657708e+01	2.134047e+00	8.218911e-01	
11  504.567	2.211502e+00	1.215391e-01	1.041741e+00	3.060605e+00	9.616710e-01	5.971258e-02	1.002533e+00	8.323532e+00	6.743730e-01	2.477305e-01	6.657708e+01	2.134047e+00	8.218911e-01	
2  504.006	2.211502e+00	1.215391e-01	1.041741e+00	3.060605e+00	9.616710e-01	5.971258e-02	1.001800e+00	8.323532e+00	6.743730e-01	2.477305e-01	6.657708e+01	2.134047e+00	8.218911e-01	
4  504.021	2.211502e+00	1.215391e-01	1.041741e+00	3.060605e+00	9.616710e-01	5.971258e-02	1.001581e+00	8.323532e+00	6.743730e-01	2.477305e-01	6.657708e+01	2.134047e+00	8.218911e-01	
15  505.647	2.211502e+00	1.215391e-01	1.041741e+00	3.060605e+00	9.616710e-01	5.971258e-02	1.000400e+00	8.323532e+00	6.743730e-01	2.477305e-01	6.657708e+01	2.134047e+00	8.218911e-01	
2  504.235	2.211502e+00	1.215391e-01	1.041741e+00	3.060605e+00	9.616710e-01	5.971258e-02	1.002248e+00	8.323532e+00	6.743730e-01	2.477305e-01	6.657708e+01	2.134047e+00	8.218911e-01	
9  504.607	2.211502e+00	1.215391e-01	1.041741e+00	3.060605e+00	9.616710e-01	5.971258e-02	1.000922e+00	8.323532e+00	6.743730e-01	2.477305e-01	6.657708e+01	2.134047e+00	8.218911e-01	
4  504.737	2.211502e+00	1.215391e-01	1.041741e+00	3.060605e+00	9.616710e-01	5.971258e-02	1.002643e+00	8.323532e+00	6.743730e-01	2.477305e-01	6.657708e+01	2.134047e+00	8.218911e-01	
15  504.048	2.211502e+00	1.215391e-01	1.041741e+00	3.060605e+00	9.616710e-01	5.971258e-02	1.001506e+00	8.323532e+00	6.743730e-01	2.477305e-01	6.657708e+01	2.134047e+00	8.218911e-01	
1  505.149	2.211502e+00	1.215391e-01	1.041741e+00	3.060605e+00	9.616710e-01	5.971258e-02	1.002866e+00	8.323532e+00	6.743730e-01	2.477305e-01	6.657708e+01	2.134047e+00	8.218911e-01	
19  504.005	2.211502e+00	1.215391e-01	1.041741e+00	3.060605e+00	9.616710e-01	5.971258e-02	1.001653e+00	8.323532e+00	6.743730e-01	2.477305e-01	6.657708e+01	2.134047e+00	8.218911e-01	
43  504.006	2.211502e+00	1.215391e-01	1.041741e+00	3.060605e+00	9.616710e-01	5.971258e-02	1.001800e+00	8.323532e+00	6.743730e-01	2.477305e-01	6.657708e+01	2.134047e+00	8.218911e-01	
16  504.273	2.211502e+00	1.215391e-01	1.041741e+00	3.060605e+00	9.616710e-01	5.971258e-02	1.001184e+00	8.323532e+00	6.743730e-01	2.477305e-01	6.657708e+01	2.134047e+00	8.218911e-01	
2  505.272	2.211502e+00	1.215391e-01	1.041741e+00	3.060605e+00	9.616710e-01	5.971258e-02	1.002922e+00	8.323532e+00	6.743730e-01	2.477305e-01	6.657708e+01	2.134047e+00	8.218911e-01	
11  504.775	2.211502e+00	1.215391e-01	1.041741e+00	3.060605e+00	9.616710e-01	5.971258e-02	1.000816e+00	8.323532e+00	6.743730e-01	2.477305e-01	6.657708e+01	2.134047e+00	8.218911e-01	
17  504.349	2.211502e+00	1.215391e-01	1.041741e+00	3.060605e+00	9.616710e-01	5.971258e-02	1.001113e+00	8.323532e+00	6.743730e-01	2.477305e-01	6.657708e+01	2.134047e+00	8.218911e-01	
1  504.262	2.211502e+00	1.215391e-01	1.041741e+00	3.060605e+00	9.616710e-01	5.971258e-02	1.002276e+00	8.323532e+00	6.743730e-01	2.477305e-01	6.657708e+01	2.134047e+00	8.218911e-01	
4  504.046	2.211502e+00	1.215391e-01	1.041741e+00	3.060605e+00	9.616710e-01	5.971258e-02	1.001511e+00	8.323532e+00	6.743730e-01	2.477305e-01	6.657708e+01	2.134047e+00	8.218911e-01	
11  504.107	2.211502e+00	1.215391e-01	1.041741e+00	3.060605e+00	9.616710e-01	5.971258e-02	1.002083e+00	8.323532e+00	6.743730e-01	2.477305e-01	6.657708e+01	2.134047e+00	8.218911e-01	
19  504.297	2.211502e+00	1.215391e-01	1.041741e+00	3.060605e+00	9.616710e-01	5.971258e-02	1.002316e+00	8.323532e+00	6.743730e-01	2.477305e-01	6.657708e+01	2.134047e+00	8.218911e-01	
15  506.049	2.211502e+00	1.215391e-01	1.041741e+00	3.060605e+00	9.616710e-01	5.971258e-02	1.003244e+00	8.323532e+00	6.743730e-01	2.477305e-01	6.657708e+01	2.134047e+00	8.218911e-01	
2  506.245	2.211502e+00	1.215391e-01	1.041741e+00	3.060605e+00	9.616710e-01	5.971258e-02	1.003315e+00	8.323532e+00	6.743730e-01	2.477305e-01	6.657708e+01	2.134047e+00	8.218911e-01	
11  504.165	2.211502e+00	1.215391e-01	1.041741e+00	3.060605e+00	9.616710e-01	5.971258e-02	1.002166e+00	8.323532e+00	6.743730e-01	2.477305e-01	6.657708e+01	2.134047e+00	8.218911e-01	
5  504.116	2.211502e+00	1.215391e-01	1.041741e+00	3.060605e+00	9.616710e-01	5.971258e-02	1.002097e+00	8.323532e+00	6.743730e-01	2.477305e-01	6.657708e+01	2.134047e+00	8.218911e-01	
6  507.062	2.211502e+00	1.215391e-01	1.041741e+00	3.060605e+00	9.616710e-01	5.971258e-02	9.999145e-01	8.323532e+00	6.743730e-01	2.477305e-01	6.657708e+01	2.134047e+00	8.218911e-01	
4  505.489	2.228102e+00	1.182167e-01	1.041710e+00	3.045473e+00	9.675777e-01	5.896173e-02	9.999145e-01	8.150864e+00	6.936654e-01	2.478017e-01	6.788683e+01	2.101998e+00	8.057599e-01	
1  506.181	2.228102e+00	1.182167e-01	1.041710e+00	3.045473e+00	9.675777e-01	5.896173e-02	9.981386e-01	8.150864e+00	6.936654e-01	2.478017e-01	6.788683e+01	2.101998e+00	8.057599e-01	
17  505.119	2.228102e+00	1.182167e-01	1.041710e+00	3.045473e+00	9.675777e-01	5.896173e-02	9.994787e-01	8.150864e+00	6.936654e-01	2.478017e-01	6.788683e+01	2.101998e+00	8.057599e-01	
1  505.588	2.228102e+00	1.182167e-01	1.041710e+00	3.045473e+00	9.675777e-01	5.896173e-02	9.999939e-01	8.150864e+00	6.936654e-01	2.478017e-01	6.788683e+01	2.101998e+00	8.057599e-01	
4  505.116	2.228102e+00	1.182167e-01	1.041710e+00	3.045473e+00	9.675777e-01	5.896173e-02	9.994706e-01	8.150864e+00	6.936654e-01	2.478017e-01	6.788683e+01	2.101998e+00	8.057599e-01	
2  505.129	2.228102e+00	1.182167e-01	1.041710e+00	3.045473e+00	9.675777e-01	5.896173e-02	9.994998e-01	8.150864e+00	6.936654e-01	2.478017e-01	6.788683e+01	2.101998e+00	8.057599e-01	
4  505.101	2.228102e+00	1.182167e-01	1.041710e+00	3.045473e+00	9.675777e-01	5.896173e-02	9.994336e-01	8.150864e+00	6.936654e-01	2.478017e-01	6.788683e+01	2.101998e+00	8.057599e-01	
8  506.421	2.239217e+00	1.177610e-01	1.041686e+00	3.065569e+00	9.688911e-01	6.949159e-02	9.994336e-01	9.130722e+00	6.966983e-01	2.478491e-01	6.814211e+01	2.144665e+00	8.122220e-01	
2  507.015	2.239217e+00	1.177610e-01	1.041686e+00	3.065569e+00	9.688911e-01	6.949159e-02	9.999857e-01	9.130722e+00	6.966983e-01	2.478491e-01	6.814211e+01	2.144665e+00	8.122220e-01	
21  507.091	2.239217e+00	1.177610e-01	1.041686e+00	3.065569e+00	9.688911e-01	6.949159e-02	1.000032e+00	9.130722e+00	6.966983e-01	2.478491e-01	6.814211e+01	2.144665e+00	8.122220e-01	
5  507.748	2.250167e+00	1.184211e-01	1.041777e+00	3.064493e+00	9.730535e-01	6.525841e-02	1.000032e+00	8.714493e+00	6.940640e-01	2.478957e-01	6.803323e+01	2.142359e+00	8.149905e-01	
31  504.809	2.250167e+00	1.184211e-01	1.041777e+00	3.064493e+00	9.730535e-01	6.525841e-02	1.001920e+00	8.714493e+00	6.940640e-01	2.478957e-01	6.803323e+01	2.142359e+00	8.149905e-01	
3  505.637	2.250167e+00	1.184211e-01	1.041777e+00	3.064493e+00	9.730535e-01	6.525841e-02	1.000867e+00	8.714493e+00	6.940640e-01	2.478957e-01	6.803323e+01	2.142359e+00	8.149905e-01	
3  505.725	2.250167e+00	1.184211e-01	1.041777e+00	3.064493e+00	9.730535e-01	6.525841e-02	1.000818e+00	8.714493e+00	6.940640e-01	2.478957e-01	6.803323e+01	2.142359e+00	8.149905e-01	
1  505.502	2.250167e+00	1.184211e-01	1.041777e+00	3.064493e+00	9.730535e-01	6.525841e-02	1.000948e+00	8.714493e+00	6.940640e-01	2.478957e-01	6.803323e+01	2.142359e+00	8.149905e-01	
13  505.334	2.250167e+00	1.184211e-01	1.041777e+00	3.064493e+00	9.730535e-01	6.525841e-02	1.001061e+00	8.714493e+00	6.940640e-01	2.478957e-01	6.803323e+01	2.142359e+00	8.149905e-01	
2  505.047	2.250167e+00	1.184211e-01	1.041777e+00	3.064493e+00	9.730535e-01	6.525841e-02	1.002333e+00	8.714493e+00	6.940640e-01	2.478957e-01	6.803323e+01	2.142359e+00	8.149905e-01	
33  505.019	2.250167e+00	1.184211e-01	1.041777e+00	3.064493e+00	9.730535e-01	6.525841e-02	1.002303e+00	8.714493e+00	6.940640e-01	2.478957e-01	6.803323e+01	2.142359e+00	8.149905e-01	
2  505.144	2.250167e+00	1.184211e-01	1.041777e+00	3.064493e+00	9.730535e-01	6.525841e-02	1.001206e+00	8.714493e+00	6.940640e-01	2.478957e-01	6.803323e+01	2.142359e+00	8.149905e-01	
5  504.963	2.250167e+00	1.184211e-01	1.041777e+00	3.064493e+00	9.730535e-01	6.525841e-02	1.002235e+00	8.714493e+00	6.940640e-01	2.478957e-01	6.803323e+01	2.142359e+00	8.149905e-01	
8  504.37	2.248778e+00	1.176748e-01	1.042078e+00	3.057163e+00	9.721232e-01	6.168917e-02	1.002235e+00	8.360733e+00	6.988764e-01	2.478898e-01	6.839039e+01	2.126714e+00	8.094591e-01	
12  505.054	2.248778e+00	1.176748e-01	1.042078e+00	3.057163e+00	9.721232e-01	6.168917e-02	1.001514e+00	8.360733e+00	6.988764e-01	2.478898e-01	6.839039e+01	2.126714e+00	8.094591e-01	
18  504.603	2.248778e+00	1.176748e-01	1.042078e+00	3.057163e+00	9.721232e-01	6.168917e-02	1.001861e+00	8.360733e+00	6.988764e-01	2.478898e-01	6.839039e+01	2.126714e+00	8.094591e-01	
3  505.353	2.248778e+00	1.176748e-01	1.042078e+00	3.057163e+00	9.721232e-01	6.168917e-02	1.003448e+00	8.360733e+00	6.988764e-01	2.478898e-01	6.839039e+01	2.126714e+00	8.094591e-01	
1  505.316	2.248778e+00	1.176748e-01	1.042078e+00	3.057163e+00	9.721232e-01	6.168917e-02	1.003428e+00	8.360733e+00	6.988764e-01	2.478898e-01	6.839039e+01	2.126714e+00	8.094591e-01	
26  505.638	2.248778e+00	1.176748e-01	1.042078e+00	3.057163e+00	9.721232e-01	6.168917e-02	1.003587e+00	8.360733e+00	6.988764e-01	2.478898e-01	6.839039e+01	2.126714e+00	8.094591e-01	
7  504.84	2.248778e+00	1.176748e-01	1.042078e+00	3.057163e+00	9.721232e-01	6.168917e-02	1.003134e+00	8.360733e+00	6.988764e-01	2.478898e-01	6.839039e+01	2.126714e+00	8.094591e-01	
2  504.375	2.248778e+00	1.176748e-01	1.042078e+00	3.057163e+00	9.721232e-01	6.168917e-02	1.002567e+00	8.360733e+00	6.988764e-01	2.478898e-01	6.839039e+01	2.126714e+00	8.094591e-01	
7  505.71	2.240954e+00	1.192010e-01	1.041918e+00	3.055325e+00	9.735173e-01	6.030206e-02	1.002567e+00	8.270187e+00	6.897258e-01	2.478565e-01	6.771981e+01	2.122809e+00	8.145861e-01	
7  505.067	2.240954e+00	1.192010e-01	1.041918e+00	3.055325e+00	9.735173e-01	6.030206e-02	1.001030e+00	8.270187e+00	6.897258e-01	2.478565e-01	6.771981e+01	2.122809e+00	8.145861e-01	
14  506.477	2.240954e+00	1.192010e-01	1.041918e+00	3.055325e+00	9.735173e-01	6.030206e-02	1.000213e+00	8.270187e+00	6.897258e-01	2.478565e-01	6.771981e+01	2.122809e+00	8.145861e-01	
33  504.817	2.240954e+00	1.192010e-01	1.041918e+00	3.055325e+00	9.735173e-01	6.030206e-02	1.001472e+00	8.270187e+00	6.897258e-01	2.478565e-01	6.771981e+01	2.122809e+00	8.145861e-01	
1  506.105	2.240954e+00	1.192010e-01	1.041918e+00	3.055325e+00	9.735173e-01	6.030206e-02	1.000373e+00	8.270187e+00	6.897258e-01	2.478565e-01	6.771981e+01	2.122809e+00	8.145861e-01	
1  505.674	2.240954e+00	1.192010e-01	1.041918e+00	3.055325e+00	9.735173e-01	6.030206e-02	1.002546e+00	8.270187e+00	6.897258e-01	2.478565e-01	6.771981e+01	2.122809e+00	8.145861e-01	
6  506.875	2.244990e+00	1.189503e-01	1.041628e+00	3.042095e+00	9.746226e-01	5.391358e-02	1.002546e+00	7.616714e+00	6.904416e-01	2.478737e-01	6.774793e+01	2.094909e+00	8.082806e-01	
4  506.309	2.244990e+00	1.189503e-01	1.041628e+00	3.042095e+00	9.746226e-01	5.391358e-02	1.001572e+00	7.616714e+00	6.904416e-01	2.478737e-01	6.774793e+01	2.094909e+00	8.082806e-01	
14  506.333	2.244990e+00	1.189503e-01	1.041628e+00	3.042095e+00	9.746226e-01	5.391358e-02	1.001508e+00	7.616714e+00	6.904416e-01	2.478737e-01	6.774793e+01	2.094909e+00	8.082806e-01	
1  506.385	2.244990e+00	1.189503e-01	1.041628e+00	3.042095e+00	9.746226e-01	5.391358e-02	1.001406e+00	7.616714e+00	6.904416e-01	2.478737e-01	6.774793e+01	2.094909e+00	8.082806e-01	
6  506.524	2.244990e+00	1.189503e-01	1.041628e+00	3.042095e+00	9.746226e-01	5.391358e-02	1.001228e+00	7.616714e+00	6.904416e-01	2.478737e-01	6.774793e+01	2.094909e+00	8.082806e-01	
1  509.176	2.244990e+00	1.189503e-01	1.041628e+00	3.042095e+00	9.746226e-01	5.391358e-02	9.999599e-01	7.616714e+00	6.904416e-01	2.478737e-01	6.774793e+01	2.094909e+00	8.082806e-01	
12  508.275	2.226681e+00	1.182389e-01	1.041308e+00	3.023857e+00	9.715498e-01	4.749738e-02	9.999599e-01	6.975174e+00	6.922443e-01	2.477956e-01	6.773185e+01	2.057047e+00	7.980777e-01	
14  508.19	2.226681e+00	1.182389e-01	1.041308e+00	3.023857e+00	9.715498e-01	4.749738e-02	1.000648e+00	6.975174e+00	6.922443e-01	2.477956e-01	6.773185e+01	2.057047e+00	7.980777e-01	
1  508.191	2.226681e+00	1.182389e-01	1.041308e+00	3.023857e+00	9.715498e-01	4.749738e-02	1.000094e+00	6.975174e+00	6.922443e-01	2.477956e-01	6.773185e+01	2.057047e+00	7.980777e-01	
2  508.124	2.226681e+00	1.182389e-01	1.041308e+00	3.023857e+00	9.715498e-01	4.749738e-02	1.000298e+00	6.975174e+00	6.922443e-01	2.477956e-01	6.773185e+01	2.057047e+00	7.980777e-01	
25  508.315	2.226681e+00	1.182389e-01	1.041308e+00	3.023857e+00	9.715498e-01	4.749738e-02	9.999102e-01	6.975174e+00	6.922443e-01	2.477956e-01	6.773185e+01	2.057047e+00	7.980777e-01	
2  508.243	2.226681e+00	1.182389e-01	1.041308e+00	3.023857e+00	9.715498e-01	4.749738e-02	1.000736e+00	6.975174e+00	6.922443e-01	2.477956e-01	6.773185e+01	2.057047e+00	7.980777e-01	
16  508.526	2.226681e+00	1.182389e-01	1.041308e+00	3.023857e+00	9.715498e-01	4.749738e-02	9.997074e-01	6.975174e+00	6.922443e-01	2.477956e-01	6.773185e+01	2.057047e+00	7.980777e-01	
6  508.199	2.226681e+00	1.182389e-01	1.041308e+00	3.023857e+00	9.715498e-01	4.749738e-02	1.000665e+00	6.975174e+00	6.922443e-01	2.477956e-01	6.773185e+01	2.057047e+00	7.980777e-01	
31  508.626	2.226681e+00	1.182389e-01	1.041308e+00	3.023857e+00	9.715498e-01	4.749738e-02	9.996298e-01	6.975174e+00	6.922443e-01	2.477956e-01	6.773185e+01	2.057047e+00	7.980777e-01	
1  509.896	2.226681e+00	1.182389e-01	1.041308e+00	3.023857e+00	9.715498e-01	4.749738e-02	9.989836e-01	6.975174e+00	6.922443e-01	2.477956e-01	6.773185e+01	2.057047e+00	7.980777e-01	
5  508.716	2.226681e+00	1.182389e-01	1.041308e+00	3.023857e+00	9.715498e-01	4.749738e-02	1.001175e+00	6.975174e+00	6.922443e-01	2.477956e-01	6.773185e+01	2.057047e+00	7.980777e-01	
21  508.143	2.252265e+00	1.173842e-01	1.041676e+00	3.017511e+00	9.755644e-01	4.405998e-02	1.001175e+00	6.545609e+00	6.994333e-01	2.479046e-01	6.839154e+01	2.044035e+00	7.931280e-01	
4  508.178	2.252265e+00	1.173842e-01	1.041676e+00	3.017511e+00	9.755644e-01	4.405998e-02	1.001323e+00	6.545609e+00	6.994333e-01	2.479046e-01	6.839154e+01	2.044035e+00	7.931280e-01	
2  508.581	2.252265e+00	1.173842e-01	1.041676e+00	3.017511e+00	9.755644e-01	4.405998e-02	1.001804e+00	6.545609e+00	6.994333e-01	2.479046e-01	6.839154e+01	2.044035e+00	7.931280e-01	
11  508.308	2.252265e+00	1.173842e-01	1.041676e+00	3.017511e+00	9.755644e-01	4.405998e-02	1.001540e+00	6.545609e+00	6.994333e-01	2.479046e-01	6.839154e+01	2.044035e+00	7.931280e-01	
15  508.346	2.252265e+00	1.173842e-01	1.041676e+00	3.017511e+00	9.755644e-01	4.405998e-02	1.000631e+00	6.545609e+00	6.994333e-01	2.479046e-01	6.839154e+01	2.044035e+00	7.931280e-01	
1  509.46	2.252265e+00	1.173842e-01	1.041676e+00	3.017511e+00	9.755644e-01	4.405998e-02	1.002308e+00	6.545609e+00	6.994333e-01	2.479046e-01	6.839154e+01	2.044035e+00	7.931280e-01	
14  508.375	2.252265e+00	1.173842e-01	1.041676e+00	3.017511e+00	9.755644e-01	4.405998e-02	1.000598e+00	6.545609e+00	6.994333e-01	2.479046e-01	6.839154e+01	2.044035e+00	7.931280e-01	
8  508.205	2.252265e+00	1.173842e-01	1.041676e+00	3.017511e+00	9.755644e-01	4.405998e-02	1.000850e+00	6.545609e+00	6.994333e-01	2.479046e-01	6.839154e+01	2.044035e+00	7.931280e-01	
26  508.144	2.252265e+00	1.173842e-01	1.041676e+00	3.017511e+00	9.755644e-01	4.405998e-02	1.001132e+00	6.545609e+00	6.994333e-01	2.479046e-01	6.839154e+01	2.044035e+00	7.931280e-01	
5  508.778	2.252265e+00	1.173842e-01	1.041676e+00	3.017511e+00	9.755644e-01	4.405998e-02	1.001942e+00	6.545609e+00	6.994333e-01	2.479046e-01	6.839154e+01	2.044035e+00	7.931280e-01	
8  510.417	2.252265e+00	1.173842e-01	1.041676e+00	3.017511e+00	9.755644e-01	4.405998e-02	9.995318e-01	6.545609e+00	6.994333e-01	2.479046e-01	6.839154e+01	2.044035e+00	7.931280e-01	
3  508.667	2.252265e+00	1.173842e-01	1.041676e+00	3.017511e+00	9.755644e-01	4.405998e-02	1.001866e+00	6.545609e+00	6.994333e-01	2.479046e-01	6.839154e+01	2.044035e+00	7.931280e-01	
3  508.457	2.252265e+00	1.173842e-01	1.041676e+00	3.017511e+00	9.755644e-01	4.405998e-02	1.000510e+00	6.545609e+00	6.994333e-01	2.479046e-01	6.839154e+01	2.044035e+00	7.931280e-01	
11  508.505	2.252265e+00	1.173842e-01	1.041676e+00	3.017511e+00	9.755644e-01	4.405998e-02	1.001742e+00	6.545609e+00	6.994333e-01	2.479046e-01	6.839154e+01	2.044035e+00	7.931280e-01	
1  509.835	2.252265e+00	1.173842e-01	1.041676e+00	3.017511e+00	9.755644e-01	4.405998e-02	1.002469e+00	6.545609e+00	6.994333e-01	2.479046e-01	6.839154e+01	2.044035e+00	7.931280e-01	
2  508.532	2.252265e+00	1.173842e-01	1.041676e+00	3.017511e+00	9.755644e-01	4.405998e-02	1.001765e+00	6.545609e+00	6.994333e-01	2.479046e-01	6.839154e+01	2.044035e+00	7.931280e-01	
1  514.073	2.252265e+00	1.173842e-01	1.041676e+00	3.017511e+00	9.755644e-01	4.405998e-02	9.985627e-01	6.545609e+00	6.994333e-01	2.479046e-01	6.839154e+01	2.044035e+00	7.931280e-01	
1  513.264	2.252265e+00	1.173842e-01	1.041676e+00	3.017511e+00	9.755644e-01	4.405998e-02	9.987465e-01	6.545609e+00	6.994333e-01	2.479046e-01	6.839154e+01	2.044035e+00	7.931280e-01	
17  508.991	2.252265e+00	1.173842e-01	1.041676e+00	3.017511e+00	9.755644e-01	4.405998e-02	1.002072e+00	6.545609e+00	6.994333e-01	2.479046e-01	6.839154e+01	2.044035e+00	7.931280e-01	
3  509.846	2.252265e+00	1.173842e-01	1.041676e+00	3.017511e+00	9.755644e-01	4.405998e-02	9.997401e-01	6.545609e+00	6.994333e-01	2.479046e-01	6.839154e+01	2.044035e+00	7.931280e-01	
7  505.121	2.258490e+00	1.177722e-01	1.041951e+00	3.038588e+00	9.665776e-01	5.468471e-02	9.997401e-01	7.646896e+00	6.985417e-01	2.479310e-01	6.839960e+01	2.087574e+00	8.001174e-01	
2  505.323	2.258490e+00	1.177722e-01	1.041951e+00	3.038588e+00	9.665776e-01	5.468471e-02	9.990033e-01	7.646896e+00	6.985417e-01	2.479310e-01	6.839960e+01	2.087574e+00	8.001174e-01	
1  505.757	2.258490e+00	1.177722e-01	1.041951e+00	3.038588e+00	9.665776e-01	5.468471e-02	1.000396e+00	7.646896e+00	6.985417e-01	2.479310e-01	6.839960e+01	2.087574e+00	8.001174e-01	
1  506.419	2.258490e+00	1.177722e-01	1.041951e+00	3.038588e+00	9.665776e-01	5.468471e-02	1.000746e+00	7.646896e+00	6.985417e-01	2.479310e-01	6.839960e+01	2.087574e+00	8.001174e-01	
9  505.717	2.258490e+00	1.177722e-01	1.041951e+00	3.038588e+00	9.665776e-01	5.468471e-02	1.000371e+00	7.646896e+00	6.985417e-01	2.479310e-01	6.839960e+01	2.087574e+00	8.001174e-01	
1  505.486	2.256339e+00	1.181515e-01	1.041569e+00	3.038637e+00	9.716096e-01	5.476273e-02	1.000371e+00	7.665146e+00	6.952511e-01	2.479218e-01	6.811556e+01	2.087678e+00	8.027282e-01	
2  503.829	2.247687e+00	1.193720e-01	1.041836e+00	3.045612e+00	9.652810e-01	5.676968e-02	1.000371e+00	7.906601e+00	6.889507e-01	2.478852e-01	6.769199e+01	2.102290e+00	8.083538e-01	
6  502.788	2.247687e+00	1.193720e-01	1.041836e+00	3.045612e+00	9.652810e-01	5.676968e-02	9.993032e-01	7.906601e+00	6.889507e-01	2.478852e-01	6.769199e+01	2.102290e+00	8.083538e-01	
15  502.945	2.247687e+00	1.193720e-01	1.041836e+00	3.045612e+00	9.652810e-01	5.676968e-02	9.988779e-01	7.906601e+00	6.889507e-01	2.478852e-01	6.769199e+01	2.102290e+00	8.083538e-01	
2  503.8	2.247687e+00	1.193720e-01	1.041836e+00	3.045612e+00	9.652810e-01	5.676968e-02	9.982509e-01	7.906601e+00	6.889507e-01	2.478852e-01	6.769199e+01	2.102290e+00	8.083538e-01	
26  503.286	2.247687e+00	1.193720e-01	1.041836e+00	3.045612e+00	9.652810e-01	5.676968e-02	9.985580e-01	7.906601e+00	6.889507e-01	2.478852e-01	6.769199e+01	2.102290e+00	8.083538e-01	
1  502.788	2.247687e+00	1.193720e-01	1.041836e+00	3.045612e+00	9.652810e-01	5.676968e-02	9.993276e-01	7.906601e+00	6.889507e-01	2.478852e-01	6.769199e+01	2.102290e+00	8.083538e-01	
1  502.795	2.247687e+00	1.193720e-01	1.041836e+00	3.045612e+00	9.652810e-01	5.676968e-02	9.993867e-01	7.906601e+00	6.889507e-01	2.478852e-01	6.769199e+01	2.102290e+00	8.083538e-01	
14  503.254	2.247687e+00	1.193720e-01	1.041836e+00	3.045612e+00	9.652810e-01	5.676968e-02	9.985819e-01	7.906601e+00	6.889507e-01	2.478852e-01	6.769199e+01	2.102290e+00	8.083538e-01	
2  503.948	2.247687e+00	1.193720e-01	1.041836e+00	3.045612e+00	9.652810e-01	5.676968e-02	1.000430e+00	7.906601e+00	6.889507e-01	2.478852e-01	6.769199e+01	2.102290e+00	8.083538e-01	
8  505.006	2.247687e+00	1.193720e-01	1.041836e+00	3.045612e+00	9.652810e-01	5.676968e-02	1.000861e+00	7.906601e+00	6.889507e-01	2.478852e-01	6.769199e+01	2.102290e+00	8.083538e-01	
6  502.799	2.232674e+00	1.195685e-01	1.041804e+00	3.046163e+00	9.639653e-01	5.590874e-02	1.000861e+00	7.856766e+00	6.868653e-01	2.478212e-01	6.747719e+01	2.103449e+00	8.094176e-01	
2  503.846	2.232674e+00	1.195685e-01	1.041804e+00	3.046163e+00	9.639653e-01	5.590874e-02	9.992527e-01	7.856766e+00	6.868653e-01	2.478212e-01	6.747719e+01	2.103449e+00	8.094176e-01	
4  502.942	2.232674e+00	1.195685e-01	1.041804e+00	3.046163e+00	9.639653e-01	5.590874e-02	1.001009e+00	7.856766e+00	6.868653e-01	2.478212e-01	6.747719e+01	2.103449e+00	8.094176e-01	
1  503.518	2.232674e+00	1.195685e-01	1.041804e+00	3.046163e+00	9.639653e-01	5.590874e-02	1.001407e+00	7.856766e+00	6.868653e-01	2.478212e-01	6.747719e+01	2.103449e+00	8.094176e-01	
12  503.748	2.232674e+00	1.195685e-01	1.041804e+00	3.046163e+00	9.639653e-01	5.590874e-02	9.993002e-01	7.856766e+00	6.868653e-01	2.478212e-01	6.747719e+01	2.103449e+00	8.094176e-01	
14  502.713	2.232674e+00	1.195685e-01	1.041804e+00	3.046163e+00	9.639653e-01	5.590874e-02	1.000101e+00	7.856766e+00	6.868653e-01	2.478212e-01	6.747719e+01	2.103449e+00	8.094176e-01	
1  502.705	2.232674e+00	1.195685e-01	1.041804e+00	3.046163e+00	9.639653e-01	5.590874e-02	1.000117e+00	7.856766e+00	6.868653e-01	2.478212e-01	6.747719e+01	2.103449e+00	8.094176e-01	
4  504.187	2.232674e+00	1.195685e-01	1.041804e+00	3.046163e+00	9.639653e-01	5.590874e-02	9.991004e-01	7.856766e+00	6.868653e-01	2.478212e-01	6.747719e+01	2.103449e+00	8.094176e-01	
8  503.718	2.232674e+00	1.195685e-01	1.041804e+00	3.046163e+00	9.639653e-01	5.590874e-02	9.993148e-01	7.856766e+00	6.868653e-01	2.478212e-01	6.747719e+01	2.103449e+00	8.094176e-01	
7  502.653	2.232674e+00	1.195685e-01	1.041804e+00	3.046163e+00	9.639653e-01	5.590874e-02	1.000216e+00	7.856766e+00	6.868653e-01	2.478212e-01	6.747719e+01	2.103449e+00	8.094176e-01	
26  503.288	2.232674e+00	1.195685e-01	1.041804e+00	3.046163e+00	9.639653e-01	5.590874e-02	9.995574e-01	7.856766e+00	6.868653e-01	2.478212e-01	6.747719e+01	2.103449e+00	8.094176e-01	
3  503.728	2.232674e+00	1.195685e-01	1.041804e+00	3.046163e+00	9.639653e-01	5.590874e-02	1.001516e+00	7.856766e+00	6.868653e-01	2.478212e-01	6.747719e+01	2.103449e+00	8.094176e-01	
1  505.042	2.232674e+00	1.195685e-01	1.041804e+00	3.046163e+00	9.639653e-01	5.590874e-02	1.002043e+00	7.856766e+00	6.868653e-01	2.478212e-01	6.747719e+01	2.103449e+00	8.094176e-01	
19  502.679	2.232674e+00	1.195685e-01	1.041804e+00	3.046163e+00	9.639653e-01	5.590874e-02	1.000681e+00	7.856766e+00	6.868653e-01	2.478212e-01	6.747719e+01	2.103449e+00	8.094176e-01	
8  503.41	2.232674e+00	1.195685e-01	1.041804e+00	3.046163e+00	9.639653e-01	5.590874e-02	9.994821e-01	7.856766e+00	6.868653e-01	2.478212e-01	6.747719e+01	2.103449e+00	8.094176e-01	
22  502.625	2.232674e+00	1.195685e-01	1.041804e+00	3.046163e+00	9.639653e-01	5.590874e-02	1.000368e+00	7.856766e+00	6.868653e-01	2.478212e-01	6.747719e+01	2.103449e+00	8.094176e-01	
11  504.499	2.232674e+00	1.195685e-01	1.041804e+00	3.046163e+00	9.639653e-01	5.590874e-02	1.001849e+00	7.856766e+00	6.868653e-01	2.478212e-01	6.747719e+01	2.103449e+00	8.094176e-01	
2  505.012	2.232674e+00	1.195685e-01	1.041804e+00	3.046163e+00	9.639653e-01	5.590874e-02	1.002033e+00	7.856766e+00	6.868653e-01	2.478212e-01	6.747719e+01	2.103449e+00	8.094176e-01	
5  503.426	2.232674e+00	1.195685e-01	1.041804e+00	3.046163e+00	9.639653e-01	5.590874e-02	9.994728e-01	7.856766e+00	6.868653e-01	2.478212e-01	6.747719e+01	2.103449e+00	8.094176e-01	
10  502.666	2.232674e+00	1.195685e-01	1.041804e+00	3.046163e+00	9.639653e-01	5.590874e-02	1.000183e+00	7.856766e+00	6.868653e-01	2.478212e-01	6.747719e+01	2.103449e+00	8.094176e-01	
4  502.631	2.232674e+00	1.195685e-01	1.041804e+00	3.046163e+00	9.639653e-01	5.590874e-02	1.000316e+00	7.856766e+00	6.868653e-01	2.478212e-01	6.747719e+01	2.103449e+00	8.094176e-01	
22  502.633	2.232674e+00	1.195685e-01	1.041804e+00	3.046163e+00	9.639653e-01	5.590874e-02	1.000305e+00	7.856766e+00	6.868653e-01	2.478212e-01	6.747719e+01	2.103449e+00	8.094176e-01	
5  502.736	2.234510e+00	1.196293e-01	1.041946e+00	3.044032e+00	9.647893e-01	5.411314e-02	1.000305e+00	7.671463e+00	6.870858e-01	2.478290e-01	6.751971e+01	2.098970e+00	8.090660e-01	
40  502.489	2.234510e+00	1.196293e-01	1.041946e+00	3.044032e+00	9.647893e-01	5.411314e-02	1.001400e+00	7.671463e+00	6.870858e-01	2.478290e-01	6.751971e+01	2.098970e+00	8.090660e-01	
16  503.252	2.234510e+00	1.196293e-01	1.041946e+00	3.044032e+00	9.647893e-01	5.411314e-02	1.001988e+00	7.671463e+00	6.870858e-01	2.478290e-01	6.751971e+01	2.098970e+00	8.090660e-01	
12  503.444	2.234510e+00	1.196293e-01	1.041946e+00	3.044032e+00	9.647893e-01	5.411314e-02	1.002090e+00	7.671463e+00	6.870858e-01	2.478290e-01	6.751971e+01	2.098970e+00	8.090660e-01	
2  502.388	2.234510e+00	1.196293e-01	1.041946e+00	3.044032e+00	9.647893e-01	5.411314e-02	1.001237e+00	7.671463e+00	6.870858e-01	2.478290e-01	6.751971e+01	2.098970e+00	8.090660e-01	
10  503.497	2.234510e+00	1.196293e-01	1.041946e+00	3.044032e+00	9.647893e-01	5.411314e-02	9.998445e-01	7.671463e+00	6.870858e-01	2.478290e-01	6.751971e+01	2.098970e+00	8.090660e-01	
6  502.742	2.234510e+00	1.196293e-01	1.041946e+00	3.044032e+00	9.647893e-01	5.411314e-02	1.000300e+00	7.671463e+00	6.870858e-01	2.478290e-01	6.751971e+01	2.098970e+00	8.090660e-01	
43  502.333	2.234510e+00	1.196293e-01	1.041946e+00	3.044032e+00	9.647893e-01	5.411314e-02	1.001066e+00	7.671463e+00	6.870858e-01	2.478290e-01	6.751971e+01	2.098970e+00	8.090660e-01	
1  503.585	2.234510e+00	1.196293e-01	1.041946e+00	3.044032e+00	9.647893e-01	5.411314e-02	1.002158e+00	7.671463e+00	6.870858e-01	2.478290e-01	6.751971e+01	2.098970e+00	8.090660e-01	
4  502.471	2.234510e+00	1.196293e-01	1.041946e+00	3.044032e+00	9.647893e-01	5.411314e-02	1.000575e+00	7.671463e+00	6.870858e-01	2.478290e-01	6.751971e+01	2.098970e+00	8.090660e-01	
29  502.616	2.234510e+00	1.196293e-01	1.041946e+00	3.044032e+00	9.647893e-01	5.411314e-02	1.001544e+00	7.671463e+00	6.870858e-01	2.478290e-01	6.751971e+01	2.098970e+00	8.090660e-01	
4  502.743	2.234510e+00	1.196293e-01	1.041946e+00	3.044032e+00	9.647893e-01	5.411314e-02	1.000300e+00	7.671463e+00	6.870858e-01	2.478290e-01	6.751971e+01	2.098970e+00	8.090660e-01	
8  502.883	2.234510e+00	1.196293e-01	1.041946e+00	3.044032e+00	9.647893e-01	5.411314e-02	1.000195e+00	7.671463e+00	6.870858e-01	2.478290e-01	6.751971e+01	2.098970e+00	8.090660e-01	
39  502.71	2.234510e+00	1.196293e-01	1.041946e+00	3.044032e+00	9.647893e-01	5.411314e-02	1.001629e+00	7.671463e+00	6.870858e-01	2.478290e-01	6.751971e+01	2.098970e+00	8.090660e-01	
12  502.995	2.234510e+00	1.196293e-01	1.041946e+00	3.044032e+00	9.647893e-01	5.411314e-02	1.001837e+00	7.671463e+00	6.870858e-01	2.478290e-01	6.751971e+01	2.098970e+00	8.090660e-01	
2  503.418	2.234510e+00	1.196293e-01	1.041946e+00	3.044032e+00	9.647893e-01	5.411314e-02	1.002077e+00	7.671463e+00	6.870858e-01	2.478290e-01	6.751971e+01	2.098970e+00	8.090660e-01	
4  502.63	2.234510e+00	1.196293e-01	1.041946e+00	3.044032e+00	9.647893e-01	5.411314e-02	1.001558e+00	7.671463e+00	6.870858e-01	2.478290e-01	6.751971e+01	2.098970e+00	8.090660e-01	
7  503.862	2.234510e+00	1.196293e-01	1.041946e+00	3.044032e+00	9.647893e-01	5.411314e-02	9.996807e-01	7.671463e+00	6.870858e-01	2.478290e-01	6.751971e+01	2.098970e+00	8.090660e-01	
2  504.291	2.234510e+00	1.196293e-01	1.041946e+00	3.044032e+00	9.647893e-01	5.411314e-02	9.995141e-01	7.671463e+00	6.870858e-01	2.478290e-01	6.751971e+01	2.098970e+00	8.090660e-01	
4  503.806	2.234510e+00	1.196293e-01	1.041946e+00	3.044032e+00	9.647893e-01	5.411314e-02	1.002257e+00	7.671463e+00	6.870858e-01	2.478290e-01	6.751971e+01	2.098970e+00	8.090660e-01	
11  503.727	2.234510e+00	1.196293e-01	1.041946e+00	3.044032e+00	9.647893e-01	5.411314e-02	1.002222e+00	7.671463e+00	6.870858e-01	2.478290e-01	6.751971e+01	2.098970e+00	8.090660e-01	
3  504.023	2.234510e+00	1.196293e-01	1.041946e+00	3.044032e+00	9.647893e-01	5.411314e-02	9.996178e-01	7.671463e+00	6.870858e-01	2.478290e-01	6.751971e+01	2.098970e+00	8.090660e-01	
2  503.814	2.234510e+00	1.196293e-01	1.041946e+00	3.044032e+00	9.647893e-01	5.411314e-02	1.002260e+00	7.671463e+00	6.870858e-01	2.478290e-01	6.751971e+01	2.098970e+00	8.090660e-01	
43  502.608	2.234510e+00	1.196293e-01	1.041946e+00	3.044032e+00	9.647893e-01	5.411314e-02	1.001537e+00	7.671463e+00	6.870858e-01	2.478290e-01	6.751971e+01	2.098970e+00	8.090660e-01	
18  502.473	2.234510e+00	1.196293e-01	1.041946e+00	3.044032e+00	9.647893e-01	5.411314e-02	1.001379e+00	7.671463e+00	6.870858e-01	2.478290e-01	6.751971e+01	2.098970e+00	8.090660e-01	
5  503.61	2.234510e+00	1.196293e-01	1.041946e+00	3.044032e+00	9.647893e-01	5.411314e-02	1.002170e+00	7.671463e+00	6.870858e-01	2.478290e-01	6.751971e+01	2.098970e+00	8.090660e-01	
11  503.865	2.234510e+00	1.196293e-01	1.041946e+00	3.044032e+00	9.647893e-01	5.411314e-02	9.996794e-01	7.671463e+00	6.870858e-01	2.478290e-01	6.751971e+01	2.098970e+00	8.090660e-01	
2  504.155	2.234510e+00	1.196293e-01	1.041946e+00	3.044032e+00	9.647893e-01	5.411314e-02	1.002400e+00	7.671463e+00	6.870858e-01	2.478290e-01	6.751971e+01	2.098970e+00	8.090660e-01	
30  502.327	2.234510e+00	1.196293e-01	1.041946e+00	3.044032e+00	9.647893e-01	5.411314e-02	1.000934e+00	7.671463e+00	6.870858e-01	2.478290e-01	6.751971e+01	2.098970e+00	8.090660e-01	
4  503.19	2.234510e+00	1.196293e-01	1.041946e+00	3.044032e+00	9.647893e-01	5.411314e-02	1.000004e+00	7.671463e+00	6.870858e-01	2.478290e-01	6.751971e+01	2.098970e+00	8.090660e-01	
14  503.503	2.234510e+00	1.196293e-01	1.041946e+00	3.044032e+00	9.647893e-01	5.411314e-02	1.002119e+00	7.671463e+00	6.870858e-01	2.478290e-01	6.751971e+01	2.098970e+00	8.090660e-01	
15  502.634	2.234510e+00	1.196293e-01	1.041946e+00	3.044032e+00	9.647893e-01	5.411314e-02	1.001561e+00	7.671463e+00	6.870858e-01	2.478290e-01	6.751971e+01	2.098970e+00	8.090660e-01	
1  502.823	2.234510e+00	1.196293e-01	1.041946e+00	3.044032e+00	9.647893e-01	5.411314e-02	1.001722e+00	7.671463e+00	6.870858e-01	2.478290e-01	6.751971e+01	2.098970e+00	8.090660e-01	
15  502.398	2.234510e+00	1.196293e-01	1.041946e+00	3.044032e+00	9.647893e-01	5.411314e-02	1.001258e+00	7.671463e+00	6.870858e-01	2.478290e-01	6.751971e+01	2.098970e+00	8.090660e-01	
5  502.326	2.234510e+00	1.196293e-01	1.041946e+00	3.044032e+00	9.647893e-01	5.411314e-02	1.000923e+00	7.671463e+00	6.870858e-01	2.478290e-01	6.751971e+01	2.098970e+00	8.090660e-01	
7  502.467	2.234510e+00	1.196293e-01	1.041946e+00	3.044032e+00	9.647893e-01	5.411314e-02	1.000581e+00	7.671463e+00	6.870858e-01	2.478290e-01	6.751971e+01	2.098970e+00	8.090660e-01	
20  502.757	2.234510e+00	1.196293e-01	1.041946e+00	3.044032e+00	9.647893e-01	5.411314e-02	1.000289e+00	7.671463e+00	6.870858e-01	2.478290e-01	6.751971e+01	2.098970e+00	8.090660e-01	
5  502.816	2.234510e+00	1.196293e-01	1.041946e+00	3.044032e+00	9.647893e-01	5.411314e-02	1.000243e+00	7.671463e+00	6.870858e-01	2.478290e-01	6.751971e+01	2.098970e+00	8.090660e-01	
7  502.53	2.234510e+00	1.196293e-01	1.041946e+00	3.044032e+00	9.647893e-01	5.411314e-02	1.000502e+00	7.671463e+00	6.870858e-01	2.478290e-01	6.751971e+01	2.098970e+00	8.090660e-01	
4  503.135	2.234510e+00	1.196293e-01	1.041946e+00	3.044032e+00	9.647893e-01	5.411314e-02	1.001922e+00	7.671463e+00	6.870858e-01	2.478290e-01	6.751971e+01	2.098970e+00	8.090660e-01	
1  507.105	2.234510e+00	1.196293e-01	1.041946e+00	3.044032e+00	9.647893e-01	5.411314e-02	9.986992e-01	7.671463e+00	6.870858e-01	2.478290e-01	6.751971e+01	2.098970e+00	8.090660e-01	
3  504.963	2.234510e+00	1.196293e-01	1.041946e+00	3.044032e+00	9.647893e-01	5.411314e-02	9.992859e-01	7.671463e+00	6.870858e-01	2.478290e-01	6.751971e+01	2.098970e+00	8.090660e-01	
10  503.811	2.234510e+00	1.196293e-01	1.041946e+00	3.044032e+00	9.647893e-01	5.411314e-02	9.997026e-01	7.671463e+00	6.870858e-01	2.478290e-01	6.751971e+01	2.098970e+00	8.090660e-01	
22  502.768	2.234510e+00	1.196293e-01	1.041946e+00	3.044032e+00	9.647893e-01	5.411314e-02	1.000280e+00	7.671463e+00	6.870858e-01	2.478290e-01	6.751971e+01	2.098970e+00	8.090660e-01	
1  502.353	2.234510e+00	1.196293e-01	1.041946e+00	3.044032e+00	9.647893e-01	5.411314e-02	1.000797e+00	7.671463e+00	6.870858e-01	2.478290e-01	6.751971e+01	2.098970e+00	8.090660e-01	
27  502.335	2.234510e+00	1.196293e-01	1.041946e+00	3.044032e+00	9.647893e-01	5.411314e-02	1.000860e+00	7.671463e+00	6.870858e-01	2.478290e-01	6.751971e+01	2.098970e+00	8.090660e-01	
1  505.037	2.234510e+00	1.196293e-01	1.041946e+00	3.044032e+00	9.647893e-01	5.411314e-02	9.992621e-01	7.671463e+00	6.870858e-01	2.478290e-01	6.751971e+01	2.098970e+00	8.090660e-01	
4  503.768	2.234510e+00	1.196293e-01	1.041946e+00	3.044032e+00	9.647893e-01	5.411314e-02	9.997211e-01	7.671463e+00	6.870858e-01	2.478290e-01	6.751971e+01	2.098970e+00	8.090660e-01	
2  502.339	2.234510e+00	1.196293e-01	1.041946e+00	3.044032e+00	9.647893e-01	5.411314e-02	1.000843e+00	7.671463e+00	6.870858e-01	2.478290e-01	6.751971e+01	2.098970e+00	8.090660e-01	
11  502.704	2.235902e+00	1.196338e-01	1.042145e+00	3.040829e+00	9.655200e-01	5.245222e-02	1.000843e+00	7.498093e+00	6.877602e-01	2.478350e-01	6.759694e+01	2.092257e+00	8.081340e-01	
1  502.744	2.235902e+00	1.196338e-01	1.042145e+00	3.040829e+00	9.655200e-01	5.245222e-02	1.000748e+00	7.498093e+00	6.877602e-01	2.478350e-01	6.759694e+01	2.092257e+00	8.081340e-01	
9  503.487	2.235902e+00	1.196338e-01	1.042145e+00	3.040829e+00	9.655200e-01	5.245222e-02	1.001929e+00	7.498093e+00	6.877602e-01	2.478350e-01	6.759694e+01	2.092257e+00	8.081340e-01	
1  502.946	2.235902e+00	1.196338e-01	1.042145e+00	3.040829e+00	9.655200e-01	5.245222e-02	1.000470e+00	7.498093e+00	6.877602e-01	2.478350e-01	6.759694e+01	2.092257e+00	8.081340e-01	
8  503.269	2.235902e+00	1.196338e-01	1.042145e+00	3.040829e+00	9.655200e-01	5.245222e-02	1.000204e+00	7.498093e+00	6.877602e-01	2.478350e-01	6.759694e+01	2.092257e+00	8.081340e-01	
9  507.535	2.235902e+00	1.196338e-01	1.042145e+00	3.040829e+00	9.655200e-01	5.245222e-02	9.986948e-01	7.498093e+00	6.877602e-01	2.478350e-01	6.759694e+01	2.092257e+00	8.081340e-01	
1  505.345	2.235902e+00	1.196338e-01	1.042145e+00	3.040829e+00	9.655200e-01	5.245222e-02	9.992928e-01	7.498093e+00	6.877602e-01	2.478350e-01	6.759694e+01	2.092257e+00	8.081340e-01	
3  503.465	2.235902e+00	1.196338e-01	1.042145e+00	3.040829e+00	9.655200e-01	5.245222e-02	1.000077e+00	7.498093e+00	6.877602e-01	2.478350e-01	6.759694e+01	2.092257e+00	8.081340e-01	
51  502.756	2.235902e+00	1.196338e-01	1.042145e+00	3.040829e+00	9.655200e-01	5.245222e-02	1.000722e+00	7.498093e+00	6.877602e-01	2.478350e-01	6.759694e+01	2.092257e+00	8.081340e-01	
2  502.806	2.235902e+00	1.196338e-01	1.042145e+00	3.040829e+00	9.655200e-01	5.245222e-02	1.001357e+00	7.498093e+00	6.877602e-01	2.478350e-01	6.759694e+01	2.092257e+00	8.081340e-01	
4  504.179	2.240097e+00	1.212636e-01	1.041671e+00	3.031134e+00	9.610047e-01	4.585231e-02	1.001357e+00	6.814438e+00	6.775306e-01	2.478529e-01	6.690468e+01	2.072072e+00	8.076066e-01	
10  503.047	2.222185e+00	1.217577e-01	1.041695e+00	3.045763e+00	9.607062e-01	5.154407e-02	1.001357e+00	7.465103e+00	6.736825e-01	2.477763e-01	6.658155e+01	2.102607e+00	8.157664e-01	
13  504.244	2.222185e+00	1.217577e-01	1.041695e+00	3.045763e+00	9.607062e-01	5.154407e-02	1.000612e+00	7.465103e+00	6.736825e-01	2.477763e-01	6.658155e+01	2.102607e+00	8.157664e-01	
11  502.831	2.222185e+00	1.217577e-01	1.041695e+00	3.045763e+00	9.607062e-01	5.154407e-02	1.002008e+00	7.465103e+00	6.736825e-01	2.477763e-01	6.658155e+01	2.102607e+00	8.157664e-01	
18  502.825	2.222185e+00	1.217577e-01	1.041695e+00	3.045763e+00	9.607062e-01	5.154407e-02	1.001739e+00	7.465103e+00	6.736825e-01	2.477763e-01	6.658155e+01	2.102607e+00	8.157664e-01	
19  502.98	2.222185e+00	1.217577e-01	1.041695e+00	3.045763e+00	9.607062e-01	5.154407e-02	1.002310e+00	7.465103e+00	6.736825e-01	2.477763e-01	6.658155e+01	2.102607e+00	8.157664e-01	
2  502.82	2.222185e+00	1.217577e-01	1.041695e+00	3.045763e+00	9.607062e-01	5.154407e-02	1.001765e+00	7.465103e+00	6.736825e-01	2.477763e-01	6.658155e+01	2.102607e+00	8.157664e-01	
15  503.005	2.222185e+00	1.217577e-01	1.041695e+00	3.045763e+00	9.607062e-01	5.154407e-02	1.001404e+00	7.465103e+00	6.736825e-01	2.477763e-01	6.658155e+01	2.102607e+00	8.157664e-01	
14  502.837	2.222185e+00	1.217577e-01	1.041695e+00	3.045763e+00	9.607062e-01	5.154407e-02	1.001695e+00	7.465103e+00	6.736825e-01	2.477763e-01	6.658155e+01	2.102607e+00	8.157664e-01	
1  502.811	2.222185e+00	1.217577e-01	1.041695e+00	3.045763e+00	9.607062e-01	5.154407e-02	1.001842e+00	7.465103e+00	6.736825e-01	2.477763e-01	6.658155e+01	2.102607e+00	8.157664e-01	
14  504.099	2.222185e+00	1.217577e-01	1.041695e+00	3.045763e+00	9.607062e-01	5.154407e-02	1.000677e+00	7.465103e+00	6.736825e-01	2.477763e-01	6.658155e+01	2.102607e+00	8.157664e-01	
30  502.823	2.222185e+00	1.217577e-01	1.041695e+00	3.045763e+00	9.607062e-01	5.154407e-02	1.001970e+00	7.465103e+00	6.736825e-01	2.477763e-01	6.658155e+01	2.102607e+00	8.157664e-01	
2  503.024	2.222185e+00	1.217577e-01	1.041695e+00	3.045763e+00	9.607062e-01	5.154407e-02	1.002361e+00	7.465103e+00	6.736825e-01	2.477763e-01	6.658155e+01	2.102607e+00	8.157664e-01	
12  502.892	2.222185e+00	1.217577e-01	1.041695e+00	3.045763e+00	9.607062e-01	5.154407e-02	1.002173e+00	7.465103e+00	6.736825e-01	2.477763e-01	6.658155e+01	2.102607e+00	8.157664e-01	
1  503.36	2.222185e+00	1.217577e-01	1.041695e+00	3.045763e+00	9.607062e-01	5.154407e-02	1.001088e+00	7.465103e+00	6.736825e-01	2.477763e-01	6.658155e+01	2.102607e+00	8.157664e-01	
2  502.836	2.222185e+00	1.217577e-01	1.041695e+00	3.045763e+00	9.607062e-01	5.154407e-02	1.001699e+00	7.465103e+00	6.736825e-01	2.477763e-01	6.658155e+01	2.102607e+00	8.157664e-01	
5  502.891	2.222185e+00	1.217577e-01	1.041695e+00	3.045763e+00	9.607062e-01	5.154407e-02	1.002156e+00	7.465103e+00	6.736825e-01	2.477763e-01	6.658155e+01	2.102607e+00	8.157664e-01	
8  502.949	2.222185e+00	1.217577e-01	1.041695e+00	3.045763e+00	9.607062e-01	5.154407e-02	1.002262e+00	7.465103e+00	6.736825e-01	2.477763e-01	6.658155e+01	2.102607e+00	8.157664e-01	
6  503.531	2.222185e+00	1.217577e-01	1.041695e+00	3.045763e+00	9.607062e-01	5.154407e-02	1.000976e+00	7.465103e+00	6.736825e-01	2.477763e-01	6.658155e+01	2.102607e+00	8.157664e-01	
9  503.987	2.222185e+00	1.217577e-01	1.041695e+00	3.045763e+00	9.607062e-01	5.154407e-02	1.000730e+00	7.465103e+00	6.736825e-01	2.477763e-01	6.658155e+01	2.102607e+00	8.157664e-01	
18  504.538	2.217415e+00	1.225925e-01	1.041297e+00	3.046742e+00	9.587285e-01	5.273062e-02	1.000730e+00	7.611801e+00	6.673046e-01	2.477559e-01	6.611940e+01	2.104666e+00	8.180222e-01	
7  504.909	2.217415e+00	1.225925e-01	1.041297e+00	3.046742e+00	9.587285e-01	5.273062e-02	9.997178e-01	7.611801e+00	6.673046e-01	2.477559e-01	6.611940e+01	2.104666e+00	8.180222e-01	
13  504.842	2.217415e+00	1.225925e-01	1.041297e+00	3.046742e+00	9.587285e-01	5.273062e-02	9.997721e-01	7.611801e+00	6.673046e-01	2.477559e-01	6.611940e+01	2.104666e+00	8.180222e-01	
3  504.448	2.217415e+00	1.225925e-01	1.041297e+00	3.046742e+00	9.587285e-01	5.273062e-02	1.000406e+00	7.611801e+00	6.673046e-01	2.477559e-01	6.611940e+01	2.104666e+00	8.180222e-01	
17  506.224	2.217415e+00	1.225925e-01	1.041297e+00	3.046742e+00	9.587285e-01	5.273062e-02	9.990353e-01	7.611801e+00	6.673046e-01	2.477559e-01	6.611940e+01	2.104666e+00	8.180222e-01	
2  505.976	2.217415e+00	1.225925e-01	1.041297e+00	3.046742e+00	9.587285e-01	5.273062e-02	1.001724e+00	7.611801e+00	6.673046e-01	2.477559e-01	6.611940e+01	2.104666e+00	8.180222e-01	
14  503.987	2.237853e+00	1.212837e-01	1.041707e+00	3.066889e+00	9.614869e-01	6.302590e-02	1.001724e+00	8.581833e+00	6.773915e-01	2.478433e-01	6.688971e+01	2.147498e+00	8.225013e-01	
27  503.729	2.237853e+00	1.212837e-01	1.041707e+00	3.066889e+00	9.614869e-01	6.302590e-02	1.001088e+00	8.581833e+00	6.773915e-01	2.478433e-01	6.688971e+01	2.147498e+00	8.225013e-01	
16  503.918	2.237853e+00	1.212837e-01	1.041707e+00	3.066889e+00	9.614869e-01	6.302590e-02	1.000722e+00	8.581833e+00	6.773915e-01	2.478433e-01	6.688971e+01	2.147498e+00	8.225013e-01	
13  504.44	2.237853e+00	1.212837e-01	1.041707e+00	3.066889e+00	9.614869e-01	6.302590e-02	1.002071e+00	8.581833e+00	6.773915e-01	2.478433e-01	6.688971e+01	2.147498e+00	8.225013e-01	
1  504.279	2.237853e+00	1.212837e-01	1.041707e+00	3.066889e+00	9.614869e-01	6.302590e-02	1.000400e+00	8.581833e+00	6.773915e-01	2.478433e-01	6.688971e+01	2.147498e+00	8.225013e-01	
5  503.781	2.237853e+00	1.212837e-01	1.041707e+00	3.066889e+00	9.614869e-01	6.302590e-02	1.001458e+00	8.581833e+00	6.773915e-01	2.478433e-01	6.688971e+01	2.147498e+00	8.225013e-01	
28  503.803	2.237853e+00	1.212837e-01	1.041707e+00	3.066889e+00	9.614869e-01	6.302590e-02	1.001499e+00	8.581833e+00	6.773915e-01	2.478433e-01	6.688971e+01	2.147498e+00	8.225013e-01	
11  503.758	2.237853e+00	1.212837e-01	1.041707e+00	3.066889e+00	9.614869e-01	6.302590e-02	1.001415e+00	8.581833e+00	6.773915e-01	2.478433e-01	6.688971e+01	2.147498e+00	8.225013e-01	
5  504.457	2.226666e+00	1.212958e-01	1.041481e+00	3.064780e+00	9.635913e-01	6.151251e-02	1.001415e+00	8.460403e+00	6.758784e-01	2.477955e-01	6.671033e+01	2.142974e+00	8.225491e-01	
1  504.295	2.226666e+00	1.212958e-01	1.041481e+00	3.064780e+00	9.635913e-01	6.151251e-02	1.001549e+00	8.460403e+00	6.758784e-01	2.477955e-01	6.671033e+01	2.142974e+00	8.225491e-01	
49  504.141	2.226666e+00	1.212958e-01	1.041481e+00	3.064780e+00	9.635913e-01	6.151251e-02	1.002606e+00	8.460403e+00	6.758784e-01	2.477955e-01	6.671033e+01	2.142974e+00	8.225491e-01	
14  504.178	2.226666e+00	1.212958e-01	1.041481e+00	3.064780e+00	9.635913e-01	6.151251e-02	1.001670e+00	8.460403e+00	6.758784e-01	2.477955e-01	6.671033e+01	2.142974e+00	8.225491e-01	
17  504.64	2.226666e+00	1.212958e-01	1.041481e+00	3.064780e+00	9.635913e-01	6.151251e-02	1.003019e+00	8.460403e+00	6.758784e-01	2.477955e-01	6.671033e+01	2.142974e+00	8.225491e-01	
1  504.853	2.226666e+00	1.212958e-01	1.041481e+00	3.064780e+00	9.635913e-01	6.151251e-02	1.001161e+00	8.460403e+00	6.758784e-01	2.477955e-01	6.671033e+01	2.142974e+00	8.225491e-01	
17  504.126	2.226666e+00	1.212958e-01	1.041481e+00	3.064780e+00	9.635913e-01	6.151251e-02	1.001727e+00	8.460403e+00	6.758784e-01	2.477955e-01	6.671033e+01	2.142974e+00	8.225491e-01	
2  504.521	2.226666e+00	1.212958e-01	1.041481e+00	3.064780e+00	9.635913e-01	6.151251e-02	1.001369e+00	8.460403e+00	6.758784e-01	2.477955e-01	6.671033e+01	2.142974e+00	8.225491e-01	
13  503.985	2.226666e+00	1.212958e-01	1.041481e+00	3.064780e+00	9.635913e-01	6.151251e-02	1.001982e+00	8.460403e+00	6.758784e-01	2.477955e-01	6.671033e+01	2.142974e+00	8.225491e-01	
3  504.245	2.226666e+00	1.212958e-01	1.041481e+00	3.064780e+00	9.635913e-01	6.151251e-02	1.001597e+00	8.460403e+00	6.758784e-01	2.477955e-01	6.671033e+01	2.142974e+00	8.225491e-01	
1  504.653	2.226666e+00	1.212958e-01	1.041481e+00	3.064780e+00	9.635913e-01	6.151251e-02	1.001281e+00	8.460403e+00	6.758784e-01	2.477955e-01	6.671033e+01	2.142974e+00	8.225491e-01	
13  504.464	2.226666e+00	1.212958e-01	1.041481e+00	3.064780e+00	9.635913e-01	6.151251e-02	1.001410e+00	8.460403e+00	6.758784e-01	2.477955e-01	6.671033e+01	2.142974e+00	8.225491e-01	
2  504.357	2.226666e+00	1.212958e-01	1.041481e+00	3.064780e+00	9.635913e-01	6.151251e-02	1.002815e+00	8.460403e+00	6.758784e-01	2.477955e-01	6.671033e+01	2.142974e+00	8.225491e-01	
15  504.392	2.226666e+00	1.212958e-01	1.041481e+00	3.064780e+00	9.635913e-01	6.151251e-02	1.001466e+00	8.460403e+00	6.758784e-01	2.477955e-01	6.671033e+01	2.142974e+00	8.225491e-01	
6  504.068	2.226666e+00	1.212958e-01	1.041481e+00	3.064780e+00	9.635913e-01	6.151251e-02	1.001808e+00	8.460403e+00	6.758784e-01	2.477955e-01	6.671033e+01	2.142974e+00	8.225491e-01	
8  503.645	2.247174e+00	1.202974e-01	1.041708e+00	3.057453e+00	9.677744e-01	5.891843e-02	1.001808e+00	8.137527e+00	6.834544e-01	2.478830e-01	6.731803e+01	2.127330e+00	8.169317e-01	
13  503.604	2.247174e+00	1.202974e-01	1.041708e+00	3.057453e+00	9.677744e-01	5.891843e-02	1.002017e+00	8.137527e+00	6.834544e-01	2.478830e-01	6.731803e+01	2.127330e+00	8.169317e-01	
8  504.386	2.247174e+00	1.202974e-01	1.041708e+00	3.057453e+00	9.677744e-01	5.891843e-02	1.001090e+00	8.137527e+00	6.834544e-01	2.478830e-01	6.731803e+01	2.127330e+00	8.169317e-01	
7  504.071	2.229912e+00	1.204657e-01	1.041959e+00	3.048274e+00	9.628981e-01	5.365386e-02	1.001090e+00	7.647598e+00	6.822396e-01	2.478094e-01	6.718822e+01	2.107892e+00	8.131886e-01	
4  503.087	2.229912e+00	1.204657e-01	1.041959e+00	3.048274e+00	9.628981e-01	5.365386e-02	1.003132e+00	7.647598e+00	6.822396e-01	2.478094e-01	6.718822e+01	2.107892e+00	8.131886e-01	
12  502.729	2.229912e+00	1.204657e-01	1.041959e+00	3.048274e+00	9.628981e-01	5.365386e-02	1.001952e+00	7.647598e+00	6.822396e-01	2.478094e-01	6.718822e+01	2.107892e+00	8.131886e-01	
1  503.441	2.229912e+00	1.204657e-01	1.041959e+00	3.048274e+00	9.628981e-01	5.365386e-02	1.001395e+00	7.647598e+00	6.822396e-01	2.478094e-01	6.718822e+01	2.107892e+00	8.131886e-01	
