43  61.6819	9.440373e-01	-7.298456e+00	7.400000e-01	-4.380000e+00	1.450000e+00	-1.930000e+00	3.500000e-01	2.600000e-01	1.800000e-01	7.000000e-02	0.000000e+00	8.268225e-01	7.671100e+00	
5  45.5416	9.440373e-01	-7.298456e+00	3.290304e-01	-4.925853e+00	1.313321e+00	-1.777971e+00	3.710616e-01	2.499145e-01	2.006174e-01	6.104443e-02	4.761686e-01	8.268225e-01	7.671100e+00	
68  41.263	9.440373e-01	-7.298456e+00	8.356781e-02	-4.157932e+00	1.336676e+00	-1.451388e+00	3.715554e-01	2.876378e-01	2.135123e-01	5.089340e-02	5.464599e-01	8.268225e-01	7.671100e+00	
5  37.8252	9.440373e-01	-7.298456e+00	3.084569e-02	-3.378862e+00	1.237758e+00	-1.842697e+00	3.288895e-01	3.057674e-01	1.500387e-01	7.956640e-02	6.161736e-01	8.268225e-01	7.671100e+00	
11  38.483	9.158703e-01	-7.414937e+00	3.084569e-02	-3.378862e+00	1.237758e+00	-1.842697e+00	3.288895e-01	3.057674e-01	1.500387e-01	7.956640e-02	6.161736e-01	8.271609e-01	7.671100e+00	
83  39.046	8.695479e-01	-3.882256e+00	3.084569e-02	-3.378862e+00	1.237758e+00	-1.842697e+00	3.288895e-01	3.057674e-01	1.500387e-01	7.956640e-02	6.161736e-01	8.260315e-01	7.671100e+00	
6  35.58	8.695479e-01	-3.882256e+00	3.559397e-01	-4.208686e+00	1.211323e+00	-1.307123e+00	3.613817e-01	2.882511e-01	1.639175e-01	1.125455e-01	2.779395e-01	8.260315e-01	7.671100e+00	
10  35.6418	7.659959e-01	-3.044363e+00	3.559397e-01	-4.208686e+00	1.211323e+00	-1.307123e+00	3.613817e-01	2.882511e-01	1.639175e-01	1.125455e-01	2.779395e-01	8.280206e-01	7.671100e+00	
14  33.2186	6.238251e-01	-3.698173e+00	3.559397e-01	-4.208686e+00	1.211323e+00	-1.307123e+00	3.613817e-01	2.882511e-01	1.639175e-01	1.125455e-01	2.779395e-01	8.270126e-01	7.671100e+00	
360  28.7464	6.238251e-01	-3.698173e+00	3.559040e-01	-4.504367e+00	1.358869e+00	-1.498674e+00	3.287093e-01	2.833932e-01	1.526843e-01	6.829734e-02	3.541255e-01	8.270126e-01	7.671100e+00	
491  28.3641	5.012051e-01	-4.544906e+00	3.559040e-01	-4.504367e+00	1.358869e+00	-1.498674e+00	3.287093e-01	2.833932e-01	1.526843e-01	6.829734e-02	3.541255e-01	8.294770e-01	7.671100e+00	
225  27.9477	5.012051e-01	-4.544906e+00	3.631696e-01	-3.190652e+00	1.343142e+00	-5.200488e-01	3.781709e-01	2.985772e-01	1.698053e-01	7.452221e-02	4.156865e-01	8.294770e-01	7.671100e+00	
118  26.9351	5.167164e-01	-3.467428e+00	3.631696e-01	-3.190652e+00	1.343142e+00	-5.200488e-01	3.781709e-01	2.985772e-01	1.698053e-01	7.452221e-02	4.156865e-01	8.309578e-01	7.671100e+00	
79  28.6255	5.167164e-01	-3.467428e+00	6.019368e-01	-2.991293e+00	1.291333e+00	6.335294e-01	3.479427e-01	2.928990e-01	1.537453e-01	6.966893e-02	5.853090e-02	8.309578e-01	7.671100e+00	
239  27.0864	4.997887e-01	-4.466801e+00	6.019368e-01	-2.991293e+00	1.291333e+00	6.335294e-01	3.479427e-01	2.928990e-01	1.537453e-01	6.966893e-02	5.853090e-02	8.304874e-01	7.671100e+00	
180  27.486	4.997887e-01	-4.466801e+00	6.827103e-01	-4.326784e+00	1.163314e+00	-3.960110e-01	3.632605e-01	2.771078e-01	2.047207e-01	5.201500e-02	1.333059e-01	8.304874e-01	7.671100e+00	
110  27.4708	3.497023e-01	-3.648810e+00	6.827103e-01	-4.326784e+00	1.163314e+00	-3.960110e-01	3.632605e-01	2.771078e-01	2.047207e-01	5.201500e-02	1.333059e-01	8.224616e-01	7.671100e+00	
63  28.1966	4.933265e-01	-4.173385e+00	6.827103e-01	-4.326784e+00	1.163314e+00	-3.960110e-01	3.632605e-01	2.771078e-01	2.047207e-01	5.201500e-02	1.333059e-01	8.295239e-01	7.671100e+00	
495  30.1286	4.933265e-01	-4.173385e+00	6.058721e-01	-4.847674e+00	1.197769e+00	-6.930855e-01	3.726077e-01	2.703607e-01	1.912665e-01	8.183494e-02	3.162898e-02	8.295239e-01	7.671100e+00	
105  28.9619	4.933265e-01	-4.173385e+00	5.303133e-01	-4.669432e+00	1.316278e+00	-1.400697e+00	3.775062e-01	2.901122e-01	1.248231e-01	7.077117e-02	3.577026e-02	8.295239e-01	7.671100e+00	
249  28.0747	4.933265e-01	-4.173385e+00	4.287815e-01	-4.461054e+00	1.228822e+00	-1.432109e+00	3.603752e-01	3.350511e-01	1.482660e-01	1.155543e-01	4.263959e-01	8.295239e-01	7.671100e+00	
270  29.3721	4.095601e-01	-4.140081e+00	4.287815e-01	-4.461054e+00	1.228822e+00	-1.432109e+00	3.603752e-01	3.350511e-01	1.482660e-01	1.155543e-01	4.263959e-01	8.314071e-01	7.671100e+00	
63  28.7072	4.095601e-01	-4.140081e+00	5.018405e-01	-4.380622e+00	1.217869e+00	-1.561380e+00	3.829217e-01	3.396170e-01	1.564428e-01	6.847135e-02	4.603936e-01	8.314071e-01	7.671100e+00	
29  27.5781	4.095601e-01	-4.140081e+00	4.700519e-01	-4.719074e+00	1.341612e+00	7.287191e-01	3.878633e-01	3.428915e-01	1.956785e-01	5.768231e-02	3.742029e-01	8.314071e-01	7.671100e+00	
210  28.0925	4.095601e-01	-4.140081e+00	2.948985e-01	-4.852242e+00	1.420091e+00	-4.501376e-03	3.561273e-01	3.527733e-01	2.013458e-01	3.496005e-02	4.539850e-01	8.314071e-01	7.671100e+00	
117  27.5517	3.748844e-01	-3.150328e+00	2.948985e-01	-4.852242e+00	1.420091e+00	-4.501376e-03	3.561273e-01	3.527733e-01	2.013458e-01	3.496005e-02	4.539850e-01	8.313521e-01	7.671100e+00	
8  29.1099	3.748844e-01	-3.150328e+00	2.773864e-01	-4.293211e+00	1.380996e+00	3.770246e-02	3.418354e-01	3.363287e-01	1.990394e-01	6.565463e-02	8.593813e-01	8.313521e-01	7.671100e+00	
48  28.8845	3.748844e-01	-3.150328e+00	1.406953e-01	-3.576512e+00	1.530729e+00	1.286009e+00	3.790106e-01	3.199689e-01	1.852516e-01	8.526624e-02	7.410041e-01	8.313521e-01	7.671100e+00	
116  26.9771	3.748844e-01	-3.150328e+00	4.275742e-01	-3.910834e+00	1.406005e+00	-5.793341e-01	3.781014e-01	3.172882e-01	1.360690e-01	4.865936e-02	3.529561e-01	8.313521e-01	7.671100e+00	
591  21.3996	3.748844e-01	-3.150328e+00	5.643551e-01	-4.100494e+00	1.435720e+00	-1.157303e-02	3.752803e-01	3.128596e-01	1.459478e-01	5.438829e-02	1.930279e-01	8.313521e-01	7.671100e+00	
176  20.9323	4.288928e-01	-4.781862e+00	5.643551e-01	-4.100494e+00	1.435720e+00	-1.157303e-02	3.752803e-01	3.128596e-01	1.459478e-01	5.438829e-02	1.930279e-01	8.317305e-01	7.671100e+00	
1210  21.9135	3.963026e-01	-3.293518e+00	5.643551e-01	-4.100494e+00	1.435720e+00	-1.157303e-02	3.752803e-01	3.128596e-01	1.459478e-01	5.438829e-02	1.930279e-01	8.319113e-01	7.671100e+00	
947  21.2312	4.074583e-01	-3.318385e+00	5.643551e-01	-4.100494e+00	1.435720e+00	-1.157303e-02	3.752803e-01	3.128596e-01	1.459478e-01	5.438829e-02	1.930279e-01	8.236377e-01	7.671100e+00	
769  21.5174	4.314099e-01	-5.060153e+00	5.643551e-01	-4.100494e+00	1.435720e+00	-1.157303e-02	3.752803e-01	3.128596e-01	1.459478e-01	5.438829e-02	1.930279e-01	8.243875e-01	7.671100e+00	
60  23.3241	3.342282e-01	-3.488215e+00	5.643551e-01	-4.100494e+00	1.435720e+00	-1.157303e-02	3.752803e-01	3.128596e-01	1.459478e-01	5.438829e-02	1.930279e-01	8.327010e-01	7.671100e+00	
172  19.8782	3.342282e-01	-3.488215e+00	5.986304e-01	-4.676443e+00	1.450871e+00	-1.025371e+00	3.981499e-01	3.146935e-01	1.895079e-01	5.479402e-02	3.022886e-01	8.327010e-01	7.671100e+00	
692  20.5526	3.516587e-01	-3.468634e+00	5.986304e-01	-4.676443e+00	1.450871e+00	-1.025371e+00	3.981499e-01	3.146935e-01	1.895079e-01	5.479402e-02	3.022886e-01	8.299194e-01	7.671100e+00	
11  21.0168	3.230898e-01	-6.794983e+00	5.986304e-01	-4.676443e+00	1.450871e+00	-1.025371e+00	3.981499e-01	3.146935e-01	1.895079e-01	5.479402e-02	3.022886e-01	8.271347e-01	7.671100e+00	
88  21.0098	2.066926e-01	-6.816762e+00	5.986304e-01	-4.676443e+00	1.450871e+00	-1.025371e+00	3.981499e-01	3.146935e-01	1.895079e-01	5.479402e-02	3.022886e-01	8.233313e-01	7.671100e+00	
190  19.8936	2.947058e-01	-7.095666e+00	5.986304e-01	-4.676443e+00	1.450871e+00	-1.025371e+00	3.981499e-01	3.146935e-01	1.895079e-01	5.479402e-02	3.022886e-01	8.266238e-01	7.671100e+00	
92  21.7776	2.947058e-01	-7.095666e+00	5.605982e-01	-4.998831e+00	1.469679e+00	-2.360493e+00	3.486799e-01	3.215011e-01	2.128905e-01	4.002094e-02	4.517597e-01	8.266238e-01	7.671100e+00	
37  19.2249	2.947058e-01	-7.095666e+00	7.963307e-01	-4.849327e+00	1.469933e+00	-2.106674e+00	3.754529e-01	2.818358e-01	1.738074e-01	9.069867e-02	1.474856e-01	8.266238e-01	7.671100e+00	
198  19.3803	3.439849e-01	-7.737537e+00	7.963307e-01	-4.849327e+00	1.469933e+00	-2.106674e+00	3.754529e-01	2.818358e-01	1.738074e-01	9.069867e-02	1.474856e-01	8.229097e-01	7.671100e+00	
638  19.6573	3.397535e-01	-3.986181e+00	7.963307e-01	-4.849327e+00	1.469933e+00	-2.106674e+00	3.754529e-01	2.818358e-01	1.738074e-01	9.069867e-02	1.474856e-01	8.327868e-01	7.671100e+00	
155  19.5247	3.424045e-01	-5.210034e+00	7.963307e-01	-4.849327e+00	1.469933e+00	-2.106674e+00	3.754529e-01	2.818358e-01	1.738074e-01	9.069867e-02	1.474856e-01	8.330178e-01	7.671100e+00	
146  21.3421	2.598264e-01	-4.476833e+00	7.963307e-01	-4.849327e+00	1.469933e+00	-2.106674e+00	3.754529e-01	2.818358e-01	1.738074e-01	9.069867e-02	1.474856e-01	8.262816e-01	7.671100e+00	
20  21.6018	2.598264e-01	-4.476833e+00	7.038426e-01	-4.593296e+00	1.303489e+00	-1.487511e+00	3.584678e-01	2.897825e-01	2.296071e-01	6.246221e-02	4.640366e-01	8.262816e-01	7.671100e+00	
19  23.4745	2.598264e-01	-4.476833e+00	6.174131e-01	-4.589084e+00	1.240140e+00	-2.004312e+00	3.543700e-01	3.396094e-01	2.364258e-01	1.271777e-01	9.879640e-01	8.262816e-01	7.671100e+00	
73  21.9558	2.598264e-01	-4.476833e+00	7.090203e-01	-3.800910e+00	1.230953e+00	-2.128844e+00	3.625339e-01	3.500470e-01	2.599820e-01	1.269786e-01	7.638717e-01	8.262816e-01	7.671100e+00	
33  25.0338	2.598264e-01	-4.476833e+00	8.591682e-01	-4.736254e+00	1.375105e+00	-3.282326e+00	3.808505e-01	3.668059e-01	2.231110e-01	7.937494e-02	6.210412e-01	8.262816e-01	7.671100e+00	
35  20.889	2.598264e-01	-4.476833e+00	5.745948e-01	-4.849599e+00	1.345303e+00	-2.880741e+00	3.861442e-01	3.133387e-01	2.399776e-01	8.479550e-02	6.020890e-01	8.262816e-01	7.671100e+00	
62  25.7844	2.598264e-01	-4.476833e+00	1.232394e+00	-4.872004e+00	1.414170e+00	-2.863203e+00	3.920535e-01	3.013184e-01	2.587069e-01	2.496461e-02	7.554295e-01	8.262816e-01	7.671100e+00	
84  25.2831	2.598264e-01	-4.476833e+00	1.315486e+00	-4.762235e+00	1.316112e+00	-3.118808e+00	4.041882e-01	3.089015e-01	2.890361e-01	5.445030e-02	9.773044e-01	8.262816e-01	7.671100e+00	
72  23.3201	2.316233e-01	-7.264519e+00	1.315486e+00	-4.762235e+00	1.316112e+00	-3.118808e+00	4.041882e-01	3.089015e-01	2.890361e-01	5.445030e-02	9.773044e-01	8.247497e-01	7.671100e+00	
17  22.9588	2.316233e-01	-7.264519e+00	1.055434e+00	-4.293796e+00	1.313040e+00	-2.434145e+00	3.885705e-01	3.167733e-01	2.317159e-01	4.719398e-02	8.243512e-01	8.247497e-01	7.671100e+00	
68  22.262	1.426616e-01	-7.436617e+00	1.055434e+00	-4.293796e+00	1.313040e+00	-2.434145e+00	3.885705e-01	3.167733e-01	2.317159e-01	4.719398e-02	8.243512e-01	8.265188e-01	7.671100e+00	
22  23.5986	1.426616e-01	-7.436617e+00	7.458580e-01	-2.923268e+00	1.302984e+00	-1.863245e+00	3.845216e-01	3.321158e-01	1.902512e-01	5.176422e-02	6.754201e-01	8.265188e-01	7.671100e+00	
85  21.7058	1.426616e-01	-7.436617e+00	7.028796e-01	-2.292271e+00	1.258203e+00	-1.877790e+00	3.694402e-01	3.183212e-01	2.362487e-01	7.178110e-02	6.565171e-01	8.265188e-01	7.671100e+00	
74  22.5769	1.651613e-01	-4.913568e+00	7.028796e-01	-2.292271e+00	1.258203e+00	-1.877790e+00	3.694402e-01	3.183212e-01	2.362487e-01	7.178110e-02	6.565171e-01	8.240532e-01	7.671100e+00	
67  23.0188	1.651613e-01	-4.913568e+00	7.171379e-01	-3.169427e+00	1.228184e+00	-1.180104e+00	3.730736e-01	3.767051e-01	2.683763e-01	1.387639e-01	6.624106e-01	8.240532e-01	7.671100e+00	
48  22.0758	1.651613e-01	-4.913568e+00	5.674742e-01	-3.486364e+00	1.345885e+00	-1.420802e+00	3.922077e-01	3.380562e-01	2.516924e-01	1.149078e-01	6.803918e-01	8.240532e-01	7.671100e+00	
50  21.825	1.651613e-01	-4.913568e+00	3.507827e-01	-3.586088e+00	1.388429e+00	-1.578506e+00	3.492029e-01	3.378160e-01	2.747024e-01	9.788021e-02	9.982153e-01	8.240532e-01	7.671100e+00	
57  21.9835	1.651613e-01	-4.913568e+00	4.715717e-01	-2.845926e+00	1.398269e+00	-2.423740e+00	4.026044e-01	3.228171e-01	2.196025e-01	8.696592e-02	8.230345e-01	8.240532e-01	7.671100e+00	
82  20.7828	1.651613e-01	-4.913568e+00	6.859082e-01	-4.962613e+00	1.267813e+00	-2.534616e+00	3.783982e-01	3.161261e-01	2.461501e-01	9.855779e-02	8.850292e-01	8.240532e-01	7.671100e+00	
85  21.9526	1.651613e-01	-4.913568e+00	1.129294e+00	-3.830746e+00	1.220741e+00	-2.419420e+00	3.785357e-01	3.568934e-01	2.710492e-01	8.437259e-02	9.569988e-01	8.240532e-01	7.671100e+00	
25  23.6589	8.689836e-02	-3.951589e+00	1.129294e+00	-3.830746e+00	1.220741e+00	-2.419420e+00	3.785357e-01	3.568934e-01	2.710492e-01	8.437259e-02	9.569988e-01	8.228153e-01	7.671100e+00	
15  21.7458	8.689836e-02	-3.951589e+00	1.299966e+00	-4.238448e+00	1.251106e+00	-2.464738e+00	4.368245e-01	3.779819e-01	3.015754e-01	9.688869e-02	7.445767e-01	8.228153e-01	7.671100e+00	
145  22.6441	8.689836e-02	-3.951589e+00	1.039843e+00	-4.425075e+00	1.191468e+00	-2.535454e+00	4.400569e-01	3.947264e-01	2.735020e-01	1.131227e-01	5.421182e-01	8.228153e-01	7.671100e+00	
122  22.9997	8.689836e-02	-3.951589e+00	1.565633e+00	-4.279432e+00	1.301493e+00	-3.269420e+00	4.590440e-01	4.083951e-01	2.688910e-01	1.102286e-01	9.840466e-01	8.228153e-01	7.671100e+00	
62  23.0186	1.411329e-01	-4.099954e+00	1.565633e+00	-4.279432e+00	1.301493e+00	-3.269420e+00	4.590440e-01	4.083951e-01	2.688910e-01	1.102286e-01	9.840466e-01	8.255581e-01	7.671100e+00	
655  23.9245	1.411329e-01	-4.099954e+00	1.491901e+00	-4.847513e+00	1.221316e+00	-4.664809e+00	4.619588e-01	4.257139e-01	2.774126e-01	1.289931e-01	9.709365e-01	8.255581e-01	7.671100e+00	
21  25.1927	1.411329e-01	-4.099954e+00	1.703915e+00	-4.192437e+00	1.203377e+00	-4.822713e+00	4.557196e-01	3.851688e-01	3.015096e-01	1.181309e-01	7.526188e-01	8.255581e-01	7.671100e+00	
8  30.2188	1.950667e-01	-5.250097e+00	1.703915e+00	-4.192437e+00	1.203377e+00	-4.822713e+00	4.557196e-01	3.851688e-01	3.015096e-01	1.181309e-01	7.526188e-01	8.273885e-01	7.671100e+00	
127  31.0042	1.950667e-01	-5.250097e+00	1.707513e+00	-4.166953e+00	1.267370e+00	-4.095438e+00	4.714765e-01	3.742689e-01	2.830023e-01	7.393095e-02	7.843707e-01	8.273885e-01	7.671100e+00	
161  29.625	1.950667e-01	-5.250097e+00	1.876041e+00	-4.547382e+00	1.062768e+00	-2.220232e+00	5.012990e-01	3.918354e-01	2.831518e-01	9.357926e-02	9.398998e-01	8.273885e-01	7.671100e+00	
4  29.9942	2.902036e-01	-5.037075e+00	1.876041e+00	-4.547382e+00	1.062768e+00	-2.220232e+00	5.012990e-01	3.918354e-01	2.831518e-01	9.357926e-02	9.398998e-01	8.249848e-01	7.671100e+00	
40  30.101	2.902036e-01	-5.037075e+00	1.377401e+00	-4.500313e+00	1.092961e+00	-2.519477e+00	5.149237e-01	4.285965e-01	2.821203e-01	1.271458e-01	9.195967e-01	8.249848e-01	7.671100e+00	
18  26.848	3.411514e-02	-5.785864e+00	1.377401e+00	-4.500313e+00	1.092961e+00	-2.519477e+00	5.149237e-01	4.285965e-01	2.821203e-01	1.271458e-01	9.195967e-01	8.329000e-01	7.671100e+00	
131  25.8707	3.411514e-02	-5.785864e+00	1.406018e+00	-4.771950e+00	1.036481e+00	-1.872158e+00	5.089659e-01	4.072134e-01	2.821696e-01	1.561206e-01	5.226068e-01	8.329000e-01	7.671100e+00	
79  25.4386	3.411514e-02	-5.785864e+00	1.431786e+00	-4.333389e+00	1.078831e+00	-1.543089e+00	4.824807e-01	4.089157e-01	2.710600e-01	1.524081e-01	3.645557e-01	8.329000e-01	7.671100e+00	
22  25.8766	3.411514e-02	-5.785864e+00	1.511358e+00	-4.214704e+00	1.054398e+00	-8.131462e-01	4.458478e-01	3.914741e-01	2.759345e-01	1.598780e-01	5.229093e-01	8.329000e-01	7.671100e+00	
127  26.1602	3.411514e-02	-5.785864e+00	1.003262e+00	-4.467560e+00	1.009327e+00	3.171475e-01	4.419512e-01	3.739350e-01	2.727919e-01	1.278140e-01	2.936547e-01	8.329000e-01	7.671100e+00	
3  25.873	3.411514e-02	-5.785864e+00	1.312425e+00	-4.107557e+00	1.047888e+00	-5.720538e-01	4.794617e-01	3.704088e-01	2.496581e-01	9.505543e-02	3.616088e-01	8.329000e-01	7.671100e+00	
26  24.4605	3.411514e-02	-5.785864e+00	1.201333e+00	-3.816578e+00	1.154945e+00	2.863703e-01	5.056113e-01	4.158805e-01	2.470659e-01	8.601060e-02	1.833617e-01	8.329000e-01	7.671100e+00	
49  24.32	3.411514e-02	-5.785864e+00	1.421720e+00	-2.771918e+00	1.114713e+00	1.038709e-01	4.663142e-01	3.882831e-01	2.689132e-01	5.883341e-02	8.677812e-02	8.329000e-01	7.671100e+00	
10  25.1589	3.411514e-02	-5.785864e+00	1.106156e+00	-3.047128e+00	1.158035e+00	2.380582e-01	4.210762e-01	3.510960e-01	2.658679e-01	9.843093e-02	1.498808e-01	8.329000e-01	7.671100e+00	
2  24.8356	3.411514e-02	-5.785864e+00	9.030178e-01	-2.839399e+00	1.232565e+00	5.651743e-01	4.519381e-01	3.826997e-01	2.317722e-01	9.819629e-02	1.287676e-01	8.329000e-01	7.671100e+00	
9  25.2121	3.411514e-02	-5.785864e+00	9.734781e-01	-1.825111e+00	1.250729e+00	1.223004e-01	4.368386e-01	4.207070e-01	2.715387e-01	3.297253e-02	9.297186e-01	8.329000e-01	7.671100e+00	
7  22.5941	3.411514e-02	-5.785864e+00	1.294918e+00	-3.183428e+00	1.336473e+00	1.186242e-01	4.294237e-01	3.722495e-01	2.898979e-01	9.260530e-02	3.612124e-01	8.329000e-01	7.671100e+00	
44  23.9911	3.411514e-02	-5.785864e+00	1.545410e+00	-2.369139e+00	1.235837e+00	1.615252e+00	4.411836e-01	3.509959e-01	2.722041e-01	8.736185e-02	4.201813e-01	8.329000e-01	7.671100e+00	
8  24.5422	3.411514e-02	-5.785864e+00	1.391190e+00	-2.965460e+00	1.096772e+00	1.582868e+00	4.303784e-01	3.688599e-01	2.355977e-01	5.904137e-02	1.654272e-02	8.329000e-01	7.671100e+00	
3  26.3898	3.411514e-02	-5.785864e+00	1.126150e+00	-3.662555e+00	1.095960e+00	1.246587e+00	4.428328e-01	3.658897e-01	2.798927e-01	1.366112e-01	5.591154e-02	8.329000e-01	7.671100e+00	
6  26.304	3.411514e-02	-5.785864e+00	1.124763e+00	-3.053308e+00	1.141035e+00	6.319730e-01	4.216481e-01	4.010924e-01	3.092414e-01	5.750891e-02	8.609621e-03	8.329000e-01	7.671100e+00	
19  23.1515	3.411514e-02	-5.785864e+00	1.473114e+00	-4.454060e+00	1.149496e+00	1.681803e+00	4.382288e-01	3.989006e-01	2.880397e-01	2.976888e-02	6.252336e-01	8.329000e-01	7.671100e+00	
12  21.5858	3.411514e-02	-5.785864e+00	1.568300e+00	-4.398750e+00	1.047847e+00	2.464421e+00	4.736831e-01	4.099709e-01	3.054126e-01	8.516583e-02	3.812407e-01	8.329000e-01	7.671100e+00	
21  23.9204	3.411514e-02	-5.785864e+00	1.400395e+00	-3.695756e+00	1.058931e+00	2.568142e+00	4.059690e-01	3.856823e-01	2.911475e-01	6.145614e-02	4.913064e-01	8.329000e-01	7.671100e+00	
3  25.3578	3.411514e-02	-5.785864e+00	1.349156e+00	-3.011176e+00	1.070129e+00	3.235578e+00	4.094488e-01	4.048683e-01	2.831654e-01	6.165720e-02	7.761253e-01	8.329000e-01	7.671100e+00	
9  30.0628	3.411514e-02	-5.785864e+00	1.853269e+00	-2.293193e+00	1.109862e+00	3.501115e+00	4.184080e-01	3.759938e-01	2.383285e-01	9.117493e-02	7.673923e-01	8.329000e-01	7.671100e+00	
12  26.9468	3.411514e-02	-5.785864e+00	1.734758e+00	-3.433410e+00	1.236562e+00	3.429316e+00	4.910922e-01	3.766752e-01	2.080344e-01	1.025438e-01	2.828794e-01	8.329000e-01	7.671100e+00	
4  25.1489	3.411514e-02	-5.785864e+00	1.370005e+00	-3.499580e+00	1.205617e+00	3.219616e+00	4.906488e-01	3.723486e-01	2.620266e-01	1.375881e-01	7.143483e-01	8.329000e-01	7.671100e+00	
72  25.4557	3.411514e-02	-5.785864e+00	1.458518e+00	-4.725680e+00	1.185231e+00	3.731775e+00	5.398074e-01	3.832273e-01	2.350483e-01	9.592723e-02	8.631692e-01	8.329000e-01	7.671100e+00	
11  23.7203	3.411514e-02	-5.785864e+00	1.362133e+00	-4.826801e+00	1.239812e+00	3.611228e+00	5.240474e-01	3.853670e-01	2.529352e-01	4.658628e-02	3.432025e-01	8.329000e-01	7.671100e+00	
6  24.4129	3.411514e-02	-5.785864e+00	1.617778e+00	-4.684473e+00	1.254896e+00	3.979122e+00	5.175443e-01	3.733731e-01	2.733525e-01	2.478455e-02	7.519964e-01	8.329000e-01	7.671100e+00	
49  23.1834	3.411514e-02	-5.785864e+00	1.579035e+00	-4.038838e+00	1.312517e+00	4.417712e+00	5.267717e-01	4.014643e-01	2.736369e-01	1.080722e-01	4.476400e-01	8.329000e-01	7.671100e+00	
32  24.3844	3.411514e-02	-5.785864e+00	1.401950e+00	-3.732339e+00	1.297730e+00	3.125002e+00	5.156227e-01	3.939055e-01	2.450962e-01	1.374743e-01	4.914396e-01	8.329000e-01	7.671100e+00	
11  23.3474	3.411514e-02	-5.785864e+00	1.233194e+00	-3.883735e+00	1.268034e+00	3.924234e+00	4.792682e-01	3.734355e-01	2.478204e-01	9.165690e-02	6.723070e-02	8.329000e-01	7.671100e+00	
27  21.3645	3.411514e-02	-5.785864e+00	1.437138e+00	-3.925903e+00	1.200837e+00	4.136924e+00	4.709737e-01	3.850116e-01	2.566487e-01	1.093431e-01	4.114018e-01	8.329000e-01	7.671100e+00	
74  21.3634	3.411514e-02	-5.785864e+00	1.419480e+00	-3.090477e+00	1.275161e+00	3.658970e+00	4.446607e-01	4.154548e-01	2.451280e-01	6.379661e-02	2.788855e-01	8.329000e-01	7.671100e+00	
22  22.3127	3.411514e-02	-5.785864e+00	1.399777e+00	-2.820575e+00	1.154139e+00	3.402588e+00	4.329733e-01	4.008140e-01	2.596194e-01	2.737246e-02	2.070996e-01	8.329000e-01	7.671100e+00	
23  22.794	3.411514e-02	-5.785864e+00	1.493128e+00	-3.229031e+00	1.134698e+00	3.261322e+00	5.213216e-01	3.941650e-01	2.288154e-01	9.703654e-02	4.984585e-02	8.329000e-01	7.671100e+00	
166  23.3706	3.411514e-02	-5.785864e+00	1.293721e+00	-2.397578e+00	1.109338e+00	3.037267e+00	5.275060e-01	4.174566e-01	2.588258e-01	8.526724e-02	2.579838e-01	8.329000e-01	7.671100e+00	
9  22.307	3.411514e-02	-5.785864e+00	1.326864e+00	-2.923708e+00	1.061236e+00	3.487936e+00	4.654557e-01	3.729640e-01	2.896451e-01	7.504330e-02	4.173927e-01	8.329000e-01	7.671100e+00	
2  21.5694	3.411514e-02	-5.785864e+00	1.624908e+00	-3.730377e+00	1.082115e+00	4.647489e+00	4.691534e-01	4.007771e-01	2.372398e-01	9.938852e-02	3.466635e-01	8.329000e-01	7.671100e+00	
290  21.2109	3.411514e-02	-5.785864e+00	1.358898e+00	-3.937789e+00	1.003352e+00	4.789245e+00	5.001237e-01	4.052166e-01	2.653084e-01	1.213806e-01	1.907007e-01	8.329000e-01	7.671100e+00	
220  19.8413	3.411514e-02	-5.785864e+00	1.221614e+00	-3.983404e+00	1.060801e+00	4.314996e+00	4.216692e-01	4.264708e-01	2.310892e-01	8.337742e-02	1.497452e-01	8.329000e-01	7.671100e+00	
28  21.2821	3.411514e-02	-5.785864e+00	1.455949e+00	-4.069279e+00	1.096351e+00	3.777998e+00	4.766435e-01	3.680621e-01	2.339494e-01	1.016856e-01	2.929780e-01	8.329000e-01	7.671100e+00	
41  21.3599	3.411514e-02	-5.785864e+00	1.500109e+00	-4.256019e+00	1.046297e+00	4.554014e+00	4.849422e-01	4.238171e-01	2.444814e-01	9.588748e-02	5.251774e-01	8.329000e-01	7.671100e+00	
166  23.3787	3.411514e-02	-5.785864e+00	1.786898e+00	-3.827764e+00	1.014529e+00	3.727980e+00	4.920158e-01	4.210983e-01	2.324572e-01	9.529942e-02	1.399677e-01	8.329000e-01	7.671100e+00	
318  22.1377	3.411514e-02	-5.785864e+00	1.460679e+00	-3.593216e+00	1.016708e+00	3.502733e+00	5.099884e-01	4.014503e-01	2.438774e-01	8.094060e-02	4.041291e-01	8.329000e-01	7.671100e+00	
34  23.3778	3.411514e-02	-5.785864e+00	1.688933e+00	-3.819933e+00	1.043742e+00	2.092128e+00	5.166430e-01	3.971347e-01	2.804097e-01	7.722209e-02	4.091997e-01	8.329000e-01	7.671100e+00	
87  24.0791	3.411514e-02	-5.785864e+00	1.583958e+00	-3.730595e+00	1.034540e+00	2.198500e+00	4.199456e-01	4.136497e-01	2.443027e-01	7.002952e-02	8.997615e-02	8.329000e-01	7.671100e+00	
325  20.2954	3.411514e-02	-5.785864e+00	1.292931e+00	-4.737170e+00	1.014441e+00	2.461801e+00	4.388714e-01	4.149101e-01	2.423796e-01	7.753268e-02	2.080886e-01	8.329000e-01	7.671100e+00	
552  21.2386	3.411514e-02	-5.785864e+00	1.481244e+00	-4.715091e+00	1.083539e+00	3.825103e+00	4.247371e-01	4.115163e-01	2.352613e-01	5.672414e-02	2.541419e-01	8.329000e-01	7.671100e+00	
148  22.0363	3.411514e-02	-5.785864e+00	1.251487e+00	-4.656668e+00	1.047153e+00	4.154676e+00	4.983033e-01	4.227097e-01	2.766544e-01	3.423705e-02	4.992050e-01	8.329000e-01	7.671100e+00	
22  22.1248	3.411514e-02	-5.785864e+00	1.257736e+00	-3.465442e+00	1.071981e+00	4.338189e+00	4.755728e-01	4.157147e-01	3.059232e-01	7.968500e-02	6.080300e-01	8.329000e-01	7.671100e+00	
46  25.0375	3.411514e-02	-5.785864e+00	1.291281e+00	-3.930205e+00	1.036974e+00	3.394356e+00	4.664996e-01	3.720324e-01	2.844490e-01	1.471921e-01	2.757686e-01	8.329000e-01	7.671100e+00	
45  24.6973	3.411514e-02	-5.785864e+00	1.554762e+00	-3.102025e+00	1.052776e+00	4.305231e+00	5.372844e-01	3.654651e-01	3.028644e-01	9.737549e-02	3.033537e-01	8.329000e-01	7.671100e+00	
94  23.7803	3.411514e-02	-5.785864e+00	1.748777e+00	-2.849901e+00	1.113140e+00	3.574052e+00	4.784575e-01	4.047480e-01	2.787409e-01	1.066157e-01	1.149176e-01	8.329000e-01	7.671100e+00	
62  23.1691	3.411514e-02	-5.785864e+00	1.485398e+00	-3.591463e+00	1.092418e+00	3.345909e+00	4.417907e-01	4.057648e-01	2.723181e-01	1.543426e-01	4.702507e-01	8.329000e-01	7.671100e+00	
17  20.3384	3.411514e-02	-5.785864e+00	1.516101e+00	-4.053568e+00	1.113481e+00	4.503080e+00	4.376711e-01	4.263557e-01	2.483494e-01	1.223924e-01	1.017107e-01	8.329000e-01	7.671100e+00	
45  20.8896	3.411514e-02	-5.785864e+00	1.345120e+00	-3.267696e+00	1.181650e+00	3.013875e+00	4.519718e-01	4.195804e-01	2.501889e-01	1.098530e-01	4.496465e-01	8.329000e-01	7.671100e+00	
152  23.3988	3.411514e-02	-5.785864e+00	1.611650e+00	-3.356754e+00	1.033152e+00	2.064132e+00	4.741296e-01	4.259107e-01	2.903794e-01	1.344112e-01	4.782263e-01	8.329000e-01	7.671100e+00	
71  24.0211	3.411514e-02	-5.785864e+00	1.543908e+00	-3.176315e+00	1.104628e+00	2.115308e+00	4.996564e-01	4.232651e-01	2.787474e-01	1.454941e-01	5.065687e-01	8.329000e-01	7.671100e+00	
139  23.4051	3.411514e-02	-5.785864e+00	1.507278e+00	-3.140994e+00	1.250295e+00	1.566905e+00	5.043782e-01	4.260554e-01	2.944274e-01	1.295761e-01	7.718716e-01	8.329000e-01	7.671100e+00	
4  22.9227	3.411514e-02	-5.785864e+00	1.909064e+00	-4.721250e+00	1.298046e+00	3.535114e+00	4.691390e-01	4.208690e-01	2.655280e-01	1.010458e-01	4.527868e-01	8.329000e-01	7.671100e+00	
19  24.11	3.411514e-02	-5.785864e+00	1.906952e+00	-4.490478e+00	1.309381e+00	3.191446e+00	5.026781e-01	3.822084e-01	2.974309e-01	1.492787e-01	6.055812e-01	8.329000e-01	7.671100e+00	
11  25.3903	3.411514e-02	-5.785864e+00	1.858380e+00	-3.199063e+00	1.275169e+00	3.347570e+00	5.244311e-01	4.128670e-01	2.822202e-01	1.789101e-01	7.711353e-01	8.329000e-01	7.671100e+00	
22  22.7526	3.411514e-02	-5.785864e+00	1.572688e+00	-4.447869e+00	1.237549e+00	4.165139e+00	5.334375e-01	4.143497e-01	2.844272e-01	1.120335e-01	8.109223e-01	8.329000e-01	7.671100e+00	
45  23.0628	3.411514e-02	-5.785864e+00	1.872801e+00	-4.433714e+00	1.163966e+00	4.101728e+00	5.237379e-01	3.848601e-01	2.628151e-01	1.052787e-01	2.884247e-01	8.329000e-01	7.671100e+00	
69  21.4443	3.411514e-02	-5.785864e+00	1.462003e+00	-3.529547e+00	1.094699e+00	4.713909e+00	5.167569e-01	4.210933e-01	2.763919e-01	7.536148e-02	4.674300e-01	8.329000e-01	7.671100e+00	
37  22.0414	3.411514e-02	-5.785864e+00	1.013354e+00	-4.091611e+00	1.094644e+00	3.129597e+00	4.657606e-01	4.297387e-01	2.414681e-01	7.206204e-02	2.264433e-01	8.329000e-01	7.671100e+00	
15  21.9252	3.411514e-02	-5.785864e+00	1.226342e+00	-3.800573e+00	1.066514e+00	3.729043e+00	4.647154e-01	4.147367e-01	2.770753e-01	5.643185e-02	5.595672e-01	8.329000e-01	7.671100e+00	
174  20.1764	3.411514e-02	-5.785864e+00	1.373553e+00	-4.498416e+00	1.179666e+00	4.217452e+00	4.432426e-01	4.079540e-01	2.425203e-01	9.568113e-02	2.643606e-01	8.329000e-01	7.671100e+00	
50  20.7118	3.411514e-02	-5.785864e+00	1.280816e+00	-4.626104e+00	1.137977e+00	2.585116e+00	4.233703e-01	4.073434e-01	2.652522e-01	8.891222e-02	4.128664e-01	8.329000e-01	7.671100e+00	
51  22.0316	3.411514e-02	-5.785864e+00	1.363539e+00	-4.489889e+00	1.171524e+00	1.606963e+00	4.682210e-01	3.986095e-01	2.507604e-01	6.716083e-02	1.226093e-01	8.329000e-01	7.671100e+00	
2  24.4302	3.411514e-02	-5.785864e+00	9.527925e-01	-4.738732e+00	1.348221e+00	1.489513e+00	5.151474e-01	4.145310e-01	3.091563e-01	7.927613e-02	8.393571e-01	8.329000e-01	7.671100e+00	
44  23.1597	3.411514e-02	-5.785864e+00	1.423978e+00	-4.748824e+00	1.432918e+00	2.597061e+00	5.165081e-01	3.967804e-01	2.904486e-01	8.758828e-02	8.283326e-01	8.329000e-01	7.671100e+00	
1  22.5304	3.411514e-02	-5.785864e+00	1.888901e+00	-4.534552e+00	1.410721e+00	2.077894e+00	5.051903e-01	4.185048e-01	2.899813e-01	9.928650e-02	5.099925e-01	8.329000e-01	7.671100e+00	
21  22.4054	3.411514e-02	-5.785864e+00	1.712468e+00	-3.891547e+00	1.293284e+00	2.435486e+00	5.105178e-01	4.242590e-01	2.825324e-01	6.806507e-02	7.102550e-01	8.329000e-01	7.671100e+00	
35  22.2663	3.411514e-02	-5.785864e+00	1.502811e+00	-4.227563e+00	1.316514e+00	1.760002e+00	4.847629e-01	4.220350e-01	2.681844e-01	1.038827e-01	7.477773e-01	8.329000e-01	7.671100e+00	
74  22.717	3.411514e-02	-5.785864e+00	1.345026e+00	-4.592608e+00	1.327204e+00	-3.974127e-01	4.940563e-01	4.291875e-01	3.009316e-01	8.177570e-02	4.021670e-01	8.329000e-01	7.671100e+00	
2  22.3587	3.411514e-02	-5.785864e+00	1.569275e+00	-4.386629e+00	1.397792e+00	-4.629760e-01	4.342025e-01	4.068785e-01	2.285341e-01	1.067951e-01	1.968765e-01	8.329000e-01	7.671100e+00	
77  22.5659	3.411514e-02	-5.785864e+00	1.368472e+00	-3.355443e+00	1.301278e+00	-4.239158e-01	4.866020e-01	4.267581e-01	2.718820e-01	8.510644e-02	5.628557e-01	8.329000e-01	7.671100e+00	
44  27.3081	3.411514e-02	-5.785864e+00	1.262884e+00	-1.574220e+00	1.136190e+00	-8.352335e-01	5.125984e-01	4.126001e-01	3.096175e-01	1.583076e-01	8.294464e-01	8.329000e-01	7.671100e+00	
132  24.194	3.411514e-02	-5.785864e+00	1.313271e+00	-1.209162e+00	1.033878e+00	3.667178e-01	4.537532e-01	4.209461e-01	3.077366e-01	1.272222e-01	3.391407e-01	8.329000e-01	7.671100e+00	
39  23.7772	3.411514e-02	-5.785864e+00	1.275562e+00	-1.401590e+00	1.120144e+00	7.644243e-01	4.235888e-01	3.947020e-01	2.906230e-01	1.191897e-01	4.042333e-01	8.329000e-01	7.671100e+00	
54  26.6654	3.411514e-02	-5.785864e+00	1.511906e+00	-1.085150e+00	1.052406e+00	1.813169e+00	4.103864e-01	3.798793e-01	2.885563e-01	1.031024e-01	5.621589e-01	8.329000e-01	7.671100e+00	
5  24.9782	3.411514e-02	-5.785864e+00	1.619173e+00	-2.759189e+00	1.196875e+00	3.015256e+00	4.261206e-01	4.140413e-01	2.526309e-01	4.346851e-02	7.118653e-01	8.329000e-01	7.671100e+00	
13  25.0192	3.411514e-02	-5.785864e+00	1.695411e+00	-2.622791e+00	1.216184e+00	3.901673e+00	4.936155e-01	4.267695e-01	2.634700e-01	3.953675e-02	1.613351e-01	8.329000e-01	7.671100e+00	
81  23.8068	3.411514e-02	-5.785864e+00	1.762279e+00	-2.992784e+00	1.226035e+00	3.946671e+00	5.347153e-01	3.920601e-01	2.852038e-01	7.071595e-02	5.738387e-01	8.329000e-01	7.671100e+00	
10  22.4679	3.411514e-02	-5.785864e+00	1.477446e+00	-3.580061e+00	1.089478e+00	3.175239e+00	4.298603e-01	3.800762e-01	2.817717e-01	1.216465e-01	2.220566e-01	8.329000e-01	7.671100e+00	
41  25.1248	3.411514e-02	-5.785864e+00	1.480719e+00	-2.332041e+00	1.199556e+00	2.804794e+00	5.072790e-01	3.533733e-01	2.772942e-01	7.056445e-02	1.724343e-01	8.329000e-01	7.671100e+00	
33  21.2474	3.411514e-02	-5.785864e+00	1.477873e+00	-1.969873e+00	1.214254e+00	2.747877e+00	4.601143e-01	4.081127e-01	2.689391e-01	7.863490e-02	3.220691e-01	8.329000e-01	7.671100e+00	
12  24.3911	3.411514e-02	-5.785864e+00	1.872473e+00	-2.667104e+00	1.105760e+00	3.699660e+00	4.800510e-01	4.281075e-01	2.977602e-01	1.027471e-01	8.628948e-01	8.329000e-01	7.671100e+00	
9  21.7904	1.056881e-01	-7.495727e+00	1.872473e+00	-2.667104e+00	1.105760e+00	3.699660e+00	4.800510e-01	4.281075e-01	2.977602e-01	1.027471e-01	8.628948e-01	8.259438e-01	7.671100e+00	
55  23.7085	1.056881e-01	-7.495727e+00	1.889206e+00	-2.180494e+00	1.099782e+00	4.272529e+00	4.581995e-01	3.959668e-01	3.007731e-01	1.133547e-01	6.896283e-01	8.259438e-01	7.671100e+00	
15  23.2621	1.056881e-01	-7.495727e+00	1.992347e+00	-2.584787e+00	1.098757e+00	4.244394e+00	4.860941e-01	3.826290e-01	2.804413e-01	1.255343e-01	9.406354e-01	8.259438e-01	7.671100e+00	
26  22.3613	1.056881e-01	-7.495727e+00	1.464816e+00	-1.742546e+00	1.163673e+00	3.774387e+00	4.859203e-01	3.658248e-01	2.494926e-01	6.939970e-02	6.507922e-01	8.259438e-01	7.671100e+00	
24  21.7563	1.056881e-01	-7.495727e+00	1.419785e+00	-1.722729e+00	1.227591e+00	3.873661e+00	4.000049e-01	4.069653e-01	2.114869e-01	1.166439e-01	9.157095e-01	8.259438e-01	7.671100e+00	
81  23.3138	1.056881e-01	-7.495727e+00	1.566408e+00	-1.441515e+00	1.170530e+00	2.901669e+00	4.478669e-01	4.262501e-01	2.270345e-01	1.239181e-01	7.308890e-01	8.259438e-01	7.671100e+00	
40  23.4327	1.010564e-01	-4.969478e+00	1.566408e+00	-1.441515e+00	1.170530e+00	2.901669e+00	4.478669e-01	4.262501e-01	2.270345e-01	1.239181e-01	7.308890e-01	8.340183e-01	7.671100e+00	
3  22.6357	1.010564e-01	-4.969478e+00	1.394458e+00	-1.490421e+00	1.185565e+00	3.247282e+00	4.522116e-01	3.968447e-01	2.566212e-01	7.891775e-02	8.890386e-01	8.340183e-01	7.671100e+00	
68  22.7227	1.056782e-01	-3.905325e+00	1.394458e+00	-1.490421e+00	1.185565e+00	3.247282e+00	4.522116e-01	3.968447e-01	2.566212e-01	7.891775e-02	8.890386e-01	8.259870e-01	7.671100e+00	
51  22.6499	1.056782e-01	-3.905325e+00	1.397176e+00	-1.882292e+00	1.200729e+00	2.957671e+00	4.237755e-01	4.269728e-01	2.405800e-01	1.256327e-01	7.669917e-01	8.259870e-01	7.671100e+00	
23  21.6793	1.056782e-01	-3.905325e+00	1.464593e+00	-3.526627e+00	1.296269e+00	3.431500e+00	3.933156e-01	3.901895e-01	2.096382e-01	3.836390e-02	8.073793e-01	8.259870e-01	7.671100e+00	
18  20.3532	1.056782e-01	-3.905325e+00	1.503183e+00	-2.823594e+00	1.298655e+00	2.972866e+00	4.092424e-01	3.757496e-01	2.283974e-01	6.239783e-02	8.275372e-01	8.259870e-01	7.671100e+00	
10  21.4849	1.056782e-01	-3.905325e+00	1.521336e+00	-2.846876e+00	1.291348e+00	2.236227e+00	4.195912e-01	3.725732e-01	2.019764e-01	3.913437e-02	8.492352e-01	8.259870e-01	7.671100e+00	
36  23.3195	1.056782e-01	-3.905325e+00	1.681983e+00	-4.349685e+00	1.300804e+00	9.471532e-01	4.069407e-01	3.686365e-01	2.543075e-01	7.577983e-02	7.520879e-01	8.259870e-01	7.671100e+00	
84  22.7142	1.056782e-01	-3.905325e+00	1.333885e+00	-3.016577e+00	1.149515e+00	1.731954e+00	4.042522e-01	3.296694e-01	2.171661e-01	7.765529e-02	7.472391e-01	8.259870e-01	7.671100e+00	
49  23.3652	1.056782e-01	-3.905325e+00	1.336309e+00	-2.307681e+00	1.088784e+00	8.249387e-01	4.292276e-01	3.608239e-01	2.546192e-01	2.983683e-02	6.941153e-01	8.259870e-01	7.671100e+00	
39  27.2189	1.056782e-01	-3.905325e+00	1.035487e+00	-2.003056e+00	1.057041e+00	-5.954162e-01	4.264700e-01	3.748417e-01	2.880342e-01	4.900788e-02	4.294654e-01	8.259870e-01	7.671100e+00	
120  27.1004	1.056782e-01	-3.905325e+00	1.593070e+00	-1.338594e+00	1.081824e+00	-6.748249e-01	3.630899e-01	3.994746e-01	2.869500e-01	3.462629e-02	9.896505e-01	8.259870e-01	7.671100e+00	
136  22.9176	1.056782e-01	-3.905325e+00	9.059910e-01	-1.861110e+00	1.107238e+00	-2.966812e-01	3.797904e-01	3.899434e-01	2.847398e-01	1.028385e-01	7.946677e-01	8.259870e-01	7.671100e+00	
38  21.62	1.056782e-01	-3.905325e+00	1.039760e+00	-2.777026e+00	1.119243e+00	-5.601807e-01	3.995331e-01	3.912120e-01	2.455224e-01	1.092682e-01	8.305103e-01	8.259870e-01	7.671100e+00	
37  23.5975	2.169017e-01	-3.864678e+00	1.039760e+00	-2.777026e+00	1.119243e+00	-5.601807e-01	3.995331e-01	3.912120e-01	2.455224e-01	1.092682e-01	8.305103e-01	8.258526e-01	7.671100e+00	
103  23.4908	2.169017e-01	-3.864678e+00	9.411416e-01	-3.948685e+00	1.173646e+00	-1.546442e-01	3.820686e-01	3.431715e-01	2.493855e-01	1.280351e-01	6.647916e-01	8.258526e-01	7.671100e+00	
388  24.0539	2.169017e-01	-3.864678e+00	3.986214e-01	-4.052007e+00	1.229055e+00	9.364841e-02	3.622179e-01	3.726133e-01	2.879016e-01	9.296912e-02	9.863301e-01	8.258526e-01	7.671100e+00	
112  24.1857	2.556178e-01	-3.089911e+00	3.986214e-01	-4.052007e+00	1.229055e+00	9.364841e-02	3.622179e-01	3.726133e-01	2.879016e-01	9.296912e-02	9.863301e-01	8.254537e-01	7.671100e+00	
21  25.1148	2.556178e-01	-3.089911e+00	6.654535e-01	-4.096604e+00	1.220639e+00	-6.487002e-01	3.834203e-01	3.146863e-01	3.064660e-01	8.021596e-02	9.901683e-01	8.254537e-01	7.671100e+00	
10  23.8725	2.556178e-01	-3.089911e+00	1.092473e+00	-4.737085e+00	1.276621e+00	-1.792644e+00	4.017359e-01	3.525688e-01	3.082642e-01	6.787202e-02	7.163887e-01	8.254537e-01	7.671100e+00	
19  23.3247	2.246806e-01	-3.690357e+00	1.092473e+00	-4.737085e+00	1.276621e+00	-1.792644e+00	4.017359e-01	3.525688e-01	3.082642e-01	6.787202e-02	7.163887e-01	8.272858e-01	7.671100e+00	
26  23.3215	2.246806e-01	-3.690357e+00	1.067618e+00	-4.901161e+00	1.327870e+00	-2.113885e+00	3.998802e-01	3.386380e-01	3.051542e-01	1.057692e-01	6.594822e-01	8.272858e-01	7.671100e+00	
6  23.4143	2.246806e-01	-3.690357e+00	7.005902e-01	-4.126194e+00	1.411773e+00	-2.359721e+00	3.747691e-01	3.080854e-01	2.845024e-01	1.132963e-01	9.337743e-01	8.272858e-01	7.671100e+00	
151  22.6402	2.246806e-01	-3.690357e+00	8.178743e-01	-4.949792e+00	1.389021e+00	-2.795509e+00	3.743949e-01	3.493571e-01	2.816484e-01	1.091931e-01	4.310118e-01	8.272858e-01	7.671100e+00	
54  22.7439	2.246806e-01	-3.690357e+00	5.224009e-01	-4.616900e+00	1.506192e+00	-3.651744e+00	3.900803e-01	3.701218e-01	2.894134e-01	1.009459e-01	6.236157e-01	8.272858e-01	7.671100e+00	
11  23.6456	2.246806e-01	-3.690357e+00	6.070005e-01	-4.638839e+00	1.634688e+00	-3.148893e+00	3.582915e-01	3.370408e-01	1.988813e-01	7.533535e-02	7.662164e-01	8.272858e-01	7.671100e+00	
288  22.8881	2.246806e-01	-3.690357e+00	8.949490e-01	-4.353387e+00	1.653836e+00	-1.450988e+00	3.889442e-01	3.382737e-01	1.760376e-01	5.798705e-02	6.390304e-01	8.272858e-01	7.671100e+00	
28  22.7266	2.246806e-01	-3.690357e+00	4.519799e-01	-4.040794e+00	1.640146e+00	-1.494595e+00	4.051435e-01	3.419152e-01	2.351405e-01	4.430199e-02	6.707493e-01	8.272858e-01	7.671100e+00	
47  22.9622	1.733817e-01	-4.319313e+00	4.519799e-01	-4.040794e+00	1.640146e+00	-1.494595e+00	4.051435e-01	3.419152e-01	2.351405e-01	4.430199e-02	6.707493e-01	8.263721e-01	7.671100e+00	
62  23.2035	1.733817e-01	-4.319313e+00	8.174972e-01	-3.916395e+00	1.619553e+00	-1.558101e+00	3.974501e-01	3.136280e-01	2.313619e-01	3.183401e-02	3.956075e-01	8.263721e-01	7.671100e+00	
290  22.7767	1.834133e-01	-5.247149e+00	8.174972e-01	-3.916395e+00	1.619553e+00	-1.558101e+00	3.974501e-01	3.136280e-01	2.313619e-01	3.183401e-02	3.956075e-01	8.242345e-01	7.671100e+00	
44  23.0269	1.834133e-01	-5.247149e+00	9.472859e-01	-4.689985e+00	1.615161e+00	-3.134254e+00	3.813682e-01	3.223542e-01	2.174312e-01	4.646775e-02	4.356625e-01	8.242345e-01	7.671100e+00	
124  22.4244	1.834133e-01	-5.247149e+00	7.303280e-01	-4.348355e+00	1.685412e+00	-1.595657e+00	4.063469e-01	3.092008e-01	2.378453e-01	5.144664e-02	5.912453e-01	8.242345e-01	7.671100e+00	
3  23.3465	1.834133e-01	-5.247149e+00	6.257248e-01	-4.993143e+00	1.569839e+00	-1.522807e+00	3.583708e-01	3.394634e-01	2.360466e-01	7.500648e-02	4.609460e-01	8.242345e-01	7.671100e+00	
130  22.2532	1.834133e-01	-5.247149e+00	6.479092e-01	-4.752739e+00	1.571960e+00	-3.454662e-01	3.618120e-01	3.040671e-01	1.915631e-01	3.739530e-02	8.499062e-01	8.242345e-01	7.671100e+00	
2  21.4895	1.834133e-01	-5.247149e+00	3.021086e-01	-4.369713e+00	1.497388e+00	-7.309355e-01	3.984162e-01	3.245686e-01	2.078996e-01	5.825694e-02	9.515155e-01	8.242345e-01	7.671100e+00	
102  22.1299	1.834133e-01	-5.247149e+00	5.265571e-01	-3.563994e+00	1.459282e+00	-1.902235e+00	4.163416e-01	3.430724e-01	2.046828e-01	7.597563e-02	5.860397e-01	8.242345e-01	7.671100e+00	
56  22.0575	1.834133e-01	-5.247149e+00	7.073599e-01	-3.418324e+00	1.388779e+00	-1.697634e+00	3.883272e-01	3.338019e-01	2.060660e-01	4.077991e-02	2.527112e-01	8.242345e-01	7.671100e+00	
5  21.8033	1.834133e-01	-5.247149e+00	9.439895e-01	-3.481401e+00	1.325648e+00	-1.135729e+00	3.753416e-01	3.241423e-01	2.280003e-01	7.192571e-02	9.487710e-02	8.242345e-01	7.671100e+00	
24  22.7089	1.834133e-01	-5.247149e+00	7.652283e-01	-3.054927e+00	1.271910e+00	-1.276360e+00	3.991207e-01	3.386821e-01	2.491527e-01	9.392139e-02	3.066600e-01	8.242345e-01	7.671100e+00	
40  24.7787	1.834133e-01	-5.247149e+00	1.010565e+00	-2.902206e+00	1.374299e+00	-1.290098e+00	3.697739e-01	3.406430e-01	1.777547e-01	5.617500e-02	6.508487e-01	8.242345e-01	7.671100e+00	
101  22.9688	1.834133e-01	-5.247149e+00	8.612408e-01	-2.562886e+00	1.371839e+00	-1.788808e+00	3.617494e-01	2.967580e-01	2.256571e-01	5.220674e-02	9.576941e-01	8.242345e-01	7.671100e+00	
31  22.8858	1.834133e-01	-5.247149e+00	7.368614e-01	-2.816203e+00	1.460373e+00	-1.838633e+00	3.551887e-01	2.996209e-01	1.936157e-01	4.141804e-02	4.915292e-01	8.242345e-01	7.671100e+00	
11  23.6932	1.834133e-01	-5.247149e+00	9.084263e-01	-1.879525e+00	1.396503e+00	-9.678914e-01	3.783671e-01	3.319793e-01	1.892733e-01	4.022421e-02	2.168695e-01	8.242345e-01	7.671100e+00	
42  22.5373	1.834133e-01	-5.247149e+00	1.010532e+00	-2.283952e+00	1.517754e+00	-1.713795e+00	3.844685e-01	3.016642e-01	2.169246e-01	7.854847e-02	6.112355e-01	8.242345e-01	7.671100e+00	
17  25.2207	1.834133e-01	-5.247149e+00	1.179352e+00	-3.057537e+00	1.461397e+00	-2.455344e+00	3.920014e-01	2.883025e-01	2.187572e-01	1.135332e-01	6.959735e-01	8.242345e-01	7.671100e+00	
37  25.0553	1.834133e-01	-5.247149e+00	7.885955e-01	-3.568932e+00	1.463450e+00	-2.243009e+00	3.679765e-01	3.038527e-01	1.876562e-01	1.099683e-01	3.231324e-01	8.242345e-01	7.671100e+00	
41  20.8583	1.834133e-01	-5.247149e+00	6.159995e-01	-3.911512e+00	1.472802e+00	-1.768048e+00	3.799414e-01	3.016076e-01	2.371191e-01	1.141263e-01	8.085753e-01	8.242345e-01	7.671100e+00	
14  20.9854	1.943550e-01	-5.051417e+00	6.159995e-01	-3.911512e+00	1.472802e+00	-1.768048e+00	3.799414e-01	3.016076e-01	2.371191e-01	1.141263e-01	8.085753e-01	8.249074e-01	7.671100e+00	
54  21.2491	1.943550e-01	-5.051417e+00	3.677351e-01	-3.950670e+00	1.380926e+00	-2.500793e+00	3.676451e-01	3.490793e-01	2.455119e-01	1.375429e-01	8.614781e-01	8.249074e-01	7.671100e+00	
53  21.209	1.943550e-01	-5.051417e+00	4.527973e-01	-4.215925e+00	1.494267e+00	-2.605194e+00	3.710152e-01	3.129970e-01	2.995212e-01	1.222641e-01	8.647362e-01	8.249074e-01	7.671100e+00	
74  21.4947	2.297960e-01	-5.210348e+00	4.527973e-01	-4.215925e+00	1.494267e+00	-2.605194e+00	3.710152e-01	3.129970e-01	2.995212e-01	1.222641e-01	8.647362e-01	8.238229e-01	7.671100e+00	
42  21.2921	2.297960e-01	-5.210348e+00	6.497228e-01	-4.101052e+00	1.427725e+00	-3.776394e+00	3.820549e-01	3.058398e-01	3.044389e-01	7.417420e-02	6.525034e-01	8.238229e-01	7.671100e+00	
73  23.0057	2.297960e-01	-5.210348e+00	8.196333e-01	-4.501223e+00	1.360107e+00	-3.830005e+00	3.705490e-01	3.068027e-01	2.973429e-01	4.828851e-02	5.689254e-01	8.238229e-01	7.671100e+00	
447  20.7232	2.297960e-01	-5.210348e+00	6.904567e-01	-4.457058e+00	1.281341e+00	-3.860630e+00	3.725307e-01	3.190508e-01	2.760329e-01	1.059151e-01	8.620959e-01	8.238229e-01	7.671100e+00	
124  22.1947	2.297960e-01	-5.210348e+00	6.228272e-01	-4.185550e+00	1.294097e+00	-3.163524e+00	3.742649e-01	2.916747e-01	2.939001e-01	8.721806e-02	8.354816e-01	8.238229e-01	7.671100e+00	
53  22.3349	2.773861e-01	-4.261470e+00	6.228272e-01	-4.185550e+00	1.294097e+00	-3.163524e+00	3.742649e-01	2.916747e-01	2.939001e-01	8.721806e-02	8.354816e-01	8.290057e-01	7.671100e+00	
1  21.4905	2.773861e-01	-4.261470e+00	5.776522e-01	-3.057937e+00	1.385976e+00	-2.422685e+00	3.925245e-01	3.254521e-01	2.535833e-01	5.396044e-02	7.049693e-01	8.290057e-01	7.671100e+00	
112  21.4721	3.058164e-01	-5.026902e+00	5.776522e-01	-3.057937e+00	1.385976e+00	-2.422685e+00	3.925245e-01	3.254521e-01	2.535833e-01	5.396044e-02	7.049693e-01	8.327941e-01	7.671100e+00	
6  21.7143	3.058164e-01	-5.026902e+00	4.581194e-01	-3.104965e+00	1.404573e+00	-3.304799e+00	4.104031e-01	3.452709e-01	2.524204e-01	8.355864e-02	7.558511e-01	8.327941e-01	7.671100e+00	
7  21.8147	3.058164e-01	-5.026902e+00	2.127392e-01	-4.760441e+00	1.541032e+00	-2.112600e+00	3.774992e-01	3.699620e-01	2.116999e-01	5.492133e-02	9.561941e-01	8.327941e-01	7.671100e+00	
308  21.1595	3.058164e-01	-5.026902e+00	4.820642e-01	-4.063555e+00	1.401233e+00	-3.153349e+00	3.719811e-01	3.620791e-01	2.219277e-01	8.440684e-02	7.083023e-01	8.327941e-01	7.671100e+00	
18  22.553	3.058164e-01	-5.026902e+00	3.477123e-01	-3.983433e+00	1.459838e+00	-4.697596e+00	3.759425e-01	2.883358e-01	2.549172e-01	9.498186e-02	9.049315e-01	8.327941e-01	7.671100e+00	
25  21.8841	2.805358e-01	-4.995773e+00	3.477123e-01	-3.983433e+00	1.459838e+00	-4.697596e+00	3.759425e-01	2.883358e-01	2.549172e-01	9.498186e-02	9.049315e-01	8.305306e-01	7.671100e+00	
102  22.0361	2.805358e-01	-4.995773e+00	2.515396e-01	-2.766285e+00	1.429937e+00	-3.584102e+00	3.780283e-01	3.101153e-01	2.730088e-01	1.139093e-01	8.992480e-01	8.305306e-01	7.671100e+00	
427  22.1799	2.805358e-01	-4.995773e+00	2.339231e-01	-2.839009e+00	1.423616e+00	-3.833823e+00	4.090249e-01	3.121840e-01	2.996583e-01	1.192946e-01	9.900540e-01	8.305306e-01	7.671100e+00	
46  21.856	2.805358e-01	-4.995773e+00	2.494513e-01	-3.904081e+00	1.469394e+00	-4.814560e+00	3.974066e-01	3.278149e-01	2.923127e-01	4.913996e-02	8.904052e-01	8.305306e-01	7.671100e+00	
3  24.0291	2.805358e-01	-4.995773e+00	4.631021e-01	-2.911165e+00	1.459828e+00	-4.673481e+00	4.002092e-01	3.063978e-01	2.065306e-01	6.732070e-02	6.582364e-01	8.305306e-01	7.671100e+00	
2  24.4782	2.805358e-01	-4.995773e+00	7.010628e-01	-3.415765e+00	1.565451e+00	-3.894622e+00	4.218790e-01	2.680439e-01	1.950002e-01	4.799777e-02	7.990933e-01	8.305306e-01	7.671100e+00	
10  25.9464	1.322295e-01	-4.319734e+00	7.010628e-01	-3.415765e+00	1.565451e+00	-3.894622e+00	4.218790e-01	2.680439e-01	1.950002e-01	4.799777e-02	7.990933e-01	8.257874e-01	7.671100e+00	
8  23.6726	1.322295e-01	-4.319734e+00	4.475791e-01	-2.897898e+00	1.607560e+00	-3.556083e+00	4.068961e-01	3.266229e-01	2.231631e-01	3.698958e-02	7.798294e-01	8.257874e-01	7.671100e+00	
41  23.1726	1.322295e-01	-4.319734e+00	7.965528e-01	-3.188990e+00	1.628805e+00	-4.280509e+00	4.628438e-01	3.350271e-01	2.383377e-01	8.696541e-02	8.464724e-01	8.257874e-01	7.671100e+00	
14  23.38	1.322295e-01	-4.319734e+00	1.168909e+00	-2.958360e+00	1.683389e+00	-4.474407e+00	4.798478e-01	3.710332e-01	2.470420e-01	1.009014e-01	7.828608e-01	8.257874e-01	7.671100e+00	
1  25.8224	1.322295e-01	-4.319734e+00	1.313185e+00	-3.604673e+00	1.638457e+00	-4.637483e+00	5.294953e-01	3.779211e-01	2.062930e-01	1.143757e-01	8.167275e-01	8.257874e-01	7.671100e+00	
28  24.6439	1.322295e-01	-4.319734e+00	9.829432e-01	-3.255771e+00	1.529598e+00	-3.658680e+00	4.267072e-01	3.655730e-01	2.206139e-01	1.430765e-01	7.075470e-01	8.257874e-01	7.671100e+00	
2  25.4451	1.322295e-01	-4.319734e+00	2.398299e-01	-2.763346e+00	1.504372e+00	-3.757480e+00	4.140027e-01	4.004103e-01	2.419048e-01	8.194966e-02	8.633842e-01	8.257874e-01	7.671100e+00	
55  24.1482	1.322295e-01	-4.319734e+00	2.986315e-01	-3.773187e+00	1.548057e+00	-4.213785e+00	4.204331e-01	3.902789e-01	2.424296e-01	6.366412e-02	8.680971e-01	8.257874e-01	7.671100e+00	
74  22.4953	1.322295e-01	-4.319734e+00	8.272987e-01	-4.085588e+00	1.522256e+00	-3.235880e+00	4.051126e-01	3.155444e-01	2.160675e-01	2.777164e-02	5.426488e-01	8.257874e-01	7.671100e+00	
22  20.5756	1.322295e-01	-4.319734e+00	1.040444e+00	-4.516735e+00	1.600508e+00	-3.205783e+00	3.817009e-01	2.714166e-01	1.903266e-01	7.194562e-02	9.208674e-01	8.257874e-01	7.671100e+00	
69  20.0281	1.322295e-01	-4.319734e+00	7.096659e-01	-3.533078e+00	1.582198e+00	-3.602751e+00	4.163490e-01	3.192926e-01	2.393916e-01	6.306955e-02	8.077934e-01	8.257874e-01	7.671100e+00	
21  22.0179	1.322295e-01	-4.319734e+00	8.852229e-01	-2.840675e+00	1.614412e+00	-2.917915e+00	3.900020e-01	3.069507e-01	2.152365e-01	5.903677e-02	9.226031e-01	8.257874e-01	7.671100e+00	
9  22.7365	1.322295e-01	-4.319734e+00	1.129311e+00	-3.691757e+00	1.640267e+00	-2.719025e+00	3.594468e-01	3.039768e-01	1.862878e-01	6.041306e-02	7.867499e-01	8.257874e-01	7.671100e+00	
161  21.0607	1.322295e-01	-4.319734e+00	1.217449e+00	-2.660881e+00	1.457452e+00	-1.947408e+00	3.818061e-01	2.836527e-01	1.787642e-01	1.079538e-01	9.830111e-01	8.257874e-01	7.671100e+00	
388  20.9587	1.322295e-01	-4.319734e+00	9.603914e-01	-2.845520e+00	1.569077e+00	-2.096782e+00	3.720917e-01	2.676612e-01	1.572108e-01	7.292652e-02	9.236345e-01	8.257874e-01	7.671100e+00	
2  22.1989	2.617652e-01	-4.926063e+00	9.603914e-01	-2.845520e+00	1.569077e+00	-2.096782e+00	3.720917e-01	2.676612e-01	1.572108e-01	7.292652e-02	9.236345e-01	8.233253e-01	7.671100e+00	
30  24.8216	2.617652e-01	-4.926063e+00	1.037650e+00	-2.328688e+00	1.472272e+00	-2.383439e+00	3.992896e-01	2.789807e-01	2.092237e-01	1.093800e-01	6.508504e-01	8.233253e-01	7.671100e+00	
72  24.4933	2.048771e-01	-4.340221e+00	1.037650e+00	-2.328688e+00	1.472272e+00	-2.383439e+00	3.992896e-01	2.789807e-01	2.092237e-01	1.093800e-01	6.508504e-01	8.291939e-01	7.671100e+00	
65  23.0221	2.048771e-01	-4.340221e+00	1.009781e+00	-3.757408e+00	1.392952e+00	-2.302111e+00	3.715439e-01	2.782410e-01	2.498593e-01	6.987422e-02	6.484050e-01	8.291939e-01	7.671100e+00	
12  22.2773	2.048771e-01	-4.340221e+00	8.985064e-01	-4.436276e+00	1.379796e+00	-3.654065e+00	3.919961e-01	3.330490e-01	2.174009e-01	7.415044e-02	1.119171e-01	8.291939e-01	7.671100e+00	
112  19.1871	2.048771e-01	-4.340221e+00	7.627749e-01	-4.535661e+00	1.361720e+00	-2.874304e+00	3.885064e-01	3.107037e-01	2.295915e-01	7.789228e-02	4.036187e-01	8.291939e-01	7.671100e+00	
79  19.1886	2.048771e-01	-4.340221e+00	6.287434e-01	-3.909300e+00	1.371464e+00	-1.781822e+00	3.654360e-01	3.281379e-01	1.994392e-01	8.658551e-02	4.388119e-01	8.291939e-01	7.671100e+00	
55  21.4141	2.048771e-01	-4.340221e+00	8.015795e-01	-4.358238e+00	1.475169e+00	-2.181589e+00	3.816467e-01	2.713607e-01	2.405904e-01	1.003554e-01	4.228778e-01	8.291939e-01	7.671100e+00	
2  25.7854	2.048771e-01	-4.340221e+00	4.122746e-01	-4.888064e+00	1.374469e+00	-2.412881e+00	4.054743e-01	3.073460e-01	2.052386e-01	1.561655e-01	8.789969e-01	8.291939e-01	7.671100e+00	
72  25.9224	1.461619e-01	-3.176341e+00	4.122746e-01	-4.888064e+00	1.374469e+00	-2.412881e+00	4.054743e-01	3.073460e-01	2.052386e-01	1.561655e-01	8.789969e-01	8.235340e-01	7.671100e+00	
76  25.4814	1.461619e-01	-3.176341e+00	5.802340e-01	-4.229970e+00	1.417813e+00	-3.558051e+00	3.276735e-01	2.768410e-01	2.491332e-01	1.567328e-01	9.613664e-01	8.235340e-01	7.671100e+00	
23  27.4386	1.461619e-01	-3.176341e+00	9.511701e-01	-4.153592e+00	1.298379e+00	-3.731761e+00	3.473737e-01	3.418102e-01	2.683981e-01	1.937010e-01	5.769497e-01	8.235340e-01	7.671100e+00	
100  22.3601	1.461619e-01	-3.176341e+00	5.778945e-01	-3.843977e+00	1.250983e+00	-2.765480e+00	3.715149e-01	3.399748e-01	2.621727e-01	1.454497e-01	7.657838e-01	8.235340e-01	7.671100e+00	
211  22.4869	1.461619e-01	-3.176341e+00	9.136862e-01	-2.999259e+00	1.219103e+00	-3.204726e+00	3.725633e-01	3.228262e-01	2.612816e-01	1.493209e-01	8.043528e-01	8.235340e-01	7.671100e+00	
126  22.2662	1.461619e-01	-3.176341e+00	1.196277e+00	-3.051294e+00	1.278093e+00	-3.591262e+00	3.568801e-01	3.111530e-01	3.063344e-01	1.366993e-01	9.597311e-01	8.235340e-01	7.671100e+00	
5  22.3682	1.461619e-01	-3.176341e+00	6.868569e-01	-2.675234e+00	1.374949e+00	-2.198583e+00	3.740529e-01	3.354210e-01	3.088802e-01	1.339913e-01	7.860377e-01	8.235340e-01	7.671100e+00	
243  22.7404	1.461619e-01	-3.176341e+00	7.643298e-01	-3.407461e+00	1.539181e+00	-2.391384e+00	4.040405e-01	2.822424e-01	2.746845e-01	9.423661e-02	7.235715e-01	8.235340e-01	7.671100e+00	
88  25.7155	1.461619e-01	-3.176341e+00	7.568838e-01	-1.931956e+00	1.612436e+00	-2.726592e+00	3.677977e-01	3.084385e-01	2.827884e-01	1.053567e-01	7.439628e-01	8.235340e-01	7.671100e+00	
5  23.2964	1.461619e-01	-3.176341e+00	8.161939e-01	-2.227321e+00	1.560358e+00	-3.155497e+00	4.184673e-01	2.966537e-01	3.009271e-01	9.843663e-02	6.998912e-01	8.235340e-01	7.671100e+00	
131  24.6367	1.461619e-01	-3.176341e+00	1.497666e+00	-1.763693e+00	1.439293e+00	-2.261839e+00	4.163467e-01	3.642982e-01	2.964423e-01	8.280275e-02	7.800182e-01	8.235340e-01	7.671100e+00	
15  24.1376	1.461619e-01	-3.176341e+00	6.935771e-01	-1.136948e+00	1.465417e+00	-3.553640e+00	3.954567e-01	3.462450e-01	2.372731e-01	5.928852e-02	5.917475e-01	8.235340e-01	7.671100e+00	
25  26.0933	1.461619e-01	-3.176341e+00	6.700681e-01	-1.333782e+00	1.605125e+00	-4.319884e+00	4.562856e-01	3.361607e-01	2.149918e-01	8.089213e-02	4.936523e-01	8.235340e-01	7.671100e+00	
53  23.9541	1.461619e-01	-3.176341e+00	4.967376e-01	-1.859057e+00	1.654552e+00	-4.644105e+00	4.282799e-01	3.037461e-01	2.316443e-01	1.157307e-01	5.824769e-01	8.235340e-01	7.671100e+00	
70  23.8537	1.461619e-01	-3.176341e+00	3.990890e-01	-2.076903e+00	1.627404e+00	-4.044368e+00	4.489217e-01	3.840905e-01	2.634781e-01	1.324882e-01	7.463562e-01	8.235340e-01	7.671100e+00	
113  24.0458	2.076301e-01	-3.788948e+00	3.990890e-01	-2.076903e+00	1.627404e+00	-4.044368e+00	4.489217e-01	3.840905e-01	2.634781e-01	1.324882e-01	7.463562e-01	8.289838e-01	7.671100e+00	
180  24.2094	2.076301e-01	-3.788948e+00	2.847600e-01	-1.388332e+00	1.640739e+00	-3.111913e+00	4.736289e-01	3.661648e-01	2.267221e-01	7.660683e-02	9.447596e-01	8.289838e-01	7.671100e+00	
85  23.5495	2.076301e-01	-3.788948e+00	4.738410e-01	-1.046481e+00	1.625888e+00	-2.598140e+00	4.372212e-01	3.403462e-01	2.286279e-01	1.023738e-01	6.994646e-01	8.289838e-01	7.671100e+00	
187  25.4729	2.076301e-01	-3.788948e+00	1.065738e-01	-1.574277e+00	1.598491e+00	-2.765654e+00	4.983017e-01	3.898596e-01	2.351147e-01	4.019920e-02	9.599094e-01	8.289838e-01	7.671100e+00	
182  27.0783	2.076301e-01	-3.788948e+00	3.432369e-01	-1.878516e+00	1.680837e+00	-2.583041e+00	4.838270e-01	4.038829e-01	1.789966e-01	6.208580e-02	8.200629e-01	8.289838e-01	7.671100e+00	
47  27.0578	1.961385e-01	-4.944367e+00	3.432369e-01	-1.878516e+00	1.680837e+00	-2.583041e+00	4.838270e-01	4.038829e-01	1.789966e-01	6.208580e-02	8.200629e-01	8.263546e-01	7.671100e+00	
44  29.241	1.961385e-01	-4.944367e+00	3.585441e-01	-2.260735e+00	1.516050e+00	-4.005171e+00	4.570824e-01	3.374923e-01	2.061612e-01	4.469539e-02	5.864475e-01	8.263546e-01	7.671100e+00	
36  29.4601	1.961385e-01	-4.944367e+00	3.573292e-01	-1.526936e+00	1.457244e+00	-3.758145e+00	4.139611e-01	3.137815e-01	2.627586e-01	1.058798e-01	5.852148e-01	8.263546e-01	7.671100e+00	
12  25.1735	1.961385e-01	-4.944367e+00	2.065343e-01	-2.755391e+00	1.472499e+00	-4.809284e+00	4.118931e-01	3.394201e-01	2.105521e-01	1.667292e-01	9.374664e-01	8.263546e-01	7.671100e+00	
4  24.784	1.961385e-01	-4.944367e+00	5.885580e-01	-3.227543e+00	1.485263e+00	-4.524509e+00	4.272061e-01	2.907401e-01	1.795321e-01	1.112293e-01	8.613744e-01	8.263546e-01	7.671100e+00	
4  25.3458	2.294994e-01	-4.388348e+00	5.885580e-01	-3.227543e+00	1.485263e+00	-4.524509e+00	4.272061e-01	2.907401e-01	1.795321e-01	1.112293e-01	8.613744e-01	8.265566e-01	7.671100e+00	
95  23.0605	2.294994e-01	-4.388348e+00	9.070676e-01	-3.533713e+00	1.559451e+00	-3.955934e+00	4.518118e-01	2.868999e-01	2.615321e-01	8.558446e-02	7.224068e-01	8.265566e-01	7.671100e+00	
4  22.5012	4.558699e-02	-5.832317e+00	9.070676e-01	-3.533713e+00	1.559451e+00	-3.955934e+00	4.518118e-01	2.868999e-01	2.615321e-01	8.558446e-02	7.224068e-01	8.156197e-01	7.671100e+00	
13  22.965	4.558699e-02	-5.832317e+00	9.204942e-01	-2.681613e+00	1.594200e+00	-4.429323e+00	4.264851e-01	3.128618e-01	3.084158e-01	1.185281e-01	5.585487e-01	8.156197e-01	7.671100e+00	
26  23.998	4.558699e-02	-5.832317e+00	8.614871e-01	-1.749470e+00	1.588652e+00	-4.488523e+00	4.817492e-01	3.265389e-01	2.930874e-01	1.417594e-01	6.996865e-01	8.156197e-01	7.671100e+00	
119  24.7376	4.558699e-02	-5.832317e+00	1.256568e+00	-1.720814e+00	1.672207e+00	-4.374217e+00	5.330681e-01	3.561050e-01	2.748202e-01	9.114015e-02	8.970430e-01	8.156197e-01	7.671100e+00	
105  26.3198	4.558699e-02	-5.832317e+00	9.457760e-01	-8.363413e-01	1.584481e+00	-4.265187e+00	4.946190e-01	3.176739e-01	2.551614e-01	4.076533e-02	9.788791e-01	8.156197e-01	7.671100e+00	
19  25.8133	4.558699e-02	-5.832317e+00	3.798677e-01	-8.941060e-01	1.584229e+00	-3.915818e+00	4.942505e-01	3.895621e-01	2.624201e-01	6.441762e-02	9.251109e-01	8.156197e-01	7.671100e+00	
46  27.2421	2.253451e-01	-6.488905e+00	3.798677e-01	-8.941060e-01	1.584229e+00	-3.915818e+00	4.942505e-01	3.895621e-01	2.624201e-01	6.441762e-02	9.251109e-01	8.293360e-01	7.671100e+00	
75  26.9027	2.253451e-01	-6.488905e+00	1.383522e-01	-1.722223e+00	1.597442e+00	-4.118639e+00	5.228662e-01	3.887060e-01	2.696667e-01	9.396935e-02	8.803861e-01	8.293360e-01	7.671100e+00	
78  26.4717	2.339559e-01	-5.383676e+00	1.383522e-01	-1.722223e+00	1.597442e+00	-4.118639e+00	5.228662e-01	3.887060e-01	2.696667e-01	9.396935e-02	8.803861e-01	8.273295e-01	7.671100e+00	
28  25.9631	3.039014e-01	-6.613456e+00	1.383522e-01	-1.722223e+00	1.597442e+00	-4.118639e+00	5.228662e-01	3.887060e-01	2.696667e-01	9.396935e-02	8.803861e-01	8.321901e-01	7.671100e+00	
5  25.1539	3.039014e-01	-6.613456e+00	2.638360e-01	-3.361011e+00	1.485397e+00	-4.124942e+00	4.774146e-01	3.917900e-01	2.626188e-01	8.973843e-02	8.441879e-01	8.321901e-01	7.671100e+00	
250  25.493	2.088052e-01	-4.423339e+00	2.638360e-01	-3.361011e+00	1.485397e+00	-4.124942e+00	4.774146e-01	3.917900e-01	2.626188e-01	8.973843e-02	8.441879e-01	8.235306e-01	7.671100e+00	
31  28.0089	2.088052e-01	-4.423339e+00	4.378045e-01	-1.846054e+00	1.518134e+00	-2.901385e+00	4.613809e-01	3.282343e-01	2.095194e-01	6.520716e-02	9.415515e-01	8.235306e-01	7.671100e+00	
15  28.3883	2.088052e-01	-4.423339e+00	1.655357e-01	-1.995781e+00	1.612025e+00	-3.463293e+00	4.549630e-01	3.761220e-01	2.082844e-01	2.565727e-02	7.946220e-01	8.235306e-01	7.671100e+00	
24  27.8151	4.395049e-01	-4.051173e+00	1.655357e-01	-1.995781e+00	1.612025e+00	-3.463293e+00	4.549630e-01	3.761220e-01	2.082844e-01	2.565727e-02	7.946220e-01	8.315450e-01	7.671100e+00	
49  24.6325	4.395049e-01	-4.051173e+00	1.286803e-01	-2.497516e+00	1.593763e+00	-4.457285e+00	4.347971e-01	3.685176e-01	2.204534e-01	3.510764e-02	7.098056e-01	8.315450e-01	7.671100e+00	
316  24.1276	4.395049e-01	-4.051173e+00	8.878081e-02	-4.017610e+00	1.600205e+00	-4.311635e+00	4.398496e-01	3.618719e-01	2.168133e-01	4.559494e-02	6.905644e-01	8.315450e-01	7.671100e+00	
115  25.2236	4.395049e-01	-4.051173e+00	9.998362e-02	-3.656932e+00	1.574281e+00	-3.783189e+00	4.199224e-01	3.700733e-01	1.756391e-01	7.626223e-02	7.802969e-01	8.315450e-01	7.671100e+00	
233  25.824	4.395049e-01	-4.051173e+00	3.001436e-01	-4.796415e+00	1.683520e+00	-4.051969e+00	3.942249e-01	3.939180e-01	1.590684e-01	6.684295e-02	3.224495e-01	8.315450e-01	7.671100e+00	
145  25.7292	4.775581e-01	-4.345344e+00	3.001436e-01	-4.796415e+00	1.683520e+00	-4.051969e+00	3.942249e-01	3.939180e-01	1.590684e-01	6.684295e-02	3.224495e-01	8.298549e-01	7.671100e+00	
187  27.6595	4.775581e-01	-4.345344e+00	9.958939e-02	-4.288906e+00	1.668344e+00	-4.326302e+00	4.062624e-01	4.083223e-01	2.007082e-01	9.585293e-02	3.871651e-01	8.298549e-01	7.671100e+00	
70  28.8079	4.775581e-01	-4.345344e+00	9.250362e-02	-3.735884e+00	1.507941e+00	-3.155768e+00	4.213135e-01	4.032563e-01	1.921251e-01	5.262155e-02	4.751895e-01	8.298549e-01	7.671100e+00	
32  31.66	4.775581e-01	-4.345344e+00	1.107126e-01	-4.058828e+00	1.454624e+00	-2.331969e+00	4.062078e-01	4.153145e-01	2.303988e-01	6.953874e-02	5.062616e-01	8.298549e-01	7.671100e+00	
42  28.1726	4.775581e-01	-4.345344e+00	2.324899e-02	-3.439153e+00	1.644964e+00	-3.544868e+00	4.208556e-01	3.921897e-01	2.170609e-01	6.609273e-02	7.570040e-01	8.298549e-01	7.671100e+00	
160  27.34	4.775581e-01	-4.345344e+00	5.347634e-02	-3.133197e+00	1.668481e+00	-3.051779e+00	3.702103e-01	3.594122e-01	2.017768e-01	4.114290e-02	7.179714e-01	8.298549e-01	7.671100e+00	
35  25.8052	4.775581e-01	-4.345344e+00	1.211635e-02	-1.174648e+00	1.628514e+00	-3.549684e+00	3.852141e-01	3.637946e-01	2.153384e-01	6.507320e-02	5.303913e-01	8.298549e-01	7.671100e+00	
111  25.9714	4.759223e-01	-6.064457e+00	1.211635e-02	-1.174648e+00	1.628514e+00	-3.549684e+00	3.852141e-01	3.637946e-01	2.153384e-01	6.507320e-02	5.303913e-01	8.293062e-01	7.671100e+00	
52  25.4394	4.833027e-01	-4.775855e+00	1.211635e-02	-1.174648e+00	1.628514e+00	-3.549684e+00	3.852141e-01	3.637946e-01	2.153384e-01	6.507320e-02	5.303913e-01	8.265165e-01	7.671100e+00	
366  26.1398	4.833027e-01	-4.775855e+00	1.914175e-02	-4.426147e-01	1.590361e+00	-3.702743e+00	4.059690e-01	3.606463e-01	1.593204e-01	1.058584e-01	6.215744e-01	8.265165e-01	7.671100e+00	
11  27.0777	4.543689e-01	-5.713507e+00	1.914175e-02	-4.426147e-01	1.590361e+00	-3.702743e+00	4.059690e-01	3.606463e-01	1.593204e-01	1.058584e-01	6.215744e-01	8.318982e-01	7.671100e+00	
66  29.0751	4.108394e-01	-5.746927e+00	1.914175e-02	-4.426147e-01	1.590361e+00	-3.702743e+00	4.059690e-01	3.606463e-01	1.593204e-01	1.058584e-01	6.215744e-01	8.234188e-01	7.671100e+00	
12  27.6849	4.267253e-01	-7.837421e+00	1.914175e-02	-4.426147e-01	1.590361e+00	-3.702743e+00	4.059690e-01	3.606463e-01	1.593204e-01	1.058584e-01	6.215744e-01	8.298865e-01	7.671100e+00	
350  25.0128	4.267253e-01	-7.837421e+00	1.106975e-01	2.691493e-01	1.580019e+00	-4.182964e+00	4.299822e-01	3.707628e-01	1.875550e-01	5.399020e-02	6.752182e-01	8.298865e-01	7.671100e+00	
52  25.6536	4.322135e-01	-7.403341e+00	1.106975e-01	2.691493e-01	1.580019e+00	-4.182964e+00	4.299822e-01	3.707628e-01	1.875550e-01	5.399020e-02	6.752182e-01	8.307480e-01	7.671100e+00	
50  25.7537	4.322135e-01	-7.403341e+00	7.580414e-02	-1.609970e+00	1.634823e+00	-4.917180e+00	4.329824e-01	3.170729e-01	2.282012e-01	8.089463e-02	7.446780e-01	8.307480e-01	7.671100e+00	
168  26.3864	4.322135e-01	-7.403341e+00	2.046491e-01	-1.250140e+00	1.694511e+00	-4.920692e+00	4.643648e-01	3.111600e-01	2.243999e-01	1.147502e-01	6.819150e-01	8.307480e-01	7.671100e+00	
26  31.1272	4.322135e-01	-7.403341e+00	2.828176e-01	-7.714515e-01	1.626823e+00	-4.501853e+00	4.328622e-01	3.629130e-01	2.495827e-01	1.451927e-01	7.369431e-01	8.307480e-01	7.671100e+00	
49  27.3291	4.322135e-01	-7.403341e+00	6.718114e-03	-1.109000e+00	1.612397e+00	-4.381646e+00	4.098668e-01	4.157782e-01	2.356932e-01	1.189789e-01	8.607077e-01	8.307480e-01	7.671100e+00	
172  26.5702	4.322135e-01	-7.403341e+00	1.001124e-01	-3.143839e+00	1.526771e+00	-4.691136e+00	3.912874e-01	3.820564e-01	1.900305e-01	1.397505e-01	6.647116e-01	8.307480e-01	7.671100e+00	
100  26.6047	4.097495e-01	-5.809355e+00	1.001124e-01	-3.143839e+00	1.526771e+00	-4.691136e+00	3.912874e-01	3.820564e-01	1.900305e-01	1.397505e-01	6.647116e-01	8.307919e-01	7.671100e+00	
210  26.9632	4.423589e-01	-6.648122e+00	1.001124e-01	-3.143839e+00	1.526771e+00	-4.691136e+00	3.912874e-01	3.820564e-01	1.900305e-01	1.397505e-01	6.647116e-01	8.270649e-01	7.671100e+00	
48  27.4539	4.423589e-01	-6.648122e+00	2.906976e-02	-3.173232e+00	1.579094e+00	-4.814492e+00	4.403538e-01	3.557129e-01	1.709578e-01	8.367409e-02	7.937133e-01	8.270649e-01	7.671100e+00	
43  28.1175	4.423589e-01	-6.648122e+00	1.382233e-01	-3.470832e+00	1.529561e+00	-3.912352e+00	4.054380e-01	3.257494e-01	1.590092e-01	6.597301e-02	7.851960e-01	8.270649e-01	7.671100e+00	
192  27.7854	4.423589e-01	-6.648122e+00	5.832914e-01	-3.925925e+00	1.546968e+00	-3.216725e+00	4.110735e-01	2.940000e-01	1.936902e-01	2.968726e-02	4.064030e-01	8.270649e-01	7.671100e+00	
57  27.7991	4.423589e-01	-6.648122e+00	6.097439e-01	-4.325464e+00	1.408499e+00	-2.419398e+00	4.132756e-01	3.218845e-01	2.083218e-01	6.014628e-02	2.783558e-01	8.270649e-01	7.671100e+00	
17  28.2169	3.971947e-01	-6.869029e+00	6.097439e-01	-4.325464e+00	1.408499e+00	-2.419398e+00	4.132756e-01	3.218845e-01	2.083218e-01	6.014628e-02	2.783558e-01	8.272999e-01	7.671100e+00	
180  25.2341	3.971947e-01	-6.869029e+00	4.657764e-01	-4.420486e+00	1.347493e+00	-3.446005e+00	3.903140e-01	3.283000e-01	2.249207e-01	8.254170e-02	4.675304e-01	8.272999e-01	7.671100e+00	
62  22.5296	4.146816e-01	-6.402622e+00	4.657764e-01	-4.420486e+00	1.347493e+00	-3.446005e+00	3.903140e-01	3.283000e-01	2.249207e-01	8.254170e-02	4.675304e-01	8.257635e-01	7.671100e+00	
16  24.4665	4.146816e-01	-6.402622e+00	4.174210e-01	-3.455770e+00	1.466397e+00	-3.253816e+00	4.230963e-01	3.143119e-01	2.177986e-01	6.368936e-02	5.596126e-01	8.257635e-01	7.671100e+00	
45  25.6116	2.872224e-01	-5.397726e+00	4.174210e-01	-3.455770e+00	1.466397e+00	-3.253816e+00	4.230963e-01	3.143119e-01	2.177986e-01	6.368936e-02	5.596126e-01	8.305303e-01	7.671100e+00	
98  22.623	2.872224e-01	-5.397726e+00	2.715524e-01	-4.672081e+00	1.404581e+00	-2.785753e+00	3.733584e-01	2.981345e-01	2.802253e-01	8.323636e-02	9.053312e-01	8.305303e-01	7.671100e+00	
20  22.32	3.114652e-01	-6.847716e+00	2.715524e-01	-4.672081e+00	1.404581e+00	-2.785753e+00	3.733584e-01	2.981345e-01	2.802253e-01	8.323636e-02	9.053312e-01	8.304621e-01	7.671100e+00	
117  22.0404	3.114652e-01	-6.847716e+00	2.939857e-01	-4.361114e+00	1.434972e+00	-3.695513e+00	4.088838e-01	3.358446e-01	2.609754e-01	5.841451e-02	7.900544e-01	8.304621e-01	7.671100e+00	
54  26.2783	3.114652e-01	-6.847716e+00	3.092924e-01	-3.556865e+00	1.504924e+00	-3.954630e+00	3.838506e-01	3.509949e-01	3.062079e-01	9.012317e-02	6.215099e-01	8.304621e-01	7.671100e+00	
51  26.3272	3.114652e-01	-6.847716e+00	2.237687e-01	-3.178588e+00	1.465638e+00	-4.176363e+00	3.893906e-01	3.352137e-01	2.696624e-01	4.095369e-02	6.962284e-01	8.304621e-01	7.671100e+00	
15  25.2898	3.681903e-01	-4.189243e+00	2.237687e-01	-3.178588e+00	1.465638e+00	-4.176363e+00	3.893906e-01	3.352137e-01	2.696624e-01	4.095369e-02	6.962284e-01	8.316619e-01	7.671100e+00	
16  24.1041	3.681903e-01	-4.189243e+00	2.058165e-01	-4.010763e+00	1.500582e+00	-3.273282e+00	3.996848e-01	3.398042e-01	2.829605e-01	9.631049e-02	7.626245e-01	8.316619e-01	7.671100e+00	
8  24.2785	3.681903e-01	-4.189243e+00	3.956179e-01	-3.396198e+00	1.491054e+00	-3.713636e+00	3.883085e-01	3.334247e-01	2.680650e-01	1.174802e-01	5.662356e-01	8.316619e-01	7.671100e+00	
38  25.3561	3.681903e-01	-4.189243e+00	9.772333e-02	-4.987742e+00	1.490169e+00	-4.438724e+00	4.033771e-01	3.032136e-01	2.165720e-01	7.228086e-02	9.059035e-01	8.316619e-01	7.671100e+00	
4  25.7519	3.327102e-01	-5.068194e+00	9.772333e-02	-4.987742e+00	1.490169e+00	-4.438724e+00	4.033771e-01	3.032136e-01	2.165720e-01	7.228086e-02	9.059035e-01	8.254780e-01	7.671100e+00	
26  25.6016	3.327102e-01	-5.068194e+00	7.833010e-01	-4.140593e+00	1.581760e+00	-4.197464e+00	3.934156e-01	2.910933e-01	1.702168e-01	8.737814e-02	4.652164e-01	8.254780e-01	7.671100e+00	
20  25.2525	3.327102e-01	-5.068194e+00	3.726766e-01	-3.820874e+00	1.503358e+00	-4.630011e+00	4.177045e-01	2.990533e-01	1.850949e-01	1.007157e-01	9.627572e-01	8.254780e-01	7.671100e+00	
13  23.988	3.327102e-01	-5.068194e+00	3.807517e-01	-3.922776e+00	1.519154e+00	-4.798905e+00	4.282217e-01	3.292060e-01	1.851252e-01	1.003061e-01	6.973386e-01	8.254780e-01	7.671100e+00	
7  22.6588	3.327102e-01	-5.068194e+00	3.921331e-01	-3.724324e+00	1.582066e+00	-4.675877e+00	3.981557e-01	3.143126e-01	2.293733e-01	5.376689e-02	5.480008e-01	8.254780e-01	7.671100e+00	
24  24.7093	3.327102e-01	-5.068194e+00	7.750487e-01	-3.836866e+00	1.606296e+00	-3.632948e+00	4.442500e-01	2.817008e-01	2.002459e-01	6.132141e-02	3.841661e-01	8.254780e-01	7.671100e+00	
189  24.4758	3.327102e-01	-5.068194e+00	3.165117e-01	-4.468715e+00	1.609872e+00	-3.551702e+00	4.294130e-01	2.937360e-01	2.444659e-01	7.200850e-02	6.904230e-01	8.254780e-01	7.671100e+00	
241  23.2969	3.327102e-01	-5.068194e+00	4.213688e-01	-4.293191e+00	1.641192e+00	-4.297047e+00	4.338631e-01	3.211661e-01	2.009830e-01	4.396783e-02	8.094554e-01	8.254780e-01	7.671100e+00	
708  20.4197	3.327102e-01	-5.068194e+00	4.986485e-01	-4.920150e+00	1.549978e+00	-2.551643e+00	4.000445e-01	3.326287e-01	1.905506e-01	9.536620e-02	4.945575e-01	8.254780e-01	7.671100e+00	
87  23.4677	2.571788e-01	-6.728453e+00	4.986485e-01	-4.920150e+00	1.549978e+00	-2.551643e+00	4.000445e-01	3.326287e-01	1.905506e-01	9.536620e-02	4.945575e-01	8.254889e-01	7.671100e+00	
121  20.4411	3.392323e-01	-5.097486e+00	4.986485e-01	-4.920150e+00	1.549978e+00	-2.551643e+00	4.000445e-01	3.326287e-01	1.905506e-01	9.536620e-02	4.945575e-01	8.303788e-01	7.671100e+00	
381  20.3523	3.272337e-01	-5.425826e+00	4.986485e-01	-4.920150e+00	1.549978e+00	-2.551643e+00	4.000445e-01	3.326287e-01	1.905506e-01	9.536620e-02	4.945575e-01	8.275933e-01	7.671100e+00	
72  24.0318	3.272337e-01	-5.425826e+00	5.224888e-01	-3.617433e+00	1.403937e+00	-2.448860e+00	3.508907e-01	3.299853e-01	2.140387e-01	1.327008e-01	4.621039e-01	8.275933e-01	7.671100e+00	
64  24.2361	3.272337e-01	-5.425826e+00	3.134770e-01	-3.114707e+00	1.396164e+00	-3.195116e+00	3.496889e-01	2.949093e-01	2.851402e-01	1.426298e-01	9.890687e-01	8.275933e-01	7.671100e+00	
171  23.098	2.962729e-01	-6.039308e+00	3.134770e-01	-3.114707e+00	1.396164e+00	-3.195116e+00	3.496889e-01	2.949093e-01	2.851402e-01	1.426298e-01	9.890687e-01	8.317772e-01	7.671100e+00	
173  22.5195	2.962729e-01	-6.039308e+00	6.890409e-01	-3.666839e+00	1.418510e+00	-3.766516e+00	3.921801e-01	3.131757e-01	2.258003e-01	1.560154e-01	5.576771e-01	8.317772e-01	7.671100e+00	
12  24.9322	2.962729e-01	-6.039308e+00	7.070539e-01	-2.765150e+00	1.558095e+00	-3.810029e+00	4.341312e-01	2.806113e-01	2.489407e-01	1.095973e-01	9.504772e-01	8.317772e-01	7.671100e+00	
37  24.1713	2.962729e-01	-6.039308e+00	1.053973e+00	-3.205687e+00	1.615563e+00	-3.543201e+00	4.244066e-01	2.908676e-01	2.129763e-01	8.171598e-02	5.799186e-01	8.317772e-01	7.671100e+00	
8  23.2282	2.962729e-01	-6.039308e+00	5.286923e-01	-3.162969e+00	1.587379e+00	-3.061696e+00	4.132388e-01	2.934367e-01	2.597930e-01	6.153765e-02	9.140069e-01	8.317772e-01	7.671100e+00	
26  24.1647	2.962729e-01	-6.039308e+00	8.735313e-01	-4.176898e+00	1.609159e+00	-2.448845e+00	4.189174e-01	2.614080e-01	1.945728e-01	8.850853e-02	6.010283e-01	8.317772e-01	7.671100e+00	
77  24.6037	2.962729e-01	-6.039308e+00	6.957792e-01	-3.719810e+00	1.522457e+00	-1.740845e+00	3.505722e-01	3.051838e-01	2.344078e-01	9.739932e-02	4.350212e-01	8.317772e-01	7.671100e+00	
24  24.2948	2.962729e-01	-6.039308e+00	4.811277e-01	-3.489735e+00	1.580421e+00	-1.519301e+00	3.638117e-01	3.358817e-01	2.202153e-01	8.000958e-02	8.601023e-01	8.317772e-01	7.671100e+00	
35  22.0968	1.750028e-01	-7.134722e+00	4.811277e-01	-3.489735e+00	1.580421e+00	-1.519301e+00	3.638117e-01	3.358817e-01	2.202153e-01	8.000958e-02	8.601023e-01	8.283317e-01	7.671100e+00	
3  22.2005	1.750028e-01	-7.134722e+00	6.523292e-01	-3.521628e+00	1.471464e+00	-1.439729e+00	4.098991e-01	3.205970e-01	2.142149e-01	8.151835e-02	5.213398e-01	8.283317e-01	7.671100e+00	
24  21.0819	1.750028e-01	-7.134722e+00	4.251051e-01	-3.368786e+00	1.516471e+00	-2.104959e+00	4.019015e-01	3.432830e-01	2.539151e-01	7.519823e-02	7.725258e-01	8.283317e-01	7.671100e+00	
50  21.1676	1.750028e-01	-7.134722e+00	2.207824e-01	-3.890282e+00	1.560320e+00	-2.288074e+00	3.971915e-01	3.289412e-01	2.576729e-01	5.548876e-02	9.967081e-01	8.283317e-01	7.671100e+00	
67  21.9494	1.750028e-01	-7.134722e+00	4.291223e-01	-4.280089e+00	1.491658e+00	-2.295876e+00	4.017975e-01	3.148822e-01	2.373094e-01	3.502461e-02	7.713778e-01	8.283317e-01	7.671100e+00	
93  21.7985	1.750028e-01	-7.134722e+00	7.315477e-01	-4.529155e+00	1.334020e+00	-3.942080e+00	3.813900e-01	2.979815e-01	2.504928e-01	5.394206e-02	9.813620e-01	8.283317e-01	7.671100e+00	
76  21.6163	1.750028e-01	-7.134722e+00	6.129489e-01	-4.550242e+00	1.383979e+00	-4.367606e+00	3.740732e-01	3.650852e-01	2.576444e-01	5.683471e-02	7.834589e-01	8.283317e-01	7.671100e+00	
67  23.565	1.750028e-01	-7.134722e+00	4.573877e-01	-4.463258e+00	1.442336e+00	-4.834325e+00	4.243805e-01	3.807050e-01	2.879689e-01	6.054580e-02	9.385315e-01	8.283317e-01	7.671100e+00	
23  23.5791	1.750028e-01	-7.134722e+00	4.171752e-01	-4.768960e+00	1.603252e+00	-4.728592e+00	3.807898e-01	3.451300e-01	2.440807e-01	5.209162e-02	7.831556e-01	8.283317e-01	7.671100e+00	
4  24.3517	1.750028e-01	-7.134722e+00	6.112207e-01	-3.916762e+00	1.512908e+00	-4.822197e+00	4.066836e-01	3.701543e-01	2.674616e-01	1.211202e-01	8.409761e-01	8.283317e-01	7.671100e+00	
15  23.5969	1.750028e-01	-7.134722e+00	1.128752e+00	-4.288846e+00	1.509373e+00	-4.012921e+00	3.988182e-01	3.093576e-01	3.077096e-01	1.144524e-01	8.778551e-01	8.283317e-01	7.671100e+00	
186  23.7097	1.750028e-01	-7.134722e+00	1.250644e+00	-2.935303e+00	1.446994e+00	-4.293240e+00	3.960148e-01	3.112012e-01	2.797856e-01	7.034035e-02	9.892609e-01	8.283317e-01	7.671100e+00	
85  23.1949	1.750028e-01	-7.134722e+00	7.303253e-01	-2.141299e+00	1.500350e+00	-4.937376e+00	3.774918e-01	3.277418e-01	2.656271e-01	9.582392e-02	7.718347e-01	8.283317e-01	7.671100e+00	
88  23.9437	1.750028e-01	-7.134722e+00	1.087551e+00	-3.030600e+00	1.550983e+00	-3.470107e+00	3.973022e-01	3.353152e-01	2.187376e-01	7.566920e-02	7.601773e-01	8.283317e-01	7.671100e+00	
53  22.0436	1.750028e-01	-7.134722e+00	8.991177e-01	-2.936095e+00	1.618675e+00	-3.527747e+00	4.109117e-01	3.039765e-01	2.055253e-01	7.921059e-02	8.283828e-01	8.283317e-01	7.671100e+00	
3  20.1278	1.124412e-01	-4.588476e+00	8.991177e-01	-2.936095e+00	1.618675e+00	-3.527747e+00	4.109117e-01	3.039765e-01	2.055253e-01	7.921059e-02	8.283828e-01	8.250456e-01	7.671100e+00	
169  21.1175	1.124412e-01	-4.588476e+00	9.138999e-01	-3.844665e+00	1.597886e+00	-3.688963e+00	4.383030e-01	3.252204e-01	2.437128e-01	8.078579e-02	8.132293e-01	8.250456e-01	7.671100e+00	
230  23.521	1.124412e-01	-4.588476e+00	1.542061e+00	-4.873853e+00	1.626829e+00	-4.352521e+00	4.368319e-01	2.935135e-01	2.455244e-01	5.882553e-02	8.917673e-01	8.250456e-01	7.671100e+00	
52  21.2722	1.124412e-01	-4.588476e+00	1.323328e+00	-3.401952e+00	1.536076e+00	-4.220364e+00	4.509344e-01	3.101516e-01	2.588490e-01	8.072449e-02	8.756318e-01	8.250456e-01	7.671100e+00	
16  24.7076	1.124412e-01	-4.588476e+00	1.603987e+00	-2.644659e+00	1.546205e+00	-3.798589e+00	4.283435e-01	3.490968e-01	2.757605e-01	7.979914e-02	5.743175e-01	8.250456e-01	7.671100e+00	
30  23.2992	1.124412e-01	-4.588476e+00	1.334847e+00	-3.421488e+00	1.608073e+00	-2.935855e+00	3.760149e-01	3.458856e-01	2.622518e-01	9.247215e-02	5.787139e-01	8.250456e-01	7.671100e+00	
224  20.5408	1.124412e-01	-4.588476e+00	8.296773e-01	-3.527125e+00	1.550407e+00	-2.058406e+00	3.873846e-01	3.257730e-01	2.497348e-01	6.058181e-02	7.041537e-01	8.250456e-01	7.671100e+00	
107  21.6524	1.124412e-01	-4.588476e+00	9.278768e-01	-3.877706e+00	1.459953e+00	-1.503773e+00	3.925587e-01	3.244120e-01	2.490085e-01	8.891405e-02	5.686477e-01	8.250456e-01	7.671100e+00	
11  24.3184	1.124412e-01	-4.588476e+00	4.751412e-01	-3.327641e+00	1.477951e+00	-5.257242e-02	3.967149e-01	3.417808e-01	2.580955e-01	3.609073e-02	8.412699e-01	8.250456e-01	7.671100e+00	
45  24.5808	1.124412e-01	-4.588476e+00	6.851337e-01	-2.780361e+00	1.364683e+00	1.494672e+00	3.970829e-01	3.386518e-01	2.616661e-01	5.603333e-02	7.451462e-01	8.250456e-01	7.671100e+00	
20  20.9898	1.124412e-01	-4.588476e+00	4.679968e-01	-2.644203e+00	1.481025e+00	2.209437e+00	3.922241e-01	3.384873e-01	2.689203e-01	6.753156e-02	8.565225e-01	8.250456e-01	7.671100e+00	
44  22.2646	1.124412e-01	-4.588476e+00	7.910485e-01	-2.816381e+00	1.466204e+00	2.629770e+00	4.079866e-01	2.849162e-01	2.197985e-01	1.019291e-01	7.919616e-01	8.250456e-01	7.671100e+00	
40  21.4618	1.124412e-01	-4.588476e+00	8.607673e-01	-2.849457e+00	1.376506e+00	2.746233e+00	4.053495e-01	2.866073e-01	2.239778e-01	3.519734e-02	6.070495e-01	8.250456e-01	7.671100e+00	
192  22.8726	1.844424e-01	-4.737892e+00	8.607673e-01	-2.849457e+00	1.376506e+00	2.746233e+00	4.053495e-01	2.866073e-01	2.239778e-01	3.519734e-02	6.070495e-01	8.294599e-01	7.671100e+00	
48  21.893	1.844424e-01	-4.737892e+00	7.731601e-01	-3.589928e+00	1.391298e+00	3.425787e+00	3.763096e-01	2.950269e-01	2.578799e-01	5.276531e-02	8.500980e-01	8.294599e-01	7.671100e+00	
26  21.5878	1.844424e-01	-4.737892e+00	7.908741e-01	-3.507709e+00	1.496417e+00	3.365086e+00	3.786257e-01	2.839162e-01	3.065963e-01	2.617336e-02	8.311029e-01	8.294599e-01	7.671100e+00	
40  24.3737	1.844424e-01	-4.737892e+00	1.100760e+00	-3.729673e+00	1.480969e+00	4.233137e+00	3.895108e-01	3.162858e-01	2.519289e-01	6.904355e-02	3.998835e-01	8.294599e-01	7.671100e+00	
21  22.43	1.844424e-01	-4.737892e+00	8.111348e-01	-3.268158e+00	1.474255e+00	3.744536e+00	3.760200e-01	3.038809e-01	2.900133e-01	8.126672e-02	9.267936e-01	8.294599e-01	7.671100e+00	
31  24.0573	1.844424e-01	-4.737892e+00	1.004448e+00	-2.573323e+00	1.402008e+00	4.002010e+00	3.690536e-01	3.078534e-01	2.783628e-01	1.194479e-01	6.551873e-01	8.294599e-01	7.671100e+00	
116  27.98	1.844424e-01	-4.737892e+00	1.451009e+00	-2.835148e+00	1.214859e+00	4.711078e+00	3.584802e-01	3.023429e-01	2.554750e-01	1.119615e-01	9.908200e-01	8.294599e-01	7.671100e+00	
9  25.5673	1.844424e-01	-4.737892e+00	1.177273e+00	-4.312800e+00	1.226735e+00	4.392046e+00	4.101578e-01	2.952043e-01	2.547474e-01	1.553721e-01	6.940271e-01	8.294599e-01	7.671100e+00	
7  25.6343	1.580390e-01	-5.484719e+00	1.177273e+00	-4.312800e+00	1.226735e+00	4.392046e+00	4.101578e-01	2.952043e-01	2.547474e-01	1.553721e-01	6.940271e-01	8.256307e-01	7.671100e+00	
62  24.0985	1.580390e-01	-5.484719e+00	8.973261e-01	-4.515561e+00	1.257682e+00	3.251591e+00	4.329051e-01	2.988857e-01	2.021498e-01	1.418222e-01	7.351552e-01	8.256307e-01	7.671100e+00	
69  25.1291	1.580390e-01	-5.484719e+00	1.003833e+00	-4.605610e+00	1.339163e+00	3.603438e+00	4.173405e-01	3.098370e-01	1.794765e-01	1.383313e-01	5.501389e-01	8.256307e-01	7.671100e+00	
38  28.9744	1.580390e-01	-5.484719e+00	1.356052e+00	-4.935520e+00	1.386026e+00	3.675822e+00	4.698159e-01	2.536524e-01	1.883825e-01	1.449112e-01	9.775023e-01	8.256307e-01	7.671100e+00	
82  27.7062	1.556329e-01	-6.155483e+00	1.356052e+00	-4.935520e+00	1.386026e+00	3.675822e+00	4.698159e-01	2.536524e-01	1.883825e-01	1.449112e-01	9.775023e-01	8.250906e-01	7.671100e+00	
48  28.2948	1.556329e-01	-6.155483e+00	9.021729e-01	-3.337602e+00	1.352645e+00	4.075247e+00	4.863645e-01	2.840653e-01	2.474561e-01	1.228538e-01	4.946874e-01	8.250906e-01	7.671100e+00	
11  28.9339	1.556329e-01	-6.155483e+00	1.097307e+00	-2.883080e+00	1.439815e+00	3.721633e+00	4.690855e-01	2.943733e-01	2.481772e-01	1.172695e-01	9.148915e-01	8.250906e-01	7.671100e+00	
41  29.0716	1.556329e-01	-6.155483e+00	8.611013e-01	-2.876989e+00	1.447299e+00	3.577187e+00	4.455219e-01	2.691445e-01	1.918134e-01	1.036104e-01	8.531305e-01	8.250906e-01	7.671100e+00	
11  25.0518	1.556329e-01	-6.155483e+00	1.098153e+00	-2.706204e+00	1.438804e+00	3.629677e+00	4.034803e-01	2.930934e-01	1.964657e-01	1.385580e-01	6.491000e-01	8.250906e-01	7.671100e+00	
211  23.3805	1.556329e-01	-6.155483e+00	5.703409e-01	-1.743889e+00	1.461490e+00	2.259207e+00	3.697536e-01	2.954610e-01	1.828242e-01	1.722764e-01	9.232758e-01	8.250906e-01	7.671100e+00	
5  22.2624	1.556329e-01	-6.155483e+00	1.053151e+00	-3.024889e+00	1.477812e+00	3.195779e+00	3.901213e-01	3.051308e-01	2.168654e-01	1.198965e-01	7.271104e-01	8.250906e-01	7.671100e+00	
41  22.2547	1.556329e-01	-6.155483e+00	3.333635e-01	-2.237607e+00	1.454046e+00	3.343561e+00	3.820159e-01	3.292950e-01	2.601486e-01	9.877485e-02	8.815478e-01	8.250906e-01	7.671100e+00	
75  21.7709	1.556329e-01	-6.155483e+00	4.526130e-01	-1.295403e+00	1.480251e+00	3.876702e+00	3.679586e-01	2.955786e-01	2.461561e-01	1.022624e-01	9.060236e-01	8.250906e-01	7.671100e+00	
138  22.2864	1.556329e-01	-6.155483e+00	5.989867e-01	-2.355087e+00	1.496157e+00	4.182003e+00	4.071518e-01	2.858380e-01	2.629680e-01	1.023227e-01	9.542831e-01	8.250906e-01	7.671100e+00	
130  23.9669	1.556329e-01	-6.155483e+00	5.461140e-01	-8.977799e-01	1.371095e+00	3.440995e+00	4.366145e-01	3.055772e-01	2.372815e-01	3.284420e-02	8.853128e-01	8.250906e-01	7.671100e+00	
53  24.1504	1.351281e-01	-5.403068e+00	5.461140e-01	-8.977799e-01	1.371095e+00	3.440995e+00	4.366145e-01	3.055772e-01	2.372815e-01	3.284420e-02	8.853128e-01	8.250735e-01	7.671100e+00	
77  23.1271	1.351281e-01	-5.403068e+00	1.100014e+00	-1.431322e+00	1.337908e+00	3.893807e+00	4.028190e-01	2.930497e-01	2.643911e-01	8.369117e-02	4.861021e-01	8.250735e-01	7.671100e+00	
70  23.4454	1.351281e-01	-5.403068e+00	8.128766e-01	-1.435958e+00	1.377510e+00	4.392115e+00	4.105440e-01	2.825390e-01	2.602625e-01	5.593417e-02	4.878257e-01	8.250735e-01	7.671100e+00	
213  22.1541	1.351281e-01	-5.403068e+00	9.926922e-01	-1.424400e+00	1.550688e+00	3.808685e+00	3.829287e-01	3.346756e-01	2.876109e-01	7.412635e-02	4.481876e-01	8.250735e-01	7.671100e+00	
3  24.3876	1.351281e-01	-5.403068e+00	1.233172e+00	-1.184746e+00	1.584307e+00	4.677045e+00	3.543295e-01	3.310413e-01	2.943391e-01	1.261298e-01	8.532552e-01	8.250735e-01	7.671100e+00	
10  23.0584	1.351281e-01	-5.403068e+00	1.054904e+00	-1.721087e+00	1.614174e+00	2.505354e+00	3.715210e-01	3.289819e-01	2.534257e-01	1.086680e-01	4.043553e-01	8.250735e-01	7.671100e+00	
44  25.7216	1.351281e-01	-5.403068e+00	1.263443e+00	-3.356042e-01	1.694117e+00	1.774286e+00	3.378410e-01	3.430416e-01	2.347154e-01	5.136187e-02	9.665911e-01	8.250735e-01	7.671100e+00	
12  26.4462	1.351281e-01	-5.403068e+00	1.179950e+00	1.024795e-01	1.695504e+00	1.493832e+00	3.617249e-01	3.373660e-01	2.547151e-01	2.795459e-02	5.226966e-01	8.250735e-01	7.671100e+00	
43  22.6746	1.351281e-01	-5.403068e+00	1.135472e+00	1.867675e-01	1.665551e+00	1.761575e+00	3.644924e-01	3.212993e-01	2.486660e-01	9.476708e-02	8.147292e-01	8.250735e-01	7.671100e+00	
366  20.6116	1.351281e-01	-5.403068e+00	5.223724e-01	-5.230290e-01	1.553718e+00	2.043507e+00	3.614862e-01	2.842248e-01	2.040571e-01	9.872439e-02	9.506315e-01	8.250735e-01	7.671100e+00	
62  20.2237	1.194705e-01	-7.041847e+00	5.223724e-01	-5.230290e-01	1.553718e+00	2.043507e+00	3.614862e-01	2.842248e-01	2.040571e-01	9.872439e-02	9.506315e-01	8.232498e-01	7.671100e+00	
7  23.2766	1.194705e-01	-7.041847e+00	1.394849e+00	-1.132663e+00	1.417899e+00	2.235341e+00	4.062746e-01	3.203092e-01	2.277989e-01	1.053469e-01	7.068594e-01	8.232498e-01	7.671100e+00	
10  23.0795	1.194705e-01	-7.041847e+00	1.120597e+00	-2.320053e+00	1.362682e+00	1.674119e+00	3.883089e-01	3.405435e-01	1.828564e-01	1.044974e-01	7.447176e-01	8.232498e-01	7.671100e+00	
77  22.9597	1.194705e-01	-7.041847e+00	1.009539e+00	-1.980178e+00	1.320791e+00	8.472948e-01	4.162948e-01	3.273739e-01	1.928391e-01	7.745906e-02	2.950180e-01	8.232498e-01	7.671100e+00	
13  22.3133	1.194705e-01	-7.041847e+00	9.874441e-01	-2.007862e+00	1.186252e+00	-6.209961e-01	3.952141e-01	3.825233e-01	2.576767e-01	5.165870e-02	6.316585e-01	8.232498e-01	7.671100e+00	
235  22.7643	1.194705e-01	-7.041847e+00	6.869625e-01	-1.901209e+00	1.076981e+00	-1.941884e+00	3.853552e-01	3.944420e-01	2.740637e-01	6.992758e-02	9.381609e-01	8.232498e-01	7.671100e+00	
157  22.2947	1.194705e-01	-7.041847e+00	8.472839e-01	-3.002115e+00	1.141865e+00	-2.755455e+00	3.847728e-01	4.139012e-01	3.077038e-01	1.274086e-01	8.234670e-01	8.232498e-01	7.671100e+00	
137  23.6252	2.177918e-01	-6.794704e+00	8.472839e-01	-3.002115e+00	1.141865e+00	-2.755455e+00	3.847728e-01	4.139012e-01	3.077038e-01	1.274086e-01	8.234670e-01	8.273359e-01	7.671100e+00	
36  22.1867	2.177918e-01	-6.794704e+00	6.753518e-01	-2.933548e+00	1.214194e+00	-2.456667e+00	3.678121e-01	3.610219e-01	3.039803e-01	1.179183e-01	7.581858e-01	8.273359e-01	7.671100e+00	
8  21.8717	2.177918e-01	-6.794704e+00	7.565851e-01	-4.181521e+00	1.263439e+00	-2.295626e+00	3.726625e-01	3.661944e-01	2.891286e-01	8.716286e-02	5.260502e-01	8.273359e-01	7.671100e+00	
62  22.1829	2.177918e-01	-6.794704e+00	7.432097e-01	-4.620164e+00	1.434753e+00	-2.982571e+00	3.438764e-01	2.884196e-01	2.495982e-01	1.052487e-01	9.236657e-01	8.273359e-01	7.671100e+00	
13  21.3655	2.177918e-01	-6.794704e+00	7.462185e-01	-4.455822e+00	1.445200e+00	-3.289699e+00	3.696672e-01	2.940742e-01	2.834809e-01	1.443678e-01	7.998156e-01	8.273359e-01	7.671100e+00	
5  23.0426	2.177918e-01	-6.794704e+00	8.726232e-01	-3.771728e+00	1.556880e+00	-3.682709e+00	3.997141e-01	2.928392e-01	2.403463e-01	1.631793e-01	7.377603e-01	8.273359e-01	7.671100e+00	
5  24.2826	2.177918e-01	-6.794704e+00	7.849394e-01	-2.460101e+00	1.606853e+00	-3.959733e+00	3.610492e-01	2.982572e-01	2.440221e-01	1.153496e-01	8.802219e-01	8.273359e-01	7.671100e+00	
114  25.3609	2.177918e-01	-6.794704e+00	1.024503e+00	-2.426204e+00	1.615386e+00	-4.485205e+00	3.577118e-01	2.913648e-01	2.134024e-01	1.097163e-01	8.901884e-01	8.273359e-01	7.671100e+00	
9  27.3653	2.177918e-01	-6.794704e+00	1.110224e+00	-1.982049e+00	1.621914e+00	-3.275587e+00	3.450106e-01	2.925779e-01	2.287432e-01	8.300317e-02	9.682564e-01	8.273359e-01	7.671100e+00	
8  23.6649	2.177918e-01	-6.794704e+00	6.293496e-01	-2.096531e+00	1.565093e+00	-2.831481e+00	3.806347e-01	3.401946e-01	2.183429e-01	7.327175e-02	5.444569e-01	8.273359e-01	7.671100e+00	
18  23.8728	2.177918e-01	-6.794704e+00	2.410923e-01	-6.217220e-01	1.633826e+00	-3.649862e+00	4.049146e-01	3.821177e-01	2.226886e-01	7.664199e-02	8.954943e-01	8.273359e-01	7.671100e+00	
120  21.7072	2.177918e-01	-6.794704e+00	3.412952e-01	-1.359615e+00	1.491164e+00	-4.566800e+00	4.187766e-01	3.362137e-01	2.467804e-01	8.805979e-02	9.840021e-01	8.273359e-01	7.671100e+00	
21  25.9489	2.177918e-01	-6.794704e+00	8.958867e-01	-9.160114e-01	1.532586e+00	-4.151500e+00	4.165253e-01	3.314174e-01	2.588530e-01	8.903113e-02	8.140349e-01	8.273359e-01	7.671100e+00	
47  23.7399	2.177918e-01	-6.794704e+00	7.376036e-01	1.063365e-01	1.574790e+00	-3.970198e+00	4.106420e-01	2.934983e-01	2.409997e-01	9.853053e-02	6.661650e-01	8.273359e-01	7.671100e+00	
60  23.6437	2.177918e-01	-6.794704e+00	5.468436e-01	3.892027e-01	1.469391e+00	-3.790325e+00	3.824382e-01	3.458570e-01	2.706853e-01	1.162339e-01	7.101494e-01	8.273359e-01	7.671100e+00	
3  23.3413	2.177918e-01	-6.794704e+00	5.773000e-01	-5.031606e-01	1.613476e+00	-4.359861e+00	3.897297e-01	2.627781e-01	2.460717e-01	9.436728e-02	9.674150e-01	8.273359e-01	7.671100e+00	
67  23.5178	2.177918e-01	-6.794704e+00	5.819194e-01	-1.309401e+00	1.593305e+00	-4.976313e+00	4.332293e-01	3.147023e-01	2.295913e-01	7.042641e-02	9.040224e-01	8.273359e-01	7.671100e+00	
10  23.9985	2.177918e-01	-6.794704e+00	8.701971e-01	-2.129693e+00	1.572837e+00	-3.736417e+00	3.920216e-01	2.925939e-01	3.010933e-01	9.251467e-02	7.132506e-01	8.273359e-01	7.671100e+00	
194  21.8893	2.177918e-01	-6.794704e+00	4.122673e-01	-1.778505e+00	1.516119e+00	-4.963112e+00	4.013438e-01	2.919105e-01	2.705826e-01	1.231646e-01	9.089221e-01	8.273359e-01	7.671100e+00	
100  22.1231	2.177918e-01	-6.794704e+00	5.502734e-01	-8.560161e-01	1.465115e+00	-4.670806e+00	3.603436e-01	2.942550e-01	2.920415e-01	5.969205e-02	9.598683e-01	8.273359e-01	7.671100e+00	
