5  73.2603	5.000000e-01	-5.000000e+00	8.441919e-01	-4.044902e+00	1.547887e+00	-2.126159e+00	3.611688e-01	2.377164e-01	1.922856e-01	8.377799e-02	8.534576e-01	8.307186e-01	7.671100e+00	
20  72.1807	5.000000e-01	-5.000000e+00	5.204359e-01	-4.020448e+00	1.658771e+00	-2.046188e+00	4.046906e-01	2.438412e-01	2.084319e-01	1.319517e-01	8.832868e-01	8.307186e-01	7.671100e+00	
13  53.7976	5.000000e-01	-5.000000e+00	4.519005e-01	-2.563997e+00	1.661469e+00	-6.442489e-01	4.259546e-01	3.030504e-01	1.900203e-01	1.355303e-01	4.589160e-01	8.307186e-01	7.671100e+00	
2  45.8833	5.000000e-01	-5.000000e+00	1.072677e-01	-2.843666e+00	1.592485e+00	-2.114895e+00	4.234305e-01	3.444595e-01	1.480047e-01	1.131265e-01	8.102823e-01	8.307186e-01	7.671100e+00	
100  38.7073	5.000000e-01	-5.000000e+00	2.658949e-01	-3.598734e+00	1.547878e+00	-3.576515e+00	4.606084e-01	2.765267e-01	1.134813e-01	8.272449e-02	4.133888e-01	8.307186e-01	7.671100e+00	
19  35.0919	5.000000e-01	-5.000000e+00	6.111676e-01	-4.637524e+00	1.531463e+00	-3.244230e+00	4.432378e-01	2.778676e-01	1.412961e-01	7.599972e-02	2.076636e-01	8.307186e-01	7.671100e+00	
41  34.8796	5.000000e-01	-5.000000e+00	5.891677e-01	-4.680757e+00	1.550824e+00	-4.829193e+00	4.134754e-01	2.628099e-01	1.357247e-01	1.152337e-01	2.152230e-01	8.307186e-01	7.671100e+00	
45  39.4403	5.000000e-01	-5.000000e+00	3.692440e-01	-4.676270e+00	1.441970e+00	-4.235547e+00	4.356497e-01	2.596435e-01	1.337789e-01	8.380315e-02	4.679862e-01	8.307186e-01	7.671100e+00	
8  36.6528	5.000000e-01	-5.000000e+00	2.609307e-01	-4.015430e+00	1.510850e+00	-4.051245e+00	4.118131e-01	2.559881e-01	1.893247e-01	1.082709e-01	6.456719e-01	8.307186e-01	7.671100e+00	
18  31.8726	4.422704e-01	-5.578897e+00	2.609307e-01	-4.015430e+00	1.510850e+00	-4.051245e+00	4.118131e-01	2.559881e-01	1.893247e-01	1.082709e-01	6.456719e-01	8.258145e-01	7.671100e+00	
28  32.8094	4.422704e-01	-5.578897e+00	5.090110e-01	-4.129803e+00	1.339245e+00	-4.221572e+00	3.626346e-01	2.742986e-01	1.946624e-01	1.284459e-01	8.435025e-01	8.258145e-01	7.671100e+00	
222  33.5053	4.422704e-01	-5.578897e+00	1.259792e-02	-3.234438e+00	1.292628e+00	-4.514084e+00	3.824559e-01	3.516909e-01	1.306561e-01	1.677462e-01	9.839460e-01	8.258145e-01	7.671100e+00	
20  33.4192	4.422704e-01	-5.578897e+00	1.761462e-01	-3.674643e+00	1.271621e+00	-4.726929e+00	3.817389e-01	4.037038e-01	1.472399e-01	1.007115e-01	5.889667e-01	8.258145e-01	7.671100e+00	
7  34.9202	4.422704e-01	-5.578897e+00	4.362115e-01	-4.184222e+00	1.309722e+00	-4.117620e+00	3.819067e-01	4.154038e-01	1.840774e-01	4.405752e-02	7.571483e-01	8.258145e-01	7.671100e+00	
13  28.0023	4.422704e-01	-5.578897e+00	5.027294e-01	-3.897830e+00	1.339706e+00	-4.656003e+00	4.001784e-01	3.667999e-01	2.037317e-01	5.832543e-02	4.044520e-01	8.258145e-01	7.671100e+00	
8  27.6129	1.768403e-01	-6.000543e+00	5.027294e-01	-3.897830e+00	1.339706e+00	-4.656003e+00	4.001784e-01	3.667999e-01	2.037317e-01	5.832543e-02	4.044520e-01	8.255490e-01	7.671100e+00	
370  23.4657	1.768403e-01	-6.000543e+00	2.064351e-01	-3.382182e+00	1.411014e+00	-4.711131e+00	4.262426e-01	4.114774e-01	2.445092e-01	1.127371e-01	9.671300e-01	8.255490e-01	7.671100e+00	
218  22.6229	1.768403e-01	-6.000543e+00	4.844873e-01	-3.438004e+00	1.296256e+00	-4.790685e+00	3.899048e-01	4.041413e-01	2.822357e-01	1.223551e-01	7.343061e-01	8.255490e-01	7.671100e+00	
530  24.0343	1.768403e-01	-6.000543e+00	4.865829e-01	-3.163100e+00	1.167196e+00	-4.688315e+00	3.898803e-01	4.152707e-01	2.768420e-01	1.192823e-01	8.119504e-01	8.255490e-01	7.671100e+00	
178  22.7267	1.768403e-01	-6.000543e+00	5.322098e-01	-3.206810e+00	1.348376e+00	-4.459325e+00	3.902487e-01	3.733195e-01	3.051301e-01	1.371382e-01	7.203174e-01	8.255490e-01	7.671100e+00	
55  23.5164	1.768403e-01	-6.000543e+00	3.585208e-01	-3.305406e+00	1.428385e+00	-3.158087e+00	3.666450e-01	4.185893e-01	2.576391e-01	1.028002e-01	7.134545e-01	8.255490e-01	7.671100e+00	
92  23.3737	1.768403e-01	-6.000543e+00	1.134960e-01	-3.528322e+00	1.564376e+00	-3.246028e+00	4.015712e-01	4.215763e-01	2.628637e-01	5.400211e-02	8.664194e-01	8.255490e-01	7.671100e+00	
142  22.3654	1.768403e-01	-6.000543e+00	3.903654e-01	-3.137521e+00	1.660971e+00	-4.186833e+00	4.221658e-01	3.608667e-01	2.503049e-01	2.960879e-02	7.568030e-01	8.255490e-01	7.671100e+00	
77  23.1097	1.768403e-01	-6.000543e+00	2.853960e-01	-2.751110e+00	1.685795e+00	-3.288060e+00	4.581927e-01	3.780794e-01	2.459739e-01	8.346970e-02	8.899283e-01	8.255490e-01	7.671100e+00	
50  22.5851	1.768403e-01	-6.000543e+00	3.380016e-01	-2.133023e+00	1.635236e+00	-4.000178e+00	3.921126e-01	3.438543e-01	2.740872e-01	4.684098e-02	9.513621e-01	8.255490e-01	7.671100e+00	
15  23.1466	1.768403e-01	-6.000543e+00	7.031129e-01	-3.662809e+00	1.491745e+00	-3.859661e+00	3.863337e-01	3.397971e-01	3.061886e-01	8.739621e-02	7.477951e-01	8.255490e-01	7.671100e+00	
23  23.9048	1.768403e-01	-6.000543e+00	4.617222e-01	-4.786867e+00	1.630776e+00	-4.271122e+00	3.752877e-01	2.728802e-01	2.510097e-01	5.393451e-02	8.640680e-01	8.255490e-01	7.671100e+00	
26  24.5259	1.768403e-01	-6.000543e+00	7.119548e-01	-4.777296e+00	1.630407e+00	-4.470452e+00	3.753177e-01	3.033096e-01	2.956654e-01	6.181095e-02	9.466350e-01	8.255490e-01	7.671100e+00	
33  27.1996	1.768403e-01	-6.000543e+00	8.822381e-01	-4.661314e+00	1.545589e+00	-4.817643e+00	3.568286e-01	3.243348e-01	2.573001e-01	3.758668e-02	5.616327e-01	8.255490e-01	7.671100e+00	
77  24.3892	1.768403e-01	-6.000543e+00	8.275796e-01	-4.676674e+00	1.667955e+00	-3.136670e+00	3.785649e-01	3.002915e-01	2.733849e-01	6.439594e-02	5.977331e-01	8.255490e-01	7.671100e+00	
9  23.524	1.768403e-01	-6.000543e+00	5.502819e-01	-4.213610e+00	1.617709e+00	-3.385277e+00	3.904760e-01	3.331455e-01	1.751760e-01	1.126450e-01	7.101210e-01	8.255490e-01	7.671100e+00	
13  24.0374	1.469084e-01	-5.158380e+00	5.502819e-01	-4.213610e+00	1.617709e+00	-3.385277e+00	3.904760e-01	3.331455e-01	1.751760e-01	1.126450e-01	7.101210e-01	8.287314e-01	7.671100e+00	
12  24.8676	1.469084e-01	-5.158380e+00	1.159187e+00	-4.671509e+00	1.571692e+00	-3.923592e+00	3.931708e-01	3.151346e-01	1.815661e-01	7.835444e-02	6.580905e-01	8.287314e-01	7.671100e+00	
182  21.5774	1.469084e-01	-5.158380e+00	9.682151e-01	-4.814355e+00	1.589233e+00	-3.369132e+00	4.029955e-01	2.888377e-01	1.923896e-01	1.147684e-01	7.189760e-01	8.287314e-01	7.671100e+00	
230  20.709	1.469084e-01	-5.158380e+00	9.228644e-01	-4.999871e+00	1.511528e+00	-4.360014e+00	4.033761e-01	2.869707e-01	2.099136e-01	1.165477e-01	9.779591e-01	8.287314e-01	7.671100e+00	
80  20.065	1.469084e-01	-5.158380e+00	4.503005e-01	-3.983860e+00	1.664687e+00	-4.537856e+00	4.187461e-01	2.970458e-01	2.655260e-01	1.143048e-01	9.337933e-01	8.287314e-01	7.671100e+00	
103  20.3935	1.845926e-01	-4.956934e+00	4.503005e-01	-3.983860e+00	1.664687e+00	-4.537856e+00	4.187461e-01	2.970458e-01	2.655260e-01	1.143048e-01	9.337933e-01	8.303973e-01	7.671100e+00	
6  21.8447	1.845926e-01	-4.956934e+00	5.790735e-01	-3.149657e+00	1.606257e+00	-4.411220e+00	4.021228e-01	2.842836e-01	2.623014e-01	1.045714e-01	5.964187e-01	8.303973e-01	7.671100e+00	
164  21.4271	1.845926e-01	-4.956934e+00	5.474312e-01	-3.379122e+00	1.589574e+00	-4.014607e+00	3.781551e-01	2.986473e-01	2.790736e-01	1.175961e-01	8.030637e-01	8.303973e-01	7.671100e+00	
76  21.7275	1.845926e-01	-4.956934e+00	5.271044e-01	-4.199947e+00	1.486484e+00	-4.040890e+00	3.683018e-01	3.221346e-01	2.591849e-01	1.596585e-01	8.458415e-01	8.303973e-01	7.671100e+00	
298  20.4156	1.845926e-01	-4.956934e+00	7.655451e-01	-4.552587e+00	1.517398e+00	-4.183980e+00	3.966578e-01	2.875811e-01	2.423079e-01	1.419013e-01	6.076853e-01	8.303973e-01	7.671100e+00	
90  21.0364	1.845926e-01	-4.956934e+00	7.522859e-01	-4.566745e+00	1.518988e+00	-4.477446e+00	3.959162e-01	2.939531e-01	2.741936e-01	1.492109e-01	6.350948e-01	8.303973e-01	7.671100e+00	
43  24.3764	2.836025e-01	-6.898195e+00	7.522859e-01	-4.566745e+00	1.518988e+00	-4.477446e+00	3.959162e-01	2.939531e-01	2.741936e-01	1.492109e-01	6.350948e-01	8.238305e-01	7.671100e+00	
366  23.3007	2.836025e-01	-6.898195e+00	2.806637e-01	-3.924866e+00	1.447760e+00	-4.043038e+00	4.087231e-01	3.153482e-01	2.314254e-01	8.319497e-02	7.622924e-01	8.238305e-01	7.671100e+00	
62  23.1938	2.836025e-01	-6.898195e+00	4.047547e-01	-4.135872e+00	1.404944e+00	-3.890502e+00	4.192297e-01	3.618183e-01	2.728154e-01	9.736350e-02	7.586871e-01	8.238305e-01	7.671100e+00	
1  24.8579	2.836025e-01	-6.898195e+00	4.269589e-01	-3.951050e+00	1.304200e+00	-2.962840e+00	3.747408e-01	3.421710e-01	2.366922e-01	8.882154e-02	4.539994e-01	8.238305e-01	7.671100e+00	
101  24.0731	2.836025e-01	-6.898195e+00	2.038972e-01	-4.057103e+00	1.192579e+00	-2.912338e+00	3.513152e-01	3.878948e-01	2.534070e-01	7.473664e-02	9.368436e-01	8.238305e-01	7.671100e+00	
101  24.1858	3.489580e-01	-7.389292e+00	2.038972e-01	-4.057103e+00	1.192579e+00	-2.912338e+00	3.513152e-01	3.878948e-01	2.534070e-01	7.473664e-02	9.368436e-01	8.291819e-01	7.671100e+00	
140  22.7469	3.489580e-01	-7.389292e+00	3.636565e-01	-4.682928e+00	1.386626e+00	-2.455451e+00	3.825392e-01	3.170061e-01	2.737015e-01	9.775631e-02	7.379772e-01	8.291819e-01	7.671100e+00	
79  22.7374	3.389350e-01	-5.435869e+00	3.636565e-01	-4.682928e+00	1.386626e+00	-2.455451e+00	3.825392e-01	3.170061e-01	2.737015e-01	9.775631e-02	7.379772e-01	8.243922e-01	7.671100e+00	
36  23.7918	3.389350e-01	-5.435869e+00	3.193760e-01	-4.956613e+00	1.372249e+00	-2.215843e+00	4.077669e-01	3.290894e-01	2.616407e-01	7.657076e-02	7.086494e-01	8.243922e-01	7.671100e+00	
33  25.3053	3.389350e-01	-5.435869e+00	2.908582e-01	-4.373337e+00	1.328521e+00	-1.767426e+00	4.088020e-01	3.103333e-01	2.124149e-01	6.599489e-02	8.529395e-01	8.243922e-01	7.671100e+00	
27  23.65	3.389350e-01	-5.435869e+00	7.928188e-02	-4.152126e+00	1.454546e+00	-1.484535e+00	3.952456e-01	3.485452e-01	2.310439e-01	5.060372e-02	8.660126e-01	8.243922e-01	7.671100e+00	
31  26.4799	3.389350e-01	-5.435869e+00	9.642038e-02	-3.797264e+00	1.412065e+00	-6.697758e-01	3.565018e-01	2.938427e-01	2.287740e-01	8.602816e-02	9.591893e-01	8.243922e-01	7.671100e+00	
17  26.4481	3.389350e-01	-5.435869e+00	3.808855e-01	-3.355523e+00	1.475572e+00	-4.213229e-01	3.846445e-01	3.053485e-01	1.960426e-01	1.358889e-01	7.883382e-01	8.243922e-01	7.671100e+00	
32  26.1622	3.389350e-01	-5.435869e+00	5.804633e-01	-3.901378e+00	1.311445e+00	7.533383e-01	3.521155e-01	3.330063e-01	1.821160e-01	5.907218e-02	7.222826e-01	8.243922e-01	7.671100e+00	
97  26.049	3.389350e-01	-5.435869e+00	4.092120e-01	-4.463188e+00	1.269887e+00	1.192713e+00	4.169772e-01	3.274092e-01	1.761538e-01	8.026099e-02	6.964442e-01	8.243922e-01	7.671100e+00	
8  25.8953	3.361328e-01	-7.286451e+00	4.092120e-01	-4.463188e+00	1.269887e+00	1.192713e+00	4.169772e-01	3.274092e-01	1.761538e-01	8.026099e-02	6.964442e-01	8.244501e-01	7.671100e+00	
32  25.9771	3.361328e-01	-7.286451e+00	6.591338e-01	-3.746861e+00	1.280827e+00	1.076277e+00	3.458534e-01	3.412483e-01	1.948084e-01	5.552874e-02	3.191499e-01	8.244501e-01	7.671100e+00	
22  26.7608	3.361328e-01	-7.286451e+00	6.408590e-01	-3.671005e+00	1.312738e+00	1.427502e+00	3.737066e-01	2.976223e-01	1.600614e-01	9.466043e-02	6.524227e-01	8.244501e-01	7.671100e+00	
90  26.4383	3.361328e-01	-7.286451e+00	3.625978e-01	-3.579473e+00	1.193751e+00	6.031079e-01	3.709705e-01	3.032942e-01	1.613598e-01	4.397450e-02	9.223636e-01	8.244501e-01	7.671100e+00	
82  25.5274	3.361328e-01	-7.286451e+00	5.796581e-01	-3.411724e+00	1.264848e+00	8.712604e-01	3.641014e-01	3.704404e-01	1.916980e-01	5.311623e-02	3.854599e-01	8.244501e-01	7.671100e+00	
6  28.1813	3.361328e-01	-7.286451e+00	8.428473e-01	-3.117506e+00	1.148083e+00	3.480927e-01	3.874893e-01	3.034794e-01	1.538123e-01	6.573449e-02	4.045267e-01	8.244501e-01	7.671100e+00	
23  26.3874	3.361328e-01	-7.286451e+00	7.358030e-01	-3.107967e+00	1.276230e+00	-1.084106e+00	4.089588e-01	2.936218e-01	2.255413e-01	8.150415e-02	3.036092e-01	8.244501e-01	7.671100e+00	
48  26.1822	3.361328e-01	-7.286451e+00	7.707952e-01	-3.634469e+00	1.166482e+00	-6.075955e-01	4.145495e-01	3.278537e-01	2.339540e-01	4.220837e-02	4.853796e-01	8.244501e-01	7.671100e+00	
2  25.8864	3.361328e-01	-7.286451e+00	5.774593e-01	-3.327559e+00	1.166429e+00	-5.490387e-01	4.231205e-01	3.461448e-01	2.260110e-01	7.329089e-02	7.246156e-01	8.244501e-01	7.671100e+00	
7  29.456	3.361328e-01	-7.286451e+00	7.503086e-01	-2.149708e+00	1.111692e+00	-2.286815e+00	3.657270e-01	3.261755e-01	2.030570e-01	6.144483e-02	9.964977e-01	8.244501e-01	7.671100e+00	
62  27.8075	3.141959e-01	-7.775265e+00	7.503086e-01	-2.149708e+00	1.111692e+00	-2.286815e+00	3.657270e-01	3.261755e-01	2.030570e-01	6.144483e-02	9.964977e-01	8.289616e-01	7.671100e+00	
5  27.6449	3.141959e-01	-7.775265e+00	5.689694e-01	-3.586084e+00	1.075775e+00	-1.225722e+00	3.904653e-01	3.408240e-01	2.519437e-01	6.865805e-02	5.511545e-01	8.289616e-01	7.671100e+00	
41  28.3219	3.141959e-01	-7.775265e+00	8.728038e-01	-4.554147e+00	1.141248e+00	-1.040388e-01	3.557350e-01	3.189328e-01	2.800498e-01	1.260528e-01	8.070202e-01	8.289616e-01	7.671100e+00	
3  27.8246	3.141959e-01	-7.775265e+00	3.288052e-01	-4.100163e+00	1.218464e+00	1.149670e+00	3.910160e-01	3.405512e-01	2.995921e-01	9.157252e-02	8.950966e-01	8.289616e-01	7.671100e+00	
37  28.5606	3.141959e-01	-7.775265e+00	2.896206e-01	-2.878799e+00	1.176618e+00	3.567278e-01	3.564824e-01	3.558825e-01	2.986979e-01	1.308475e-01	9.190187e-01	8.289616e-01	7.671100e+00	
32  25.6117	3.141959e-01	-7.775265e+00	1.411215e-02	-3.427518e+00	1.226310e+00	-1.469073e+00	3.823489e-01	4.151875e-01	2.574457e-01	1.123649e-01	9.794052e-01	8.289616e-01	7.671100e+00	
173  26.014	3.141959e-01	-7.775265e+00	2.597668e-01	-2.880233e+00	1.183619e+00	-5.298456e-01	3.592657e-01	4.227581e-01	2.318780e-01	1.479728e-01	9.973481e-01	8.289616e-01	7.671100e+00	
85  26.6626	3.141959e-01	-7.775265e+00	1.461625e-01	-3.713275e+00	1.128298e+00	-1.218585e+00	3.699293e-01	4.251202e-01	2.183730e-01	8.035569e-02	9.210655e-01	8.289616e-01	7.671100e+00	
26  24.192	3.141959e-01	-7.775265e+00	5.418173e-01	-2.958985e+00	1.109073e+00	-1.310908e+00	3.654266e-01	3.796232e-01	2.533383e-01	7.127579e-02	9.828215e-01	8.289616e-01	7.671100e+00	
88  25.8588	3.141959e-01	-7.775265e+00	5.395292e-01	-3.121455e+00	1.016041e+00	-2.854769e+00	3.625115e-01	3.723471e-01	2.714200e-01	1.081646e-01	8.469474e-01	8.289616e-01	7.671100e+00	
66  25.2923	3.141959e-01	-7.775265e+00	5.316223e-01	-1.991860e+00	1.012536e+00	-2.996235e+00	3.755502e-01	3.876653e-01	2.792377e-01	9.725345e-02	9.558036e-01	8.289616e-01	7.671100e+00	
44  28.8016	3.141959e-01	-7.775265e+00	6.906345e-01	-1.587415e+00	1.141595e+00	-2.249263e+00	4.035194e-01	4.104204e-01	2.298967e-01	1.138334e-01	5.036835e-01	8.289616e-01	7.671100e+00	
1  27.1305	3.141959e-01	-7.775265e+00	6.873582e-01	-5.769538e-01	1.033372e+00	-2.494133e+00	3.884976e-01	3.627224e-01	2.658825e-01	1.195922e-01	7.833786e-01	8.289616e-01	7.671100e+00	
32  26.026	3.141959e-01	-7.775265e+00	3.282425e-01	-1.103365e+00	1.070637e+00	-4.118545e+00	3.481262e-01	4.064273e-01	2.985418e-01	7.050512e-02	9.781874e-01	8.289616e-01	7.671100e+00	
13  24.8962	3.141959e-01	-7.775265e+00	5.631240e-01	-2.876554e+00	1.177757e+00	-2.532135e+00	3.679016e-01	4.034974e-01	2.653444e-01	6.569023e-02	5.177190e-01	8.289616e-01	7.671100e+00	
5  24.4142	3.141959e-01	-7.775265e+00	4.708240e-01	-4.350586e+00	1.180883e+00	-2.062036e+00	4.007569e-01	3.982341e-01	2.405412e-01	7.023833e-02	7.901419e-01	8.289616e-01	7.671100e+00	
246  21.7381	3.141959e-01	-7.775265e+00	4.407136e-01	-4.444022e+00	1.280657e+00	-1.577445e+00	3.726228e-01	3.833818e-01	2.236895e-01	4.666958e-02	5.355268e-01	8.289616e-01	7.671100e+00	
193  23.0471	3.141959e-01	-7.775265e+00	5.236580e-01	-4.098457e+00	1.272798e+00	-2.637681e+00	3.700059e-01	3.284068e-01	2.717108e-01	8.697118e-02	5.490796e-01	8.289616e-01	7.671100e+00	
218  22.6141	3.141959e-01	-7.775265e+00	3.000351e-01	-2.109671e+00	1.390143e+00	-3.182038e+00	3.587600e-01	3.157514e-01	2.875602e-01	1.007270e-01	8.765014e-01	8.289616e-01	7.671100e+00	
29  25.1833	3.141959e-01	-7.775265e+00	1.799844e-01	-1.652757e+00	1.473762e+00	-2.935140e+00	3.463395e-01	3.675180e-01	2.630751e-01	1.171053e-01	8.415393e-01	8.289616e-01	7.671100e+00	
506  23.4037	3.141959e-01	-7.775265e+00	2.334501e-01	-1.910679e+00	1.658494e+00	-2.406582e+00	4.083346e-01	3.785113e-01	2.300986e-01	4.510317e-02	8.290406e-01	8.289616e-01	7.671100e+00	
85  23.4015	3.141959e-01	-7.775265e+00	3.745370e-02	-1.100908e+00	1.652641e+00	-2.893986e+00	4.120169e-01	4.006272e-01	2.265356e-01	3.406898e-02	9.679956e-01	8.289616e-01	7.671100e+00	
12  24.1707	3.612108e-01	-6.898442e+00	3.745370e-02	-1.100908e+00	1.652641e+00	-2.893986e+00	4.120169e-01	4.006272e-01	2.265356e-01	3.406898e-02	9.679956e-01	8.235500e-01	7.671100e+00	
47  23.9006	3.592935e-01	-6.583332e+00	3.745370e-02	-1.100908e+00	1.652641e+00	-2.893986e+00	4.120169e-01	4.006272e-01	2.265356e-01	3.406898e-02	9.679956e-01	8.324745e-01	7.671100e+00	
16  26.1291	3.592935e-01	-6.583332e+00	2.344589e-01	1.272048e-01	1.643054e+00	-2.773371e+00	4.127915e-01	3.290995e-01	1.774243e-01	1.077851e-01	6.715732e-01	8.324745e-01	7.671100e+00	
45  24.2906	3.592935e-01	-6.583332e+00	4.929288e-01	-8.910106e-01	1.609519e+00	-2.878500e+00	3.901813e-01	3.088754e-01	1.994174e-01	8.332996e-02	6.817376e-01	8.324745e-01	7.671100e+00	
47  24.7433	3.592935e-01	-6.583332e+00	4.246031e-01	-4.053918e-01	1.602134e+00	-3.236911e+00	4.086579e-01	3.113468e-01	1.905569e-01	9.278615e-02	7.800186e-01	8.324745e-01	7.671100e+00	
11  25.15	3.592935e-01	-6.583332e+00	4.095950e-01	-6.523430e-01	1.502433e+00	-3.209895e+00	4.181035e-01	3.473121e-01	1.834097e-01	9.311090e-02	5.837749e-01	8.324745e-01	7.671100e+00	
181  25.2717	3.592935e-01	-6.583332e+00	3.066177e-01	-2.339090e-01	1.635373e+00	-3.841534e+00	3.707619e-01	3.014352e-01	2.166057e-01	1.112177e-01	7.583415e-01	8.324745e-01	7.671100e+00	
173  25.4288	3.592935e-01	-6.583332e+00	3.889742e-01	9.975644e-01	1.650187e+00	-4.956052e+00	3.955150e-01	3.261869e-01	1.914308e-01	1.179972e-01	5.278382e-01	8.324745e-01	7.671100e+00	
58  25.4653	3.592935e-01	-6.583332e+00	3.416241e-01	2.219339e+00	1.695423e+00	-4.445446e+00	4.605407e-01	3.312197e-01	2.003342e-01	1.027670e-01	6.574605e-01	8.324745e-01	7.671100e+00	
36  26.2571	3.592935e-01	-6.583332e+00	1.615219e-01	2.751902e+00	1.643028e+00	-4.199596e+00	4.458991e-01	3.377948e-01	1.737988e-01	5.700131e-02	7.804145e-01	8.324745e-01	7.671100e+00	
97  25.9828	3.592935e-01	-6.583332e+00	7.815403e-02	2.347832e+00	1.491662e+00	-3.370779e+00	4.729793e-01	3.389300e-01	2.704588e-01	7.482859e-02	9.743233e-01	8.324745e-01	7.671100e+00	
179  26.799	3.592935e-01	-6.583332e+00	3.952040e-02	3.880677e+00	1.435400e+00	-3.133856e+00	4.720510e-01	3.717689e-01	2.618528e-01	1.075962e-01	9.127162e-01	8.324745e-01	7.671100e+00	
141  26.8474	3.275810e-01	-6.178090e+00	3.952040e-02	3.880677e+00	1.435400e+00	-3.133856e+00	4.720510e-01	3.717689e-01	2.618528e-01	1.075962e-01	9.127162e-01	8.231426e-01	7.671100e+00	
74  27.4669	3.275810e-01	-6.178090e+00	1.537789e-01	4.932047e+00	1.425055e+00	-4.457786e+00	4.880008e-01	3.496489e-01	2.264619e-01	1.104080e-01	9.374881e-01	8.231426e-01	7.671100e+00	
38  27.5623	3.275810e-01	-6.178090e+00	1.197029e-01	4.569763e+00	1.511725e+00	-4.592591e+00	4.903272e-01	3.397132e-01	2.818609e-01	3.568144e-02	8.453335e-01	8.231426e-01	7.671100e+00	
30  27.401	3.589430e-01	-5.329506e+00	1.197029e-01	4.569763e+00	1.511725e+00	-4.592591e+00	4.903272e-01	3.397132e-01	2.818609e-01	3.568144e-02	8.453335e-01	8.289248e-01	7.671100e+00	
23  24.7518	3.589430e-01	-5.329506e+00	9.057185e-02	4.570513e+00	1.490335e+00	-4.239371e+00	4.318890e-01	3.297682e-01	2.417527e-01	4.476976e-02	8.947027e-01	8.289248e-01	7.671100e+00	
895  26.5547	3.589430e-01	-5.329506e+00	1.369204e-02	4.490133e+00	1.484221e+00	-3.533257e+00	3.708394e-01	3.094457e-01	2.006181e-01	1.057796e-01	9.915960e-01	8.289248e-01	7.671100e+00	
104  26.7231	3.589430e-01	-5.329506e+00	2.813542e-01	4.391940e+00	1.316221e+00	-3.529994e+00	3.695653e-01	3.412070e-01	2.325458e-01	1.701343e-01	9.017041e-01	8.289248e-01	7.671100e+00	
6  28.4088	3.589430e-01	-5.329506e+00	3.737739e-01	4.506639e+00	1.309114e+00	-3.128141e+00	3.620735e-01	3.327245e-01	2.700568e-01	1.596682e-01	7.928977e-01	8.289248e-01	7.671100e+00	
265  26.2668	3.589430e-01	-5.329506e+00	2.061200e-01	3.759240e+00	1.283821e+00	-2.744713e+00	3.650070e-01	3.032923e-01	2.890892e-01	1.405085e-01	9.755471e-01	8.289248e-01	7.671100e+00	
94  26.4219	3.589430e-01	-5.329506e+00	3.421372e-01	3.510371e+00	1.322746e+00	-3.084619e+00	3.609426e-01	3.572107e-01	2.329322e-01	1.100126e-01	7.692288e-01	8.289248e-01	7.671100e+00	
25  29.1883	3.589430e-01	-5.329506e+00	3.363298e-01	3.360278e+00	1.291879e+00	-1.999753e+00	3.558211e-01	3.625917e-01	2.390405e-01	1.656894e-01	8.896621e-01	8.289248e-01	7.671100e+00	
118  26.478	2.404659e-01	-3.416253e+00	3.363298e-01	3.360278e+00	1.291879e+00	-1.999753e+00	3.558211e-01	3.625917e-01	2.390405e-01	1.656894e-01	8.896621e-01	8.281178e-01	7.671100e+00	
83  29.0326	2.404659e-01	-3.416253e+00	6.038132e-01	4.404860e+00	1.237442e+00	-2.708355e+00	3.722844e-01	3.837374e-01	2.623510e-01	1.790910e-01	9.805281e-01	8.281178e-01	7.671100e+00	
232  26.7006	2.404659e-01	-3.416253e+00	3.097814e-01	3.106699e+00	1.300932e+00	-2.666793e+00	4.063178e-01	4.292461e-01	2.593156e-01	1.676635e-01	8.599705e-01	8.281178e-01	7.671100e+00	
110  25.0577	2.404659e-01	-3.416253e+00	3.607177e-01	2.239775e+00	1.295577e+00	-3.959584e+00	3.955330e-01	4.288355e-01	2.440629e-01	9.710253e-02	9.346333e-01	8.281178e-01	7.671100e+00	
83  24.3465	2.404659e-01	-3.416253e+00	2.083249e-01	1.958755e+00	1.314812e+00	-3.201576e+00	3.670811e-01	4.139453e-01	2.354581e-01	7.212606e-02	9.806138e-01	8.281178e-01	7.671100e+00	
700  24.1369	1.360190e-01	-3.402499e+00	2.083249e-01	1.958755e+00	1.314812e+00	-3.201576e+00	3.670811e-01	4.139453e-01	2.354581e-01	7.212606e-02	9.806138e-01	8.242653e-01	7.671100e+00	
74  24.1549	1.360190e-01	-3.402499e+00	5.374997e-01	3.951784e+00	1.308906e+00	-2.106346e+00	3.824247e-01	3.685441e-01	2.708114e-01	9.801021e-02	7.833884e-01	8.242653e-01	7.671100e+00	
178  23.2296	1.360190e-01	-3.402499e+00	2.636368e-01	3.865049e+00	1.375993e+00	-2.862059e+00	3.610234e-01	3.950967e-01	2.792695e-01	7.600215e-02	9.839080e-01	8.242653e-01	7.671100e+00	
5  24.3096	1.360190e-01	-3.402499e+00	2.033521e-01	3.748916e+00	1.406400e+00	-3.228780e+00	4.047392e-01	4.095408e-01	2.493814e-01	9.305020e-02	8.870211e-01	8.242653e-01	7.671100e+00	
94  27.0452	1.179703e-01	-3.181796e+00	2.033521e-01	3.748916e+00	1.406400e+00	-3.228780e+00	4.047392e-01	4.095408e-01	2.493814e-01	9.305020e-02	8.870211e-01	8.277207e-01	7.671100e+00	
135  25.2476	1.179703e-01	-3.181796e+00	2.522641e-01	2.053890e+00	1.434836e+00	-2.711691e+00	3.520537e-01	3.749887e-01	2.451168e-01	9.260745e-02	9.378382e-01	8.277207e-01	7.671100e+00	
20  25.8577	1.179703e-01	-3.181796e+00	1.101901e+00	1.931059e+00	1.578242e+00	-3.030295e+00	3.670005e-01	3.392386e-01	2.300253e-01	1.269838e-01	8.824280e-01	8.277207e-01	7.671100e+00	
4  23.9234	1.179703e-01	-3.181796e+00	8.180642e-01	2.820416e+00	1.513412e+00	-2.973077e+00	4.149727e-01	2.836539e-01	2.039693e-01	1.553538e-01	9.439372e-01	8.277207e-01	7.671100e+00	
48  23.8896	7.013536e-02	-4.938049e+00	8.180642e-01	2.820416e+00	1.513412e+00	-2.973077e+00	4.149727e-01	2.836539e-01	2.039693e-01	1.553538e-01	9.439372e-01	8.175020e-01	7.671100e+00	
233  24.6883	7.013536e-02	-4.938049e+00	8.445896e-01	2.267383e+00	1.592608e+00	-2.734982e+00	3.899128e-01	3.340655e-01	2.038319e-01	1.479114e-01	7.904819e-01	8.175020e-01	7.671100e+00	
111  25.5894	7.013536e-02	-4.938049e+00	7.966029e-01	2.192554e+00	1.580211e+00	-1.194602e+00	3.697659e-01	2.824958e-01	2.008342e-01	3.411210e-02	8.878569e-01	8.175020e-01	7.671100e+00	
90  27.5027	7.013536e-02	-4.938049e+00	2.460403e-01	1.516444e+00	1.520222e+00	-1.669030e+00	3.797717e-01	3.331287e-01	1.959571e-01	6.699067e-02	8.613585e-01	8.175020e-01	7.671100e+00	
206  27.2251	7.013536e-02	-4.938049e+00	9.848819e-01	7.359716e-01	1.547025e+00	-1.385808e+00	3.950830e-01	3.065997e-01	1.572201e-01	1.420667e-01	9.007123e-01	8.175020e-01	7.671100e+00	
114  23.8427	7.013536e-02	-4.938049e+00	9.424316e-01	-7.074274e-01	1.493462e+00	-1.572776e+00	3.872231e-01	2.665302e-01	1.543242e-01	8.811480e-02	9.453522e-01	8.175020e-01	7.671100e+00	
136  22.458	7.013536e-02	-4.938049e+00	7.459573e-01	7.374714e-01	1.517153e+00	-1.014546e+00	3.808758e-01	2.724091e-01	1.782001e-01	6.809746e-02	7.890654e-01	8.175020e-01	7.671100e+00	
1  26.4879	7.013536e-02	-4.938049e+00	7.614410e-01	5.761242e-01	1.462506e+00	-9.131982e-01	3.343283e-01	2.781081e-01	1.760989e-01	9.361132e-02	8.249945e-01	8.175020e-01	7.671100e+00	
38  27.2008	7.013536e-02	-4.938049e+00	1.136532e+00	-1.100782e-01	1.364075e+00	-9.530635e-01	4.000841e-01	3.056912e-01	1.764106e-01	1.000252e-01	7.430980e-01	8.175020e-01	7.671100e+00	
32  27.6316	7.013536e-02	-4.938049e+00	9.561030e-01	-9.278789e-01	1.323634e+00	-1.491707e+00	4.050863e-01	3.030108e-01	1.819135e-01	1.251047e-01	7.559423e-01	8.175020e-01	7.671100e+00	
5  24.4581	7.013536e-02	-4.938049e+00	8.678527e-01	-2.141831e-01	1.217664e+00	-1.762809e-01	3.829895e-01	3.811915e-01	2.242569e-01	1.312596e-01	8.202807e-01	8.175020e-01	7.671100e+00	
46  24.6672	7.013536e-02	-4.938049e+00	6.928064e-01	-6.071291e-01	1.158253e+00	3.292656e-01	3.701973e-01	4.163947e-01	2.415416e-01	7.665135e-02	8.827616e-01	8.175020e-01	7.671100e+00	
10  26.3401	7.013536e-02	-4.938049e+00	9.399901e-01	-1.030073e+00	1.125188e+00	7.262227e-01	4.195057e-01	3.908880e-01	1.945436e-01	8.668963e-02	4.494054e-01	8.175020e-01	7.671100e+00	
72  24.703	7.013536e-02	-4.938049e+00	1.414282e+00	-9.917477e-01	1.054971e+00	7.767481e-01	4.126535e-01	3.787802e-01	2.175545e-01	4.665384e-02	9.687320e-01	8.175020e-01	7.671100e+00	
20  22.6844	7.013536e-02	-4.938049e+00	1.361440e+00	-2.147921e+00	1.095160e+00	9.393735e-01	4.338045e-01	3.972198e-01	2.327618e-01	4.190749e-02	8.524149e-01	8.175020e-01	7.671100e+00	
44  21.1712	7.013536e-02	-4.938049e+00	1.181727e+00	-2.589564e+00	1.084616e+00	1.192810e+00	4.356811e-01	4.195015e-01	2.206968e-01	7.317810e-02	8.044574e-01	8.175020e-01	7.671100e+00	
22  24.8022	7.013536e-02	-4.938049e+00	1.020297e+00	-2.321685e+00	1.125033e+00	1.106866e+00	4.380218e-01	3.547601e-01	2.655807e-01	4.267245e-02	6.337859e-01	8.175020e-01	7.671100e+00	
100  23.3517	7.013536e-02	-4.938049e+00	1.494904e+00	-2.239047e+00	1.233889e+00	1.664601e+00	3.802676e-01	3.605164e-01	2.221842e-01	5.030985e-02	8.963008e-01	8.175020e-01	7.671100e+00	
76  22.2	7.013536e-02	-4.938049e+00	1.614836e+00	-2.179806e+00	1.230542e+00	2.368518e+00	4.376550e-01	3.284478e-01	2.267662e-01	5.722877e-02	9.113640e-01	8.175020e-01	7.671100e+00	
33  25.0938	7.013536e-02	-4.938049e+00	1.470212e+00	-1.998829e+00	1.254606e+00	2.303159e+00	3.955455e-01	3.009560e-01	2.086035e-01	7.158987e-02	7.166658e-01	8.175020e-01	7.671100e+00	
19  24.5997	7.013536e-02	-4.938049e+00	1.021212e+00	-1.526402e+00	1.153820e+00	1.547184e+00	4.001261e-01	3.114956e-01	2.146705e-01	1.052887e-01	1.944998e-01	8.175020e-01	7.671100e+00	
26  22.2797	7.013536e-02	-4.938049e+00	1.088718e+00	-1.979789e+00	1.396994e+00	1.972583e+00	3.794682e-01	3.196770e-01	1.895562e-01	1.265076e-01	7.937873e-01	8.175020e-01	7.671100e+00	
3  21.847	7.013536e-02	-4.938049e+00	1.042255e+00	-1.521966e+00	1.419831e+00	1.609100e+00	3.912321e-01	2.963491e-01	2.173397e-01	8.445482e-02	6.811989e-01	8.175020e-01	7.671100e+00	
38  22.3839	1.203800e-01	-4.180338e+00	1.042255e+00	-1.521966e+00	1.419831e+00	1.609100e+00	3.912321e-01	2.963491e-01	2.173397e-01	8.445482e-02	6.811989e-01	8.274845e-01	7.671100e+00	
151  19.9605	1.203800e-01	-4.180338e+00	7.382931e-01	-2.506661e+00	1.529228e+00	2.194887e+00	3.713467e-01	3.051753e-01	2.419719e-01	4.725823e-02	6.113432e-01	8.274845e-01	7.671100e+00	
46  25.1555	1.203800e-01	-4.180338e+00	1.218676e+00	-4.494818e+00	1.550285e+00	3.207180e+00	4.275669e-01	2.852997e-01	2.707078e-01	3.997651e-02	5.738760e-01	8.274845e-01	7.671100e+00	
32  22.748	1.203800e-01	-4.180338e+00	9.425786e-01	-4.865217e+00	1.614218e+00	4.373489e+00	3.635339e-01	3.270704e-01	2.595976e-01	2.940164e-02	9.891518e-01	8.274845e-01	7.671100e+00	
22  24.337	1.203800e-01	-4.180338e+00	1.059054e+00	-3.896164e+00	1.667511e+00	4.637120e+00	3.985229e-01	4.013769e-01	2.591170e-01	3.878157e-02	8.087446e-01	8.274845e-01	7.671100e+00	
19  24.0288	1.203800e-01	-4.180338e+00	4.886200e-01	-4.286705e+00	1.695828e+00	4.641642e+00	3.725933e-01	4.014879e-01	3.064247e-01	1.122755e-01	7.935006e-01	8.274845e-01	7.671100e+00	
117  25.3454	1.704520e-01	-3.398965e+00	4.886200e-01	-4.286705e+00	1.695828e+00	4.641642e+00	3.725933e-01	4.014879e-01	3.064247e-01	1.122755e-01	7.935006e-01	8.267598e-01	7.671100e+00	
6  24.0128	1.704520e-01	-3.398965e+00	1.052566e+00	-4.813801e+00	1.599307e+00	2.918995e+00	4.254185e-01	3.909259e-01	2.917437e-01	8.734149e-02	5.482357e-01	8.267598e-01	7.671100e+00	
28  23.171	1.704520e-01	-3.398965e+00	7.750603e-01	-4.629162e+00	1.530287e+00	3.448945e+00	3.944733e-01	3.981134e-01	2.710782e-01	6.458312e-02	7.392991e-01	8.267598e-01	7.671100e+00	
30  26.1869	1.704520e-01	-3.398965e+00	6.174805e-01	-3.826711e+00	1.534411e+00	8.847508e-01	3.656225e-01	4.196643e-01	2.849376e-01	9.052125e-02	7.392270e-01	8.267598e-01	7.671100e+00	
47  24.731	1.704520e-01	-3.398965e+00	8.252506e-01	-4.597350e+00	1.617045e+00	1.301396e+00	4.003156e-01	3.930430e-01	2.974592e-01	9.989629e-02	7.172752e-01	8.267598e-01	7.671100e+00	
27  24.2798	1.704520e-01	-3.398965e+00	1.442201e+00	-4.555192e+00	1.672833e+00	-2.876488e-01	4.438550e-01	3.745550e-01	2.494606e-01	7.355335e-02	6.442800e-01	8.267598e-01	7.671100e+00	
6  25.1941	1.704520e-01	-3.398965e+00	1.587789e+00	-4.972283e+00	1.537658e+00	-1.334374e-01	4.435971e-01	3.670377e-01	1.927363e-01	5.931928e-02	6.248604e-01	8.267598e-01	7.671100e+00	
10  25.6269	1.704520e-01	-3.398965e+00	1.239372e+00	-4.129650e+00	1.567889e+00	1.583821e+00	4.302009e-01	3.401558e-01	2.179946e-01	6.731903e-02	4.413580e-01	8.267598e-01	7.671100e+00	
52  25.3213	1.704520e-01	-3.398965e+00	1.502588e+00	-4.470805e+00	1.459107e+00	2.521002e+00	3.993075e-01	3.136276e-01	2.515965e-01	6.240123e-02	8.130566e-01	8.267598e-01	7.671100e+00	
8  21.7754	1.704520e-01	-3.398965e+00	1.015608e+00	-4.945776e+00	1.555214e+00	1.707105e+00	3.942677e-01	3.160824e-01	2.556167e-01	9.531164e-02	7.184589e-01	8.267598e-01	7.671100e+00	
14  21.0153	1.459975e-01	-4.153270e+00	1.015608e+00	-4.945776e+00	1.555214e+00	1.707105e+00	3.942677e-01	3.160824e-01	2.556167e-01	9.531164e-02	7.184589e-01	8.255862e-01	7.671100e+00	
81  22.1019	1.459975e-01	-4.153270e+00	1.044410e+00	-4.576855e+00	1.605619e+00	2.617914e+00	4.044805e-01	3.228490e-01	2.771601e-01	7.478547e-02	8.714648e-01	8.255862e-01	7.671100e+00	
178  21.5326	1.459975e-01	-4.153270e+00	9.249338e-01	-4.986547e+00	1.695656e+00	2.198336e+00	3.824977e-01	3.445883e-01	2.687878e-01	5.178450e-02	9.168831e-01	8.255862e-01	7.671100e+00	
325  23.7421	1.459975e-01	-4.153270e+00	2.163478e-01	-4.641462e+00	1.650298e+00	8.538076e-01	4.103135e-01	3.987679e-01	2.778050e-01	4.489024e-02	9.654594e-01	8.255862e-01	7.671100e+00	
158  23.6843	1.459975e-01	-4.153270e+00	4.332253e-01	-3.638562e+00	1.625002e+00	2.041682e+00	3.918593e-01	4.076544e-01	2.795980e-01	5.626786e-02	7.159898e-01	8.255862e-01	7.671100e+00	
15  24.1347	1.459975e-01	-4.153270e+00	6.778086e-01	-4.548625e+00	1.618553e+00	2.059910e+00	3.591773e-01	3.927850e-01	2.128875e-01	2.823089e-02	6.727332e-01	8.255862e-01	7.671100e+00	
92  23.3695	1.459975e-01	-4.153270e+00	4.060010e-01	-3.835167e+00	1.695780e+00	2.469105e+00	3.676189e-01	4.229890e-01	2.260663e-01	6.388698e-02	9.724769e-01	8.255862e-01	7.671100e+00	
153  22.0225	1.459975e-01	-4.153270e+00	7.420984e-01	-4.243317e+00	1.695002e+00	2.184033e+00	3.613106e-01	3.811268e-01	2.413747e-01	7.880788e-02	7.653793e-01	8.255862e-01	7.671100e+00	
21  24.7374	1.459975e-01	-4.153270e+00	6.709295e-01	-4.518684e+00	1.685690e+00	2.109049e+00	3.491083e-01	4.166047e-01	2.641970e-01	1.077155e-01	6.239377e-01	8.255862e-01	7.671100e+00	
6  24.5193	1.459975e-01	-4.153270e+00	1.369306e+00	-4.406162e+00	1.685227e+00	2.364758e+00	3.821803e-01	4.028772e-01	2.886103e-01	8.871453e-02	5.355011e-01	8.255862e-01	7.671100e+00	
7  24.6645	1.459975e-01	-4.153270e+00	1.535409e+00	-4.051464e+00	1.611392e+00	2.909783e+00	3.651314e-01	4.108195e-01	2.627470e-01	8.241143e-02	7.802564e-01	8.255862e-01	7.671100e+00	
46  25.7957	1.459975e-01	-4.153270e+00	1.266461e+00	-3.895145e+00	1.641682e+00	2.972385e+00	3.473871e-01	3.758607e-01	2.943227e-01	1.413381e-01	6.557355e-01	8.255862e-01	7.671100e+00	
4  25.8156	1.459975e-01	-4.153270e+00	1.249122e+00	-2.037380e+00	1.677430e+00	2.009700e+00	3.986604e-01	3.532635e-01	2.993932e-01	1.698022e-01	4.062389e-01	8.255862e-01	7.671100e+00	
113  29.4826	2.405452e-01	-5.281231e+00	1.249122e+00	-2.037380e+00	1.677430e+00	2.009700e+00	3.986604e-01	3.532635e-01	2.993932e-01	1.698022e-01	4.062389e-01	8.281296e-01	7.671100e+00	
22  28.9482	2.405452e-01	-5.281231e+00	9.538245e-01	-2.934068e+00	1.682802e+00	2.309816e+00	4.019345e-01	3.781862e-01	2.943117e-01	1.708209e-01	4.411321e-01	8.281296e-01	7.671100e+00	
106  28.9628	2.405452e-01	-5.281231e+00	1.290433e+00	-2.018320e+00	1.686556e+00	3.567290e+00	3.764349e-01	3.964098e-01	3.076706e-01	1.892892e-01	4.050783e-01	8.281296e-01	7.671100e+00	
11  29.2949	2.624089e-01	-4.466852e+00	1.290433e+00	-2.018320e+00	1.686556e+00	3.567290e+00	3.764349e-01	3.964098e-01	3.076706e-01	1.892892e-01	4.050783e-01	8.308444e-01	7.671100e+00	
246  25.2943	1.398813e-01	-4.559715e+00	1.290433e+00	-2.018320e+00	1.686556e+00	3.567290e+00	3.764349e-01	3.964098e-01	3.076706e-01	1.892892e-01	4.050783e-01	8.262800e-01	7.671100e+00	
60  24.6063	1.398813e-01	-4.559715e+00	1.169780e+00	-2.489721e+00	1.652966e+00	2.338340e+00	3.878692e-01	3.892569e-01	2.709077e-01	1.734203e-01	8.628179e-01	8.262800e-01	7.671100e+00	
17  22.8896	1.398813e-01	-4.559715e+00	1.427503e+00	-2.100291e+00	1.570912e+00	2.471776e+00	3.690045e-01	3.531799e-01	2.888742e-01	1.325429e-01	8.027202e-01	8.262800e-01	7.671100e+00	
110  22.0568	1.398813e-01	-4.559715e+00	1.213473e+00	-2.987979e+00	1.654811e+00	2.783175e+00	3.889521e-01	3.763992e-01	2.694895e-01	1.632766e-01	7.826324e-01	8.262800e-01	7.671100e+00	
186  22.6696	1.398813e-01	-4.559715e+00	1.450442e+00	-3.247099e+00	1.658516e+00	2.878142e+00	3.685635e-01	3.529147e-01	2.998881e-01	1.911703e-01	9.734321e-01	8.262800e-01	7.671100e+00	
3  24.0844	1.398813e-01	-4.559715e+00	8.375869e-01	-3.248705e+00	1.562741e+00	3.256720e+00	3.484555e-01	2.997913e-01	2.987523e-01	1.501510e-01	5.074064e-01	8.262800e-01	7.671100e+00	
12  23.9785	1.398813e-01	-4.559715e+00	1.280933e+00	-1.106493e+00	1.507719e+00	3.575807e+00	3.548809e-01	3.090590e-01	2.541739e-01	1.696632e-01	8.786538e-01	8.262800e-01	7.671100e+00	
166  23.3763	1.398813e-01	-4.559715e+00	7.285803e-01	-9.949329e-01	1.373706e+00	3.555058e+00	3.785767e-01	2.783625e-01	2.541820e-01	1.741314e-01	8.201167e-01	8.262800e-01	7.671100e+00	
61  21.856	1.398813e-01	-4.559715e+00	1.064294e+00	-7.840800e-01	1.505808e+00	2.711585e+00	3.641693e-01	2.993024e-01	2.128064e-01	1.483255e-01	8.525375e-01	8.262800e-01	7.671100e+00	
66  22.1052	1.398813e-01	-4.559715e+00	7.267209e-01	-6.523666e-01	1.543622e+00	3.393837e+00	3.784616e-01	3.130039e-01	2.164350e-01	8.769923e-02	9.213277e-01	8.262800e-01	7.671100e+00	
26  22.85	1.398813e-01	-4.559715e+00	5.847165e-01	1.186056e+00	1.412993e+00	3.607703e+00	3.836645e-01	2.941629e-01	2.388351e-01	8.699886e-02	7.994820e-01	8.262800e-01	7.671100e+00	
47  23.0931	1.398813e-01	-4.559715e+00	8.795673e-01	1.939182e+00	1.450653e+00	3.736628e+00	4.032160e-01	2.953704e-01	2.460015e-01	1.148542e-01	9.840384e-01	8.262800e-01	7.671100e+00	
191  21.9489	1.398813e-01	-4.559715e+00	1.024888e+00	2.336924e+00	1.413304e+00	3.397653e+00	3.887563e-01	2.819115e-01	2.818783e-01	9.725383e-02	9.577602e-01	8.262800e-01	7.671100e+00	
21  22.8784	1.398813e-01	-4.559715e+00	1.200717e+00	1.017617e+00	1.456485e+00	3.604812e+00	3.655803e-01	3.276606e-01	2.623874e-01	7.685847e-02	9.993204e-01	8.262800e-01	7.671100e+00	
3  24.1028	1.398813e-01	-4.559715e+00	8.467915e-01	5.087119e-01	1.405253e+00	2.679625e+00	3.714590e-01	3.293499e-01	2.181521e-01	7.787969e-02	8.513167e-01	8.262800e-01	7.671100e+00	
15  24.4788	1.398813e-01	-4.559715e+00	1.130518e+00	9.738234e-01	1.355126e+00	2.290870e+00	3.766892e-01	3.690322e-01	1.872838e-01	8.339518e-02	7.938616e-01	8.262800e-01	7.671100e+00	
20  24.3475	1.398813e-01	-4.559715e+00	1.485771e+00	3.987024e-01	1.285274e+00	2.158785e+00	4.052334e-01	3.514100e-01	2.183687e-01	4.798696e-02	8.790240e-01	8.262800e-01	7.671100e+00	
21  25.0182	1.398813e-01	-4.559715e+00	1.271277e+00	5.338224e-01	1.337314e+00	3.571965e+00	3.873319e-01	3.488537e-01	2.274029e-01	6.214980e-02	5.986309e-01	8.262800e-01	7.671100e+00	
65  22.7211	1.398813e-01	-4.559715e+00	1.339496e+00	-7.373335e-01	1.417283e+00	2.667441e+00	4.076928e-01	3.207811e-01	1.847106e-01	6.122297e-02	9.194985e-01	8.262800e-01	7.671100e+00	
19  22.7478	1.398813e-01	-4.559715e+00	8.078618e-01	-1.346037e+00	1.421780e+00	3.222590e+00	3.555518e-01	3.087511e-01	2.137272e-01	8.682070e-02	7.416876e-01	8.262800e-01	7.671100e+00	
59  21.8254	1.398813e-01	-4.559715e+00	9.758060e-01	-2.193755e+00	1.427842e+00	3.142932e+00	3.986953e-01	2.821200e-01	2.173685e-01	1.530905e-01	8.167674e-01	8.262800e-01	7.671100e+00	
142  21.4521	1.398813e-01	-4.559715e+00	9.297157e-01	-2.328495e+00	1.464855e+00	3.347060e+00	3.929066e-01	3.167070e-01	2.264655e-01	1.249560e-01	6.449076e-01	8.262800e-01	7.671100e+00	
9  21.0772	1.398813e-01	-4.559715e+00	1.111049e+00	-3.899814e+00	1.370166e+00	3.130626e+00	3.999466e-01	2.924711e-01	2.336314e-01	1.007877e-01	8.331075e-01	8.262800e-01	7.671100e+00	
22  25.9674	1.398813e-01	-4.559715e+00	1.366396e+00	-4.150433e+00	1.290299e+00	2.181714e+00	4.185546e-01	2.853557e-01	1.893281e-01	8.169356e-02	5.825692e-01	8.262800e-01	7.671100e+00	
3  22.291	1.398813e-01	-4.559715e+00	1.489130e+00	-2.696759e+00	1.230401e+00	2.780815e+00	4.264784e-01	3.436038e-01	2.176266e-01	5.267416e-02	9.171716e-01	8.262800e-01	7.671100e+00	
12  22.5808	1.398813e-01	-4.559715e+00	1.541006e+00	-2.915868e+00	1.223975e+00	3.521633e+00	4.493550e-01	3.445663e-01	2.435995e-01	2.873062e-02	7.971030e-01	8.262800e-01	7.671100e+00	
7  25.0918	1.398813e-01	-4.559715e+00	1.300606e+00	-2.509392e+00	1.307303e+00	3.822515e+00	4.351734e-01	3.267064e-01	2.899918e-01	5.605985e-02	9.201554e-01	8.262800e-01	7.671100e+00	
3  23.8676	1.398813e-01	-4.559715e+00	1.371863e+00	-2.833162e+00	1.330611e+00	3.083244e+00	4.437181e-01	3.332214e-01	2.736938e-01	6.798514e-02	8.280174e-01	8.262800e-01	7.671100e+00	
210  24.4265	1.398813e-01	-4.559715e+00	1.510559e+00	-1.839891e+00	1.364963e+00	1.784003e+00	4.467848e-01	3.236254e-01	2.436697e-01	3.897830e-02	7.771521e-01	8.262800e-01	7.671100e+00	
151  23.9701	1.398813e-01	-4.559715e+00	1.658874e+00	-1.922333e+00	1.353180e+00	2.228523e+00	4.461101e-01	3.202761e-01	2.128948e-01	5.608725e-02	8.930785e-01	8.262800e-01	7.671100e+00	
13  25.7624	1.398813e-01	-4.559715e+00	1.120363e+00	-2.551935e+00	1.341644e+00	2.689455e+00	4.422787e-01	3.478380e-01	2.242193e-01	1.080879e-01	4.977430e-01	8.262800e-01	7.671100e+00	
37  24.2818	1.398813e-01	-4.559715e+00	1.047942e+00	-1.913597e+00	1.240304e+00	2.675028e+00	4.597126e-01	3.572174e-01	1.921179e-01	7.622701e-02	7.770805e-01	8.262800e-01	7.671100e+00	
30  25.3946	1.398813e-01	-4.559715e+00	1.097658e+00	-4.093589e-01	1.193954e+00	3.435601e+00	4.043958e-01	3.818456e-01	1.597998e-01	3.016833e-02	7.712011e-01	8.262800e-01	7.671100e+00	
56  26.9573	1.398813e-01	-4.559715e+00	1.093923e+00	-1.216054e+00	1.158131e+00	2.534459e+00	3.400501e-01	3.610256e-01	1.850647e-01	5.946109e-02	8.201934e-01	8.262800e-01	7.671100e+00	
39  24.9302	1.398813e-01	-4.559715e+00	1.025003e+00	-1.405620e+00	1.124547e+00	2.848504e+00	3.934114e-01	3.657544e-01	1.539235e-01	6.939655e-02	7.109374e-01	8.262800e-01	7.671100e+00	
16  23.8142	1.398813e-01	-4.559715e+00	1.200387e+00	-2.013106e+00	1.104813e+00	3.467432e+00	4.482222e-01	3.314287e-01	1.549714e-01	8.682643e-02	6.281137e-01	8.262800e-01	7.671100e+00	
76  22.9676	1.398813e-01	-4.559715e+00	1.164268e+00	-2.157516e+00	1.119004e+00	3.492289e+00	4.526067e-01	3.859539e-01	1.658442e-01	1.102188e-01	7.466335e-01	8.262800e-01	7.671100e+00	
74  23.8657	1.398813e-01	-4.559715e+00	1.132003e+00	-2.147221e+00	1.053594e+00	2.789235e+00	4.409334e-01	3.992310e-01	2.004890e-01	8.741889e-02	6.767077e-01	8.262800e-01	7.671100e+00	
10  23.5077	1.398813e-01	-4.559715e+00	1.221555e+00	-2.025865e+00	1.057179e+00	2.974962e+00	4.664861e-01	3.332797e-01	2.031807e-01	7.231139e-02	6.038934e-01	8.262800e-01	7.671100e+00	
167  22.8336	1.398813e-01	-4.559715e+00	1.343887e+00	-2.125266e+00	1.056732e+00	3.390811e+00	4.844072e-01	4.006858e-01	1.967433e-01	7.558096e-02	6.610505e-01	8.262800e-01	7.671100e+00	
52  24.53	1.398813e-01	-4.559715e+00	1.312942e+00	-2.271559e+00	1.027924e+00	4.259540e+00	4.940459e-01	3.471841e-01	2.368826e-01	8.724341e-02	7.751761e-01	8.262800e-01	7.671100e+00	
11  24.6561	1.398813e-01	-4.559715e+00	1.680853e+00	-3.117893e+00	1.053001e+00	4.481980e+00	5.103192e-01	3.531443e-01	2.291149e-01	7.321565e-02	6.837092e-01	8.262800e-01	7.671100e+00	
82  24.61	1.398813e-01	-4.559715e+00	1.400544e+00	-3.385779e+00	1.128005e+00	2.671906e+00	5.023453e-01	3.189744e-01	2.128337e-01	5.581726e-02	7.727344e-01	8.262800e-01	7.671100e+00	
192  26.3544	1.398813e-01	-4.559715e+00	1.859811e+00	-2.145233e+00	1.204095e+00	2.485640e+00	5.209682e-01	3.282056e-01	2.464529e-01	6.609544e-02	9.386338e-01	8.262800e-01	7.671100e+00	
14  25.7907	1.023181e-01	-3.401379e+00	1.859811e+00	-2.145233e+00	1.204095e+00	2.485640e+00	5.209682e-01	3.282056e-01	2.464529e-01	6.609544e-02	9.386338e-01	8.216709e-01	7.671100e+00	
48  21.1935	1.023181e-01	-3.401379e+00	1.664632e+00	-4.478768e+00	1.263964e+00	2.987132e+00	4.212996e-01	3.540133e-01	2.165688e-01	8.185770e-02	8.381210e-01	8.216709e-01	7.671100e+00	
93  21.3038	1.023181e-01	-3.401379e+00	1.163050e+00	-3.694611e+00	1.325380e+00	3.470259e+00	4.488145e-01	3.393634e-01	1.991812e-01	2.857158e-02	8.396932e-01	8.216709e-01	7.671100e+00	
68  20.5324	1.023181e-01	-3.401379e+00	1.334367e+00	-3.658522e+00	1.396641e+00	3.399663e+00	4.114422e-01	3.489740e-01	2.069761e-01	7.008416e-02	9.468388e-01	8.216709e-01	7.671100e+00	
39  22.1152	1.023181e-01	-3.401379e+00	7.834572e-01	-4.274403e+00	1.451467e+00	2.284256e+00	4.165585e-01	3.473045e-01	2.320874e-01	5.081024e-02	6.726279e-01	8.216709e-01	7.671100e+00	
59  21.1523	1.023181e-01	-3.401379e+00	7.015300e-01	-4.083711e+00	1.357337e+00	1.861627e+00	3.785087e-01	3.435109e-01	2.221250e-01	6.427132e-02	6.454360e-01	8.216709e-01	7.671100e+00	
191  20.8592	1.023181e-01	-3.401379e+00	7.965163e-01	-4.486289e+00	1.493963e+00	1.208953e+00	3.650014e-01	3.108938e-01	2.291682e-01	3.930045e-02	7.477980e-01	8.216709e-01	7.671100e+00	
13  22.5991	1.023181e-01	-3.401379e+00	1.289840e+00	-4.113613e+00	1.608504e+00	9.468471e-01	4.091267e-01	3.194463e-01	2.492735e-01	9.790581e-02	8.277910e-01	8.216709e-01	7.671100e+00	
6  22.3742	1.023181e-01	-3.401379e+00	1.024428e+00	-4.498096e+00	1.591289e+00	1.351069e+00	3.932335e-01	3.404023e-01	1.895722e-01	1.300616e-01	7.033376e-01	8.216709e-01	7.671100e+00	
36  20.5006	1.023181e-01	-3.401379e+00	1.051089e+00	-3.674865e+00	1.515927e+00	2.122856e+00	3.728943e-01	3.099014e-01	2.379104e-01	1.102448e-01	8.644655e-01	8.216709e-01	7.671100e+00	
40  20.5396	1.023181e-01	-3.401379e+00	1.088003e+00	-4.118677e+00	1.478698e+00	3.838405e+00	4.094530e-01	3.194239e-01	2.475999e-01	1.076657e-01	5.004610e-01	8.216709e-01	7.671100e+00	
33  22.1112	1.023181e-01	-3.401379e+00	1.362211e+00	-4.898039e+00	1.575000e+00	4.390344e+00	4.446099e-01	3.348972e-01	2.554874e-01	3.643037e-02	9.535005e-01	8.216709e-01	7.671100e+00	
7  21.5158	1.023181e-01	-3.401379e+00	9.596841e-01	-4.725752e+00	1.652936e+00	3.880277e+00	4.081459e-01	3.760436e-01	2.973388e-01	4.201075e-02	6.896514e-01	8.216709e-01	7.671100e+00	
119  23.8618	1.023181e-01	-3.401379e+00	9.894361e-01	-4.925205e+00	1.625401e+00	3.140066e+00	3.670708e-01	3.972508e-01	2.824750e-01	1.016116e-01	3.829986e-01	8.216709e-01	7.671100e+00	
8  24.3626	1.023181e-01	-3.401379e+00	1.346635e+00	-4.067981e+00	1.508790e+00	2.585456e+00	3.900342e-01	3.793958e-01	2.483049e-01	1.224654e-01	4.798353e-01	8.216709e-01	7.671100e+00	
11  24.1375	1.023181e-01	-3.401379e+00	1.311765e+00	-4.037069e+00	1.427960e+00	1.755742e+00	4.160155e-01	3.320084e-01	2.373290e-01	1.292954e-01	8.132436e-01	8.216709e-01	7.671100e+00	
81  21.0523	1.023181e-01	-3.401379e+00	1.002346e+00	-4.703947e+00	1.263513e+00	7.348709e-02	3.939593e-01	3.285361e-01	2.483344e-01	5.633535e-02	8.338313e-01	8.216709e-01	7.671100e+00	
20  24.9432	1.023181e-01	-3.401379e+00	1.087280e+00	-4.499664e+00	1.110749e+00	-9.991574e-01	3.563026e-01	3.030606e-01	2.844743e-01	5.847039e-02	9.856327e-01	8.216709e-01	7.671100e+00	
40  29.771	1.023181e-01	-3.401379e+00	8.911019e-01	-4.179823e+00	1.245802e+00	-3.961489e-01	3.827672e-01	2.977071e-01	2.918752e-01	2.412109e-02	3.330579e-01	8.216709e-01	7.671100e+00	
34  28.1101	1.023181e-01	-3.401379e+00	1.106536e+00	-3.496268e+00	1.164987e+00	-4.083982e-01	3.360805e-01	3.450042e-01	2.845149e-01	9.322591e-02	6.117085e-01	8.216709e-01	7.671100e+00	
32  26.8787	1.023181e-01	-3.401379e+00	1.210034e+00	-3.113412e+00	1.173380e+00	1.456668e-01	3.640865e-01	3.429245e-01	2.950724e-01	6.010776e-02	4.426568e-01	8.216709e-01	7.671100e+00	
46  23.7423	1.023181e-01	-3.401379e+00	1.328635e+00	-2.870251e+00	1.210545e+00	-1.313779e+00	3.935373e-01	4.149514e-01	2.882812e-01	3.549901e-02	6.281570e-01	8.216709e-01	7.671100e+00	
1  23.0898	1.023181e-01	-3.401379e+00	1.475122e+00	-3.277407e+00	1.196116e+00	-4.529967e-01	3.844051e-01	3.881320e-01	2.573138e-01	8.129848e-02	6.745635e-01	8.216709e-01	7.671100e+00	
9  22.8657	1.023181e-01	-3.401379e+00	1.246737e+00	-4.091673e+00	1.117543e+00	-4.015569e-01	4.235607e-01	3.996295e-01	2.521170e-01	1.045950e-01	4.452025e-01	8.216709e-01	7.671100e+00	
11  22.2844	1.023181e-01	-3.401379e+00	1.611062e+00	-4.078992e+00	1.130272e+00	-1.264706e+00	4.284663e-01	3.849253e-01	2.896468e-01	8.804994e-02	7.650779e-01	8.216709e-01	7.671100e+00	
1  21.2189	1.023181e-01	-3.401379e+00	1.526561e+00	-3.492387e+00	1.156387e+00	7.743156e-02	4.331092e-01	3.946122e-01	2.591777e-01	9.359616e-02	9.466039e-01	8.216709e-01	7.671100e+00	
10  23.6091	1.023181e-01	-3.401379e+00	1.228727e+00	-3.919269e+00	1.206190e+00	-9.551896e-03	4.675042e-01	3.964570e-01	1.998934e-01	4.630857e-02	7.194577e-01	8.216709e-01	7.671100e+00	
55  24.2539	1.023181e-01	-3.401379e+00	1.488697e+00	-4.550767e+00	1.260234e+00	-2.354896e-01	4.811175e-01	3.595624e-01	2.780446e-01	1.005269e-01	8.703561e-01	8.216709e-01	7.671100e+00	
65  24.491	1.023181e-01	-3.401379e+00	1.674687e+00	-3.876563e+00	1.173981e+00	6.447793e-01	4.555578e-01	3.266235e-01	2.553439e-01	8.960979e-02	8.198974e-01	8.216709e-01	7.671100e+00	
38  24.8485	1.023181e-01	-3.401379e+00	1.535506e+00	-3.492556e+00	1.116745e+00	8.010250e-01	4.557381e-01	3.397440e-01	2.879674e-01	1.044902e-01	6.237909e-01	8.216709e-01	7.671100e+00	
71  23.8638	1.023181e-01	-3.401379e+00	1.188730e+00	-3.846369e+00	1.048800e+00	3.157891e-01	4.588856e-01	3.378715e-01	2.494557e-01	5.023532e-02	5.029639e-01	8.216709e-01	7.671100e+00	
59  27.2979	1.023181e-01	-3.401379e+00	1.300456e+00	-3.432655e+00	1.082205e+00	5.785834e-01	4.379531e-01	3.083342e-01	2.074758e-01	4.704811e-02	5.998230e-01	8.216709e-01	7.671100e+00	
37  30.5611	1.023181e-01	-3.401379e+00	7.815148e-01	-3.989624e+00	1.102554e+00	1.410477e+00	4.300459e-01	3.039795e-01	3.068362e-01	7.850026e-02	9.213123e-01	8.216709e-01	7.671100e+00	
8  30.4776	1.023181e-01	-3.401379e+00	7.650227e-01	-3.043605e+00	1.339712e+00	1.290963e+00	4.103099e-01	3.158827e-01	2.521000e-01	1.094120e-01	2.713075e-01	8.216709e-01	7.671100e+00	
23  29.8858	1.023181e-01	-3.401379e+00	6.930236e-01	-3.602895e+00	1.330305e+00	1.106471e+00	4.474339e-01	3.202346e-01	1.892400e-01	1.324161e-01	7.815943e-01	8.216709e-01	7.671100e+00	
11  28.6432	1.023181e-01	-3.401379e+00	1.157342e+00	-4.052963e+00	1.281411e+00	2.177816e+00	3.869283e-01	3.484669e-01	2.134535e-01	1.544495e-01	8.208404e-01	8.216709e-01	7.671100e+00	
11  31.0208	1.023181e-01	-3.401379e+00	1.250464e+00	-4.109469e+00	1.335115e+00	3.763184e+00	3.985489e-01	3.784183e-01	2.091386e-01	1.795079e-01	3.098321e-01	8.216709e-01	7.671100e+00	
41  26.3557	1.023181e-01	-3.401379e+00	1.197901e+00	-2.564203e+00	1.247728e+00	3.857006e+00	3.679226e-01	3.684105e-01	2.306091e-01	1.825501e-01	6.624867e-01	8.216709e-01	7.671100e+00	
87  25.3988	1.023181e-01	-3.401379e+00	1.180543e+00	-2.055339e+00	1.261916e+00	3.980008e+00	4.091905e-01	4.152468e-01	2.149026e-01	1.981343e-01	6.996139e-01	8.216709e-01	7.671100e+00	
65  23.9498	1.023181e-01	-3.401379e+00	1.287872e+00	-3.008399e+00	1.367464e+00	3.716308e+00	4.568888e-01	4.164237e-01	2.775218e-01	1.676875e-01	7.062050e-01	8.216709e-01	7.671100e+00	
28  24.7941	1.023181e-01	-3.401379e+00	1.645621e+00	-3.277005e+00	1.267929e+00	4.023703e+00	4.501301e-01	3.812806e-01	2.453205e-01	1.536532e-01	5.465980e-01	8.216709e-01	7.671100e+00	
9  21.3907	1.023181e-01	-3.401379e+00	1.591374e+00	-2.798565e+00	1.290079e+00	4.342567e+00	4.527991e-01	4.222239e-01	2.089812e-01	1.359952e-01	9.616565e-01	8.216709e-01	7.671100e+00	
36  21.9085	1.023181e-01	-3.401379e+00	1.425058e+00	-2.769472e+00	1.256259e+00	4.676498e+00	4.386355e-01	4.189076e-01	2.346971e-01	1.311151e-01	9.801052e-01	8.216709e-01	7.671100e+00	
36  21.4756	1.023181e-01	-3.401379e+00	1.530898e+00	-1.687068e+00	1.307781e+00	4.760883e+00	3.945868e-01	3.854495e-01	3.029616e-01	5.536285e-02	8.786171e-01	8.216709e-01	7.671100e+00	
85  22.1458	1.023181e-01	-3.401379e+00	1.410132e+00	-3.179430e+00	1.352524e+00	4.852517e+00	4.329303e-01	4.272444e-01	2.667421e-01	5.627781e-02	8.719077e-01	8.216709e-01	7.671100e+00	
16  21.1912	1.023181e-01	-3.401379e+00	1.449211e+00	-3.714174e+00	1.371179e+00	4.418527e+00	4.295353e-01	3.927586e-01	2.482530e-01	6.993217e-02	9.277330e-01	8.216709e-01	7.671100e+00	
92  20.4781	1.023181e-01	-3.401379e+00	1.385945e+00	-3.269698e+00	1.242772e+00	3.359029e+00	4.444381e-01	3.492872e-01	2.439586e-01	6.296883e-02	7.225914e-01	8.216709e-01	7.671100e+00	
1  22.239	1.023181e-01	-3.401379e+00	9.903599e-01	-3.992667e+00	1.244810e+00	3.600183e+00	4.089400e-01	3.771740e-01	1.910807e-01	8.932107e-02	4.048782e-01	8.216709e-01	7.671100e+00	
39  21.6771	1.023181e-01	-3.401379e+00	1.362628e+00	-3.102559e+00	1.245712e+00	4.311752e+00	4.153213e-01	3.893502e-01	2.026708e-01	4.173444e-02	7.250646e-01	8.216709e-01	7.671100e+00	
18  21.9031	1.023181e-01	-3.401379e+00	1.535158e+00	-4.154828e+00	1.270064e+00	3.904461e+00	4.056199e-01	3.449567e-01	2.591481e-01	8.805314e-02	8.400526e-01	8.216709e-01	7.671100e+00	
2  22.0761	4.441909e-02	-4.840162e+00	1.535158e+00	-4.154828e+00	1.270064e+00	3.904461e+00	4.056199e-01	3.449567e-01	2.591481e-01	8.805314e-02	8.400526e-01	8.187776e-01	7.671100e+00	
16  23.0255	4.441909e-02	-4.840162e+00	1.371562e+00	-4.236723e+00	1.421396e+00	3.865392e+00	4.055838e-01	3.167273e-01	2.399044e-01	8.746396e-02	6.070258e-01	8.187776e-01	7.671100e+00	
52  21.4806	4.441909e-02	-4.840162e+00	1.039277e+00	-3.549027e+00	1.288975e+00	3.894763e+00	3.920608e-01	3.275782e-01	2.417042e-01	4.683741e-02	4.834079e-01	8.187776e-01	7.671100e+00	
135  21.2186	4.441909e-02	-4.840162e+00	1.039160e+00	-3.733601e+00	1.397274e+00	3.701529e+00	3.624670e-01	2.980703e-01	1.942085e-01	7.742919e-02	9.621921e-01	8.187776e-01	7.671100e+00	
3  20.9982	4.441909e-02	-4.840162e+00	1.085396e+00	-3.065894e+00	1.423100e+00	2.496872e+00	3.912522e-01	3.138919e-01	1.982023e-01	1.223072e-01	6.257698e-01	8.187776e-01	7.671100e+00	
102  21.5335	4.441909e-02	-4.840162e+00	7.773257e-01	-2.962322e+00	1.376096e+00	1.464920e+00	3.949622e-01	3.030537e-01	1.911646e-01	9.445488e-02	4.753718e-01	8.187776e-01	7.671100e+00	
26  20.6553	4.441909e-02	-4.840162e+00	1.106082e+00	-4.487257e+00	1.339426e+00	4.971808e-01	4.180776e-01	3.182576e-01	1.674179e-01	7.253347e-02	8.118200e-01	8.187776e-01	7.671100e+00	
99  23.1741	4.441909e-02	-4.840162e+00	1.293917e+00	-4.517719e+00	1.423981e+00	-1.450616e+00	4.553412e-01	3.466050e-01	1.867906e-01	7.399425e-02	5.389290e-01	8.187776e-01	7.671100e+00	
23  22.4592	4.441909e-02	-4.840162e+00	1.048957e+00	-4.526192e+00	1.366222e+00	-1.386564e+00	4.341021e-01	3.172399e-01	2.322498e-01	8.461927e-02	3.523725e-01	8.187776e-01	7.671100e+00	
8  22.5992	4.441909e-02	-4.840162e+00	1.344012e+00	-3.689516e+00	1.458592e+00	-2.160888e+00	3.879643e-01	3.068556e-01	2.532067e-01	4.616882e-02	9.826560e-01	8.187776e-01	7.671100e+00	
17  22.0528	4.441909e-02	-4.840162e+00	9.024154e-01	-2.985321e+00	1.525231e+00	-1.539580e+00	4.122478e-01	3.477720e-01	2.019001e-01	7.364612e-02	7.256636e-01	8.187776e-01	7.671100e+00	
14  21.7748	4.441909e-02	-4.840162e+00	1.185630e+00	-2.891595e+00	1.542359e+00	-1.472768e+00	4.293401e-01	3.472413e-01	2.065644e-01	9.003678e-02	4.915397e-01	8.187776e-01	7.671100e+00	
3  21.5759	4.441909e-02	-4.840162e+00	1.212519e+00	-2.503972e+00	1.665706e+00	-2.196802e+00	4.056427e-01	3.346872e-01	2.181536e-01	4.628523e-02	6.318891e-01	8.187776e-01	7.671100e+00	
166  21.1647	4.441909e-02	-4.840162e+00	1.299429e+00	-2.093778e+00	1.604646e+00	-1.913001e+00	4.220342e-01	3.185175e-01	2.134622e-01	6.729339e-02	7.655304e-01	8.187776e-01	7.671100e+00	
472  20.9263	4.441909e-02	-4.840162e+00	1.225388e+00	-3.169041e+00	1.614314e+00	-1.498495e+00	4.034462e-01	3.489489e-01	1.798268e-01	7.115387e-02	1.506339e-02	8.187776e-01	7.671100e+00	
5  23.1047	4.441909e-02	-4.840162e+00	1.798264e+00	-3.258355e+00	1.544616e+00	-1.257239e+00	4.274858e-01	3.592581e-01	2.522131e-01	1.041635e-01	8.438236e-01	8.187776e-01	7.671100e+00	
21  22.0569	4.441909e-02	-4.840162e+00	1.325455e+00	-3.330553e+00	1.518134e+00	-3.057838e+00	4.382919e-01	3.787371e-01	2.641555e-01	1.203046e-01	5.542622e-01	8.187776e-01	7.671100e+00	
111  21.6579	4.441909e-02	-4.840162e+00	1.250631e+00	-4.163976e+00	1.563011e+00	-4.654150e+00	4.155245e-01	3.349992e-01	2.947817e-01	1.412328e-01	8.948543e-01	8.187776e-01	7.671100e+00	
81  20.6547	4.441909e-02	-4.840162e+00	6.290753e-01	-4.160806e+00	1.507589e+00	-4.257046e+00	4.068266e-01	3.311692e-01	2.949538e-01	1.485565e-01	8.504461e-01	8.187776e-01	7.671100e+00	
150  20.5315	4.441909e-02	-4.840162e+00	1.174934e+00	-4.417366e+00	1.534278e+00	-3.929858e+00	4.338006e-01	3.438484e-01	2.363228e-01	1.139802e-01	4.063743e-01	8.187776e-01	7.671100e+00	
41  23.3163	4.441909e-02	-4.840162e+00	1.081597e+00	-4.302190e+00	1.438634e+00	-4.780346e+00	3.869363e-01	3.327299e-01	2.351948e-01	1.425416e-01	4.497491e-01	8.187776e-01	7.671100e+00	
23  21.9405	4.441909e-02	-4.840162e+00	1.344520e+00	-4.912506e+00	1.417159e+00	-4.161245e+00	4.067513e-01	3.245258e-01	2.853487e-01	1.549283e-01	7.481759e-01	8.187776e-01	7.671100e+00	
8  22.2976	4.441909e-02	-4.840162e+00	1.231922e+00	-4.334364e+00	1.390262e+00	-4.546360e+00	4.272235e-01	3.284781e-01	2.565043e-01	1.443779e-01	7.043914e-01	8.187776e-01	7.671100e+00	
10  23.8541	4.441909e-02	-4.840162e+00	1.128573e+00	-3.723173e+00	1.201629e+00	-4.948513e+00	4.004498e-01	4.203041e-01	2.608907e-01	1.045758e-01	8.380207e-01	8.187776e-01	7.671100e+00	
37  21.8568	4.441909e-02	-4.840162e+00	1.087631e+00	-3.846663e+00	1.146172e+00	-3.472292e+00	4.166830e-01	3.690089e-01	2.650707e-01	1.227321e-01	4.633984e-01	8.187776e-01	7.671100e+00	
25  20.6707	4.441909e-02	-4.840162e+00	8.982884e-01	-4.229257e+00	1.341434e+00	-4.136999e+00	3.845097e-01	3.669054e-01	2.786943e-01	7.331194e-02	7.709090e-01	8.187776e-01	7.671100e+00	
3  20.5534	1.016490e-01	-3.857408e+00	8.982884e-01	-4.229257e+00	1.341434e+00	-4.136999e+00	3.845097e-01	3.669054e-01	2.786943e-01	7.331194e-02	7.709090e-01	8.301543e-01	7.671100e+00	
367  19.2382	1.016490e-01	-3.857408e+00	6.915642e-01	-3.634655e+00	1.351680e+00	-3.617883e+00	3.679891e-01	3.283117e-01	2.762012e-01	9.973072e-02	9.314827e-01	8.301543e-01	7.671100e+00	
36  22.0351	1.016490e-01	-3.857408e+00	1.155907e+00	-4.454316e+00	1.353918e+00	-2.919765e+00	3.573022e-01	3.383158e-01	2.467670e-01	1.155703e-01	8.119092e-01	8.301543e-01	7.671100e+00	
28  22.2095	1.016490e-01	-3.857408e+00	9.542957e-01	-4.894675e+00	1.311769e+00	-2.620371e+00	3.478177e-01	3.341826e-01	2.729735e-01	9.638910e-02	7.260586e-01	8.301543e-01	7.671100e+00	
107  22.2638	1.016490e-01	-3.857408e+00	9.806152e-01	-4.785643e+00	1.338260e+00	-2.443827e+00	3.652684e-01	3.426656e-01	3.050905e-01	6.850904e-02	9.445142e-01	8.301543e-01	7.671100e+00	
135  22.1462	1.016490e-01	-3.857408e+00	1.123223e+00	-4.507692e+00	1.316701e+00	-2.085342e+00	4.110599e-01	3.946465e-01	2.578300e-01	1.264841e-01	5.630117e-01	8.301543e-01	7.671100e+00	
11  21.8865	1.016490e-01	-3.857408e+00	1.429826e+00	-4.413022e+00	1.429828e+00	-2.254143e+00	4.126446e-01	3.764859e-01	2.657360e-01	8.140926e-02	9.168353e-01	8.301543e-01	7.671100e+00	
11  24.436	1.016490e-01	-3.857408e+00	1.437953e+00	-3.342878e+00	1.560783e+00	-2.117476e+00	4.633061e-01	3.490283e-01	2.792980e-01	1.264448e-01	6.471422e-01	8.301543e-01	7.671100e+00	
20  25.2431	1.016490e-01	-3.857408e+00	1.077085e+00	-3.155895e+00	1.531334e+00	-2.953386e+00	4.376727e-01	3.492535e-01	2.730954e-01	1.053522e-01	3.829673e-01	8.301543e-01	7.671100e+00	
265  21.9689	1.016490e-01	-3.857408e+00	9.933945e-01	-4.366306e+00	1.439938e+00	-4.457520e+00	3.905262e-01	3.313454e-01	2.401079e-01	1.210948e-01	2.483937e-01	8.301543e-01	7.671100e+00	
10  22.629	1.016490e-01	-3.857408e+00	9.457646e-01	-3.898620e+00	1.458951e+00	-3.865877e+00	4.250415e-01	3.159577e-01	2.361503e-01	8.229550e-02	9.038847e-01	8.301543e-01	7.671100e+00	
127  21.4356	1.016490e-01	-3.857408e+00	1.111021e+00	-3.225037e+00	1.396654e+00	-4.361385e+00	3.760211e-01	3.082357e-01	2.438726e-01	8.240867e-02	9.553418e-01	8.301543e-01	7.671100e+00	
138  20.8125	1.016490e-01	-3.857408e+00	7.973643e-01	-3.403650e+00	1.425111e+00	-3.934902e+00	3.781237e-01	3.308143e-01	2.599916e-01	8.516239e-02	9.105635e-01	8.301543e-01	7.671100e+00	
20  21.3825	1.016490e-01	-3.857408e+00	9.735279e-01	-4.046005e+00	1.376749e+00	-2.454692e+00	3.664731e-01	3.296529e-01	2.113287e-01	5.390255e-02	7.727259e-01	8.301543e-01	7.671100e+00	
66  21.3522	1.016490e-01	-3.857408e+00	1.157189e+00	-3.901398e+00	1.445350e+00	-2.021280e+00	3.779327e-01	3.170013e-01	2.285387e-01	7.719588e-02	9.270206e-01	8.301543e-01	7.671100e+00	
51  21.4367	1.016490e-01	-3.857408e+00	1.363634e+00	-4.857116e+00	1.520219e+00	-1.578658e+00	4.019802e-01	3.333759e-01	2.390037e-01	4.151302e-02	7.068365e-01	8.301543e-01	7.671100e+00	
54  20.6528	1.016490e-01	-3.857408e+00	1.441474e+00	-4.240346e+00	1.547932e+00	-1.152116e+00	4.082711e-01	3.329593e-01	2.083116e-01	7.411845e-02	5.688594e-01	8.301543e-01	7.671100e+00	
31  21.4773	1.016490e-01	-3.857408e+00	1.506172e+00	-4.060547e+00	1.351766e+00	-1.170488e+00	4.244446e-01	3.652180e-01	2.423833e-01	3.254729e-02	8.048918e-01	8.301543e-01	7.671100e+00	
77  20.8902	1.016490e-01	-3.857408e+00	1.534518e+00	-3.286028e+00	1.381343e+00	7.617852e-02	4.041054e-01	3.609322e-01	2.088437e-01	7.679790e-02	7.493323e-01	8.301543e-01	7.671100e+00	
91  19.9831	1.016490e-01	-3.857408e+00	8.929869e-01	-3.664658e+00	1.372121e+00	-4.178179e-01	3.825994e-01	3.146691e-01	1.874975e-01	6.189763e-02	3.355511e-01	8.301543e-01	7.671100e+00	
103  20.9093	1.016490e-01	-3.857408e+00	1.339261e+00	-3.993900e+00	1.348302e+00	-1.213611e+00	3.891051e-01	3.266674e-01	2.268674e-01	7.724229e-02	9.745074e-01	8.301543e-01	7.671100e+00	
1  20.4154	1.016490e-01	-3.857408e+00	1.141954e+00	-3.811365e+00	1.314626e+00	-2.057071e+00	4.005949e-01	3.373076e-01	2.399249e-01	9.032895e-02	7.959913e-01	8.301543e-01	7.671100e+00	
343  19.9354	1.016490e-01	-3.857408e+00	8.686920e-01	-3.704659e+00	1.366878e+00	-2.519316e+00	3.701358e-01	3.105140e-01	2.322694e-01	1.349439e-01	8.584936e-01	8.301543e-01	7.671100e+00	
5  20.5255	1.016490e-01	-3.857408e+00	9.497247e-01	-3.461162e+00	1.334240e+00	-3.238248e+00	3.936992e-01	3.236194e-01	2.921123e-01	9.396095e-02	6.605723e-01	8.301543e-01	7.671100e+00	
95  20.7077	1.016490e-01	-3.857408e+00	1.220210e+00	-3.240300e+00	1.323428e+00	-3.301367e+00	4.042940e-01	3.677243e-01	3.045853e-01	1.190678e-01	7.772634e-01	8.301543e-01	7.671100e+00	
22  21.8136	1.016490e-01	-3.857408e+00	9.896943e-01	-3.734755e+00	1.352246e+00	-4.022058e+00	4.224031e-01	3.320592e-01	2.618943e-01	8.191793e-02	4.576513e-01	8.301543e-01	7.671100e+00	
30  22.4674	1.016490e-01	-3.857408e+00	9.525358e-01	-3.810840e+00	1.426378e+00	-3.476003e+00	4.311452e-01	3.428331e-01	2.522941e-01	1.139489e-01	3.856859e-01	8.301543e-01	7.671100e+00	
28  20.111	1.016490e-01	-3.857408e+00	1.197197e+00	-4.871801e+00	1.410588e+00	-3.206655e+00	4.299946e-01	3.227182e-01	2.600597e-01	1.080749e-01	6.469707e-01	8.301543e-01	7.671100e+00	
114  20.3263	1.016490e-01	-3.857408e+00	1.155076e+00	-4.873114e+00	1.399538e+00	-3.436460e+00	3.818147e-01	2.974854e-01	2.174713e-01	9.027582e-02	9.492765e-01	8.301543e-01	7.671100e+00	
13  20.6882	1.016490e-01	-3.857408e+00	8.320822e-01	-3.985254e+00	1.446187e+00	-2.454348e+00	3.760505e-01	2.909411e-01	2.127354e-01	9.561270e-02	4.436521e-01	8.301543e-01	7.671100e+00	
203  19.6561	1.016490e-01	-3.857408e+00	6.893062e-01	-4.655974e+00	1.458877e+00	-1.262206e+00	3.622130e-01	3.209264e-01	2.372548e-01	4.659383e-02	7.756852e-01	8.301543e-01	7.671100e+00	
33  20.8083	1.016490e-01	-3.857408e+00	1.199992e+00	-3.842421e+00	1.374759e+00	-1.050348e+00	3.826757e-01	3.482662e-01	2.486363e-01	7.665826e-02	5.967347e-01	8.301543e-01	7.671100e+00	
11  22.5194	1.016490e-01	-3.857408e+00	1.253584e+00	-3.709256e+00	1.297167e+00	-2.439471e+00	3.783186e-01	3.450685e-01	2.322886e-01	1.125625e-01	5.476308e-01	8.301543e-01	7.671100e+00	
55  20.6147	1.016490e-01	-3.857408e+00	1.249283e+00	-3.575999e+00	1.239696e+00	-2.003357e+00	3.882085e-01	3.780608e-01	2.783979e-01	6.305036e-02	8.601571e-01	8.301543e-01	7.671100e+00	
323  24.2619	1.016490e-01	-3.857408e+00	3.000940e-01	-3.851075e+00	1.332062e+00	-1.201967e+00	3.439921e-01	4.014052e-01	2.989309e-01	4.631152e-02	9.944224e-01	8.301543e-01	7.671100e+00	
9  23.0604	1.016490e-01	-3.857408e+00	6.199613e-01	-4.316700e+00	1.211208e+00	6.472994e-02	3.707447e-01	3.886512e-01	2.793516e-01	6.637450e-02	7.691459e-01	8.301543e-01	7.671100e+00	
183  22.7283	1.143262e-01	-3.791440e+00	6.199613e-01	-4.316700e+00	1.211208e+00	6.472994e-02	3.707447e-01	3.886512e-01	2.793516e-01	6.637450e-02	7.691459e-01	8.233961e-01	7.671100e+00	
69  22.5429	1.143262e-01	-3.791440e+00	6.118492e-01	-3.626911e+00	1.305761e+00	-1.053020e+00	3.607883e-01	3.321441e-01	2.250536e-01	3.253694e-02	6.299996e-01	8.233961e-01	7.671100e+00	
332  19.3994	1.143262e-01	-3.791440e+00	6.828467e-01	-2.985365e+00	1.403542e+00	-9.195631e-01	3.628839e-01	3.165926e-01	2.447250e-01	6.756985e-02	5.096388e-01	8.233961e-01	7.671100e+00	
40  19.9922	1.302347e-01	-3.372767e+00	6.828467e-01	-2.985365e+00	1.403542e+00	-9.195631e-01	3.628839e-01	3.165926e-01	2.447250e-01	6.756985e-02	5.096388e-01	8.297886e-01	7.671100e+00	
27  20.8285	1.302347e-01	-3.372767e+00	5.183862e-01	-2.362986e+00	1.533308e+00	-2.012996e+00	3.946460e-01	3.414242e-01	2.367742e-01	6.768347e-02	6.915885e-01	8.297886e-01	7.671100e+00	
116  22.7509	1.302347e-01	-3.372767e+00	1.000711e+00	-2.672099e+00	1.393483e+00	-2.781780e+00	3.499537e-01	3.085098e-01	2.294769e-01	1.129047e-01	9.073138e-01	8.297886e-01	7.671100e+00	
31  23.1978	1.302347e-01	-3.372767e+00	1.055265e+00	-2.314615e+00	1.409405e+00	-2.278619e+00	3.781105e-01	3.416816e-01	2.538941e-01	1.129441e-01	6.021608e-01	8.297886e-01	7.671100e+00	
64  22.1864	1.302347e-01	-3.372767e+00	9.921492e-01	-2.785321e+00	1.426017e+00	-3.996602e+00	3.800100e-01	3.236600e-01	2.895554e-01	1.380383e-01	8.341080e-01	8.297886e-01	7.671100e+00	
26  23.9175	1.302347e-01	-3.372767e+00	9.455986e-01	-1.620727e+00	1.399041e+00	-4.348638e+00	3.981575e-01	3.697568e-01	3.063588e-01	1.388042e-01	7.122315e-01	8.297886e-01	7.671100e+00	
5  24.8001	1.302347e-01	-3.372767e+00	1.308561e+00	-3.070588e+00	1.401916e+00	-3.892297e+00	4.457853e-01	3.762117e-01	2.757056e-01	1.170235e-01	7.189242e-01	8.297886e-01	7.671100e+00	
167  25.2064	1.302347e-01	-3.372767e+00	1.523632e+00	-2.658831e+00	1.412024e+00	-4.366392e+00	4.622685e-01	3.447946e-01	2.792539e-01	6.624668e-02	9.994969e-01	8.297886e-01	7.671100e+00	
53  25.1764	1.302347e-01	-3.372767e+00	1.290009e+00	-2.146774e+00	1.497475e+00	-4.407377e+00	4.014564e-01	3.435411e-01	2.849476e-01	4.376852e-02	9.543264e-01	8.297886e-01	7.671100e+00	
201  23.318	1.302347e-01	-3.372767e+00	1.159368e+00	-1.898185e+00	1.337057e+00	-3.686864e+00	3.799032e-01	3.135747e-01	2.799280e-01	4.528561e-02	9.439461e-01	8.297886e-01	7.671100e+00	
126  22.3837	1.302347e-01	-3.372767e+00	1.012894e+00	-2.270947e+00	1.410061e+00	-4.349308e+00	3.766682e-01	3.033006e-01	2.820247e-01	3.811586e-02	9.805040e-01	8.297886e-01	7.671100e+00	
87  21.8642	1.302347e-01	-3.372767e+00	7.811475e-01	-2.741180e+00	1.376619e+00	-3.564207e+00	3.604310e-01	3.554191e-01	2.682115e-01	8.717877e-02	6.834648e-01	8.297886e-01	7.671100e+00	
96  22.1534	1.302347e-01	-3.372767e+00	1.101592e+00	-3.262449e+00	1.343226e+00	-3.469060e+00	3.821063e-01	3.199627e-01	2.857281e-01	9.802296e-02	5.265612e-01	8.297886e-01	7.671100e+00	
126  19.3775	1.302347e-01	-3.372767e+00	5.684091e-01	-2.751886e+00	1.436945e+00	-3.177456e+00	3.683691e-01	3.145046e-01	2.609902e-01	9.067314e-02	8.485068e-01	8.297886e-01	7.671100e+00	
66  18.9482	1.441648e-01	-3.941575e+00	5.684091e-01	-2.751886e+00	1.436945e+00	-3.177456e+00	3.683691e-01	3.145046e-01	2.609902e-01	9.067314e-02	8.485068e-01	8.241624e-01	7.671100e+00	
275  19.5486	9.591180e-02	-6.396131e+00	5.684091e-01	-2.751886e+00	1.436945e+00	-3.177456e+00	3.683691e-01	3.145046e-01	2.609902e-01	9.067314e-02	8.485068e-01	8.299557e-01	7.671100e+00	
231  19.816	1.515031e-01	-5.587754e+00	5.684091e-01	-2.751886e+00	1.436945e+00	-3.177456e+00	3.683691e-01	3.145046e-01	2.609902e-01	9.067314e-02	8.485068e-01	8.278395e-01	7.671100e+00	
318  19.2628	1.018449e-01	-4.455757e+00	5.684091e-01	-2.751886e+00	1.436945e+00	-3.177456e+00	3.683691e-01	3.145046e-01	2.609902e-01	9.067314e-02	8.485068e-01	8.254313e-01	7.671100e+00	
112  19.1871	1.018449e-01	-4.455757e+00	1.016870e+00	-4.360566e+00	1.345317e+00	-2.188440e+00	3.904967e-01	3.202364e-01	2.473741e-01	8.587870e-02	5.874355e-01	8.254313e-01	7.671100e+00	
21  19.6976	1.384912e-01	-3.606700e+00	1.016870e+00	-4.360566e+00	1.345317e+00	-2.188440e+00	3.904967e-01	3.202364e-01	2.473741e-01	8.587870e-02	5.874355e-01	8.278156e-01	7.671100e+00	
81  19.9254	1.592082e-01	-3.142853e+00	1.016870e+00	-4.360566e+00	1.345317e+00	-2.188440e+00	3.904967e-01	3.202364e-01	2.473741e-01	8.587870e-02	5.874355e-01	8.249994e-01	7.671100e+00	
16  20.1293	1.592082e-01	-3.142853e+00	7.291412e-01	-3.910682e+00	1.474183e+00	-2.036839e+00	4.021507e-01	3.197888e-01	2.368162e-01	6.149512e-02	5.454722e-01	8.249994e-01	7.671100e+00	
193  21.4787	1.592082e-01	-3.142853e+00	1.414977e+00	-3.599177e+00	1.484182e+00	-2.032851e+00	3.850726e-01	3.329780e-01	1.770602e-01	9.113125e-02	9.769569e-01	8.249994e-01	7.671100e+00	
268  21.5232	1.592082e-01	-3.142853e+00	7.249332e-01	-4.346879e+00	1.443095e+00	-1.011713e+00	3.884483e-01	3.641071e-01	2.133332e-01	6.839736e-02	3.344959e-01	8.249994e-01	7.671100e+00	
19  21.7851	1.592082e-01	-3.142853e+00	8.712212e-01	-3.761497e+00	1.378776e+00	-8.840725e-01	3.869018e-01	3.581121e-01	2.223785e-01	6.888893e-02	5.566328e-01	8.249994e-01	7.671100e+00	
19  23.2636	1.592082e-01	-3.142853e+00	8.276395e-01	-3.483759e+00	1.386626e+00	-2.005526e+00	4.092467e-01	3.538503e-01	2.690498e-01	9.457406e-02	7.424211e-01	8.249994e-01	7.671100e+00	
56  20.8727	1.592082e-01	-3.142853e+00	9.142710e-01	-4.570692e+00	1.360721e+00	-1.776520e+00	3.824979e-01	3.468297e-01	2.330778e-01	1.231405e-01	4.766799e-01	8.249994e-01	7.671100e+00	
121  20.6302	1.592082e-01	-3.142853e+00	9.207336e-01	-4.587458e+00	1.374694e+00	-2.126522e+00	3.901389e-01	3.467835e-01	1.887652e-01	7.564420e-02	2.503059e-02	8.249994e-01	7.671100e+00	
56  21.3047	1.592082e-01	-3.142853e+00	8.869874e-01	-4.717911e+00	1.332656e+00	-1.400609e+00	3.891221e-01	3.532762e-01	2.261660e-01	9.912872e-02	7.979497e-01	8.249994e-01	7.671100e+00	
246  20.9493	1.592082e-01	-3.142853e+00	5.079314e-01	-3.923236e+00	1.329685e+00	-1.693494e+00	3.749727e-01	3.668326e-01	2.421081e-01	8.762748e-02	9.536349e-01	8.249994e-01	7.671100e+00	
81  21.8807	1.592082e-01	-3.142853e+00	1.107394e+00	-3.523287e+00	1.303535e+00	-2.188056e+00	3.921935e-01	3.237781e-01	2.465954e-01	1.138713e-01	7.040034e-01	8.249994e-01	7.671100e+00	
130  21.4551	5.380409e-02	-3.622652e+00	1.107394e+00	-3.523287e+00	1.303535e+00	-2.188056e+00	3.921935e-01	3.237781e-01	2.465954e-01	1.138713e-01	7.040034e-01	8.374402e-01	7.671100e+00	
71  21.3277	5.380409e-02	-3.622652e+00	1.133113e+00	-3.568197e+00	1.301352e+00	-7.366533e-01	3.957993e-01	4.040864e-01	2.186347e-01	6.489732e-02	7.793367e-01	8.374402e-01	7.671100e+00	
2  21.4246	5.380409e-02	-3.622652e+00	1.165041e+00	-3.371103e+00	1.393357e+00	-1.424100e+00	4.077697e-01	3.863632e-01	2.180953e-01	6.855441e-02	6.676274e-01	8.374402e-01	7.671100e+00	
27  21.2952	5.380409e-02	-3.622652e+00	1.381484e+00	-2.743488e+00	1.257776e+00	-9.779611e-01	4.084347e-01	4.247839e-01	2.172621e-01	8.181202e-02	9.324590e-01	8.374402e-01	7.671100e+00	
43  21.6863	3.224095e-02	-3.298130e+00	1.381484e+00	-2.743488e+00	1.257776e+00	-9.779611e-01	4.084347e-01	4.247839e-01	2.172621e-01	8.181202e-02	9.324590e-01	8.420733e-01	7.671100e+00	
157  20.5019	3.224095e-02	-3.298130e+00	1.424520e+00	-4.834743e+00	1.305500e+00	-2.038576e+00	4.006739e-01	3.885106e-01	2.915195e-01	6.748369e-02	8.152175e-01	8.420733e-01	7.671100e+00	
117  21.3615	3.224095e-02	-3.298130e+00	1.040333e+00	-4.112283e+00	1.315671e+00	-1.976480e+00	4.051902e-01	3.625956e-01	2.991058e-01	5.186065e-02	5.004606e-01	8.420733e-01	7.671100e+00	
92  20.9427	3.224095e-02	-3.298130e+00	5.283847e-01	-4.621105e+00	1.357147e+00	-1.463611e+00	3.742905e-01	3.845807e-01	2.852599e-01	2.406948e-02	9.498555e-01	8.420733e-01	7.671100e+00	
8  22.1383	3.224095e-02	-3.298130e+00	7.659266e-01	-3.375118e+00	1.399674e+00	-1.667761e+00	3.917335e-01	3.787948e-01	2.471444e-01	3.188184e-02	4.419440e-01	8.420733e-01	7.671100e+00	
5  22.5853	3.224095e-02	-3.298130e+00	7.502828e-01	-3.802012e+00	1.323207e+00	-8.809346e-01	3.781371e-01	3.841745e-01	1.941594e-01	8.284032e-02	4.440882e-01	8.420733e-01	7.671100e+00	
166  22.2331	3.224095e-02	-3.298130e+00	1.013039e+00	-3.213214e+00	1.155695e+00	-1.614609e+00	3.840825e-01	3.472850e-01	2.217209e-01	1.273959e-01	6.843604e-02	8.420733e-01	7.671100e+00	
32  24.3797	3.224095e-02	-3.298130e+00	1.093963e+00	-3.864413e+00	1.198227e+00	-1.259606e+00	3.780826e-01	4.100109e-01	2.268633e-01	1.562576e-01	7.673453e-01	8.420733e-01	7.671100e+00	
143  24.041	3.224095e-02	-3.298130e+00	1.133794e+00	-3.732593e+00	1.209729e+00	-2.276084e+00	3.697356e-01	4.219602e-01	2.860922e-01	1.861938e-01	7.918614e-01	8.420733e-01	7.671100e+00	
16  23.3031	3.224095e-02	-3.298130e+00	1.180884e+00	-3.820266e+00	1.057090e+00	-3.504411e-01	3.924815e-01	4.142373e-01	2.843574e-01	1.451609e-01	7.248191e-01	8.420733e-01	7.671100e+00	
5  23.3871	3.224095e-02	-3.298130e+00	1.179434e+00	-3.522546e+00	1.124611e+00	-7.856493e-01	3.690400e-01	3.973327e-01	2.625754e-01	1.086869e-01	8.228541e-01	8.420733e-01	7.671100e+00	
7  22.3553	3.224095e-02	-3.298130e+00	9.296280e-01	-3.606894e+00	1.098397e+00	1.743722e-01	4.182673e-01	3.815800e-01	2.643348e-01	6.150986e-02	5.418566e-01	8.420733e-01	7.671100e+00	
20  22.5716	3.224095e-02	-3.298130e+00	1.051422e+00	-3.617424e+00	1.145175e+00	5.362231e-01	4.302448e-01	3.988046e-01	2.194028e-01	4.829937e-02	2.842895e-01	8.420733e-01	7.671100e+00	
88  20.3079	3.224095e-02	-3.298130e+00	1.303434e+00	-3.580040e+00	1.285590e+00	3.787971e-01	4.138717e-01	4.115311e-01	2.375006e-01	5.266711e-02	6.486663e-01	8.420733e-01	7.671100e+00	
65  20.58	3.224095e-02	-3.298130e+00	1.078993e+00	-4.103210e+00	1.192443e+00	2.235505e-01	3.961622e-01	3.682852e-01	2.587781e-01	4.161396e-02	3.752788e-01	8.420733e-01	7.671100e+00	
11  20.9482	3.224095e-02	-3.298130e+00	1.299231e+00	-3.825038e+00	1.267710e+00	-4.392790e-01	4.090634e-01	4.155769e-01	2.830120e-01	3.806096e-02	6.850892e-01	8.420733e-01	7.671100e+00	
24  21.1277	3.224095e-02	-3.298130e+00	9.813887e-01	-4.004305e+00	1.316574e+00	-6.549434e-01	4.112209e-01	3.828980e-01	2.408338e-01	1.080191e-01	5.624983e-01	8.420733e-01	7.671100e+00	
83  21.4085	3.224095e-02	-3.298130e+00	6.620225e-01	-3.279842e+00	1.338301e+00	-1.500050e+00	3.887490e-01	3.854220e-01	2.764828e-01	9.764289e-02	9.629965e-01	8.420733e-01	7.671100e+00	
44  20.9393	3.224095e-02	-3.298130e+00	1.011477e+00	-3.344513e+00	1.348887e+00	-6.729170e-01	3.666356e-01	3.188450e-01	2.477977e-01	6.718016e-02	8.937895e-01	8.420733e-01	7.671100e+00	
105  19.7841	3.224095e-02	-3.298130e+00	9.480991e-01	-4.234616e+00	1.403692e+00	-1.606881e+00	3.619419e-01	3.142867e-01	2.483252e-01	5.094806e-02	2.832135e-01	8.420733e-01	7.671100e+00	
59  19.6389	3.224095e-02	-3.298130e+00	8.601238e-01	-4.493993e+00	1.412159e+00	-1.820007e+00	3.692721e-01	2.882992e-01	2.141706e-01	7.228257e-02	2.994561e-01	8.420733e-01	7.671100e+00	
114  20.819	3.224095e-02	-3.298130e+00	7.123664e-01	-4.694532e+00	1.358547e+00	-1.899771e+00	3.921908e-01	3.423293e-01	2.984359e-01	7.807765e-02	8.307143e-01	8.420733e-01	7.671100e+00	
133  19.4406	3.224095e-02	-3.298130e+00	7.489239e-01	-4.966883e+00	1.361900e+00	-1.473794e+00	3.684576e-01	3.365919e-01	2.669263e-01	5.747626e-02	9.538786e-01	8.420733e-01	7.671100e+00	
1  21.2936	3.224095e-02	-3.298130e+00	1.286018e+00	-4.234261e+00	1.425435e+00	-1.157584e+00	4.235591e-01	3.234031e-01	2.210616e-01	3.863586e-02	5.130824e-01	8.420733e-01	7.671100e+00	
1  21.5599	3.224095e-02	-3.298130e+00	1.245437e+00	-2.870632e+00	1.438742e+00	-1.260902e+00	3.915523e-01	3.728243e-01	1.908431e-01	3.658120e-02	9.427449e-01	8.420733e-01	7.671100e+00	
5  20.4301	3.224095e-02	-3.298130e+00	1.057827e+00	-3.679409e+00	1.495079e+00	-1.206079e+00	3.665516e-01	3.365505e-01	1.894876e-01	7.055187e-02	9.938478e-01	8.420733e-01	7.671100e+00	
11  25.3034	3.224095e-02	-3.298130e+00	9.423545e-01	-2.924215e+00	1.377475e+00	-2.228409e+00	3.740790e-01	3.250382e-01	1.644841e-01	8.109216e-02	8.861431e-01	8.420733e-01	7.671100e+00	
2  27.1963	3.224095e-02	-3.298130e+00	1.044851e+00	-3.531353e+00	1.540667e+00	-3.825985e+00	3.746817e-01	3.105812e-01	1.885587e-01	1.035089e-01	5.410882e-01	8.420733e-01	7.671100e+00	
108  26.3838	3.224095e-02	-3.298130e+00	1.271236e+00	-2.561341e+00	1.671507e+00	-3.611091e+00	4.013195e-01	3.118464e-01	2.036880e-01	1.743093e-01	8.426118e-01	8.420733e-01	7.671100e+00	
11  24.5281	3.224095e-02	-3.298130e+00	1.091693e+00	-1.937779e+00	1.562199e+00	-3.225819e+00	3.868405e-01	3.151832e-01	2.347897e-01	1.471577e-01	4.607467e-01	8.420733e-01	7.671100e+00	
47  23.7913	3.224095e-02	-3.298130e+00	1.053041e+00	-2.276460e+00	1.489534e+00	-2.410207e+00	4.144979e-01	3.319130e-01	1.778936e-01	1.201230e-01	8.767884e-01	8.420733e-01	7.671100e+00	
22  24.4446	3.224095e-02	-3.298130e+00	9.864289e-01	-1.601991e+00	1.606326e+00	-3.511199e+00	3.908192e-01	3.433181e-01	2.095019e-01	8.417855e-02	3.119418e-01	8.420733e-01	7.671100e+00	
14  26.4594	3.224095e-02	-3.298130e+00	1.027803e+00	-8.841023e-01	1.639245e+00	-3.286448e+00	4.326848e-01	3.644750e-01	2.239013e-01	2.740099e-02	5.317087e-01	8.420733e-01	7.671100e+00	
21  25.592	3.224095e-02	-3.298130e+00	1.182161e+00	-4.435324e-02	1.636052e+00	-1.874078e+00	4.313175e-01	3.860702e-01	2.167600e-01	2.402472e-02	5.887308e-01	8.420733e-01	7.671100e+00	
1  26.5662	3.224095e-02	-3.298130e+00	1.039960e+00	-4.609579e-01	1.646490e+00	-3.110132e+00	3.907917e-01	3.821304e-01	1.940770e-01	5.796460e-02	6.156543e-01	8.420733e-01	7.671100e+00	
44  22.9269	3.224095e-02	-3.298130e+00	8.958139e-01	-1.164034e+00	1.664062e+00	-3.173984e+00	3.789582e-01	3.577295e-01	2.320911e-01	7.244495e-02	7.689057e-01	8.420733e-01	7.671100e+00	
60  22.8525	3.224095e-02	-3.298130e+00	1.049201e+00	-2.483891e+00	1.595366e+00	-2.870212e+00	4.355273e-01	3.099928e-01	2.407886e-01	8.011951e-02	5.138812e-01	8.420733e-01	7.671100e+00	
157  20.6805	3.224095e-02	-3.298130e+00	1.389934e+00	-1.994819e+00	1.659127e+00	-1.534902e+00	4.092625e-01	3.613963e-01	2.460182e-01	7.083394e-02	9.166308e-01	8.420733e-01	7.671100e+00	
17  20.9011	3.224095e-02	-3.298130e+00	1.370075e+00	-2.474934e+00	1.505506e+00	-8.557261e-01	3.971932e-01	3.622394e-01	2.467709e-01	9.075357e-02	6.690932e-01	8.420733e-01	7.671100e+00	
57  20.9093	3.224095e-02	-3.298130e+00	1.682273e+00	-3.020943e+00	1.478874e+00	-3.784821e-01	4.378422e-01	3.783728e-01	2.146861e-01	7.677583e-02	9.784331e-01	8.420733e-01	7.671100e+00	
46  21.8277	3.224095e-02	-3.298130e+00	1.700425e+00	-4.907138e+00	1.469798e+00	3.314378e-01	4.450014e-01	3.461642e-01	2.184978e-01	6.782641e-02	6.996688e-01	8.420733e-01	7.671100e+00	
252  23.0873	3.224095e-02	-3.298130e+00	1.617092e+00	-4.853192e+00	1.485560e+00	1.584628e-01	4.417478e-01	3.291680e-01	2.485831e-01	7.673992e-02	9.122300e-01	8.420733e-01	7.671100e+00	
31  21.7019	3.224095e-02	-3.298130e+00	1.473892e+00	-4.205627e+00	1.442646e+00	-1.029807e+00	4.650411e-01	4.062790e-01	2.512885e-01	8.590999e-02	9.552101e-01	8.420733e-01	7.671100e+00	
56  21.4631	3.224095e-02	-3.298130e+00	1.316093e+00	-4.596757e+00	1.399154e+00	-7.777639e-01	4.311871e-01	3.660926e-01	2.819839e-01	1.039393e-01	7.420872e-01	8.420733e-01	7.671100e+00	
26  25.283	3.224095e-02	-3.298130e+00	1.199993e+00	-1.977966e+00	1.559938e+00	-6.374978e-01	4.044621e-01	3.589360e-01	2.449015e-01	1.489659e-01	7.812901e-01	8.420733e-01	7.671100e+00	
68  21.6546	3.224095e-02	-3.298130e+00	1.323725e+00	-2.250418e+00	1.581607e+00	-7.072416e-01	3.952131e-01	4.061461e-01	2.570232e-01	9.667166e-02	7.544471e-01	8.420733e-01	7.671100e+00	
69  22.7812	3.224095e-02	-3.298130e+00	1.628173e+00	-2.888573e+00	1.604386e+00	-1.126940e+00	4.470830e-01	4.136622e-01	2.762089e-01	3.537046e-02	6.066614e-01	8.420733e-01	7.671100e+00	
37  23.1552	3.224095e-02	-3.298130e+00	1.843361e+00	-3.448698e+00	1.643886e+00	-6.713059e-01	4.157475e-01	4.143821e-01	2.858538e-01	2.472971e-02	7.184507e-01	8.420733e-01	7.671100e+00	
1  24.4413	3.224095e-02	-3.298130e+00	1.281498e+00	-3.558673e+00	1.486000e+00	-1.686798e+00	4.557383e-01	4.044340e-01	2.626672e-01	4.914728e-02	5.124415e-01	8.420733e-01	7.671100e+00	
13  23.7688	3.224095e-02	-3.298130e+00	7.857554e-01	-2.809719e+00	1.549312e+00	-5.724863e-01	4.269114e-01	3.673810e-01	2.411959e-01	8.673607e-02	6.187631e-01	8.420733e-01	7.671100e+00	
9  23.1048	3.224095e-02	-3.298130e+00	9.212874e-01	-3.933368e+00	1.315149e+00	1.992057e-01	4.403834e-01	3.825441e-01	2.273699e-01	9.215684e-02	7.359663e-01	8.420733e-01	7.671100e+00	
3  21.2758	3.224095e-02	-3.298130e+00	1.040002e+00	-3.773128e+00	1.281515e+00	7.382727e-01	4.315196e-01	3.887492e-01	2.364257e-01	6.243678e-02	8.038308e-01	8.420733e-01	7.671100e+00	
49  21.9392	3.224095e-02	-3.298130e+00	1.453750e+00	-3.690504e+00	1.177521e+00	5.136400e-01	4.090755e-01	3.557500e-01	2.357871e-01	5.479136e-02	9.588312e-01	8.420733e-01	7.671100e+00	
11  21.9112	3.224095e-02	-3.298130e+00	1.451618e+00	-3.871840e+00	1.135333e+00	3.427398e-01	4.313857e-01	3.746660e-01	2.307713e-01	7.562073e-02	8.417384e-01	8.420733e-01	7.671100e+00	
104  22.7585	3.224095e-02	-3.298130e+00	1.323130e+00	-1.869186e+00	1.091158e+00	-1.304395e-01	3.872830e-01	4.298458e-01	2.873301e-01	5.638204e-02	9.122287e-01	8.420733e-01	7.671100e+00	
6  23.468	3.224095e-02	-3.298130e+00	1.267228e+00	-2.578918e+00	1.246658e+00	-1.161938e+00	3.979400e-01	4.047331e-01	2.411143e-01	6.515817e-02	4.466567e-01	8.420733e-01	7.671100e+00	
17  23.864	3.224095e-02	-3.298130e+00	1.297007e+00	-1.540725e+00	1.312290e+00	-7.730778e-01	4.058554e-01	3.391781e-01	2.135549e-01	7.524903e-02	6.466852e-01	8.420733e-01	7.671100e+00	
47  24.4024	3.224095e-02	-3.298130e+00	9.103200e-01	-1.911944e+00	1.436477e+00	-1.670680e+00	4.095667e-01	2.908297e-01	2.019098e-01	7.782463e-02	3.773597e-01	8.420733e-01	7.671100e+00	
45  25.4068	3.224095e-02	-3.298130e+00	1.177353e+00	-2.207038e+00	1.502470e+00	-8.481284e-01	4.002909e-01	3.531502e-01	1.549919e-01	1.091171e-01	8.405207e-01	8.420733e-01	7.671100e+00	
25  24.2366	3.224095e-02	-3.298130e+00	7.708214e-01	-2.771628e+00	1.631591e+00	-4.800509e-01	3.951743e-01	3.540156e-01	1.737363e-01	9.966021e-02	7.335952e-01	8.420733e-01	7.671100e+00	
53  23.4233	3.224095e-02	-3.298130e+00	1.242682e+00	-4.679254e+00	1.598093e+00	-7.545936e-01	3.466076e-01	3.451050e-01	2.156285e-01	7.312617e-02	7.947520e-01	8.420733e-01	7.671100e+00	
25  22.681	3.224095e-02	-3.298130e+00	1.215811e+00	-3.881989e+00	1.566983e+00	-1.154296e+00	3.560560e-01	3.045004e-01	1.966465e-01	7.911155e-02	9.435455e-01	8.420733e-01	7.671100e+00	
19  24.2315	3.224095e-02	-3.298130e+00	7.985963e-01	-3.535178e+00	1.635681e+00	-9.329500e-01	4.491877e-01	3.304931e-01	2.293364e-01	5.989771e-02	8.285588e-01	8.420733e-01	7.671100e+00	
1  25.3256	3.224095e-02	-3.298130e+00	1.041909e+00	-4.490388e+00	1.671088e+00	-8.112326e-01	4.781889e-01	3.316925e-01	1.971093e-01	9.598774e-02	8.776756e-01	8.420733e-01	7.671100e+00	
16  27.8024	3.224095e-02	-3.298130e+00	1.221420e+00	-4.567267e+00	1.682417e+00	-7.790599e-01	4.475674e-01	3.151780e-01	2.183775e-01	1.446623e-01	4.616020e-01	8.420733e-01	7.671100e+00	
30  25.2228	3.224095e-02	-3.298130e+00	1.540042e+00	-4.380809e+00	1.695121e+00	-1.825483e+00	4.536592e-01	3.739394e-01	1.928051e-01	1.000753e-01	2.993011e-01	8.420733e-01	7.671100e+00	
21  21.8691	3.224095e-02	-3.298130e+00	1.657280e+00	-3.231767e+00	1.635329e+00	-1.477413e+00	4.646929e-01	3.750549e-01	1.990089e-01	9.509440e-02	9.954176e-01	8.420733e-01	7.671100e+00	
12  22.3525	3.224095e-02	-3.298130e+00	1.515852e+00	-2.873208e+00	1.671890e+00	-8.314687e-01	4.555619e-01	3.875467e-01	2.191819e-01	1.036132e-01	7.823988e-01	8.420733e-01	7.671100e+00	
44  21.2873	3.224095e-02	-3.298130e+00	1.567795e+00	-2.903699e+00	1.675370e+00	1.452090e-01	4.480699e-01	3.942596e-01	2.656933e-01	8.126228e-02	6.406689e-01	8.420733e-01	7.671100e+00	
194  21.2208	3.224095e-02	-3.298130e+00	1.682427e+00	-2.741524e+00	1.684557e+00	-3.440413e-01	4.306460e-01	3.921840e-01	2.442921e-01	7.606329e-02	7.956828e-01	8.420733e-01	7.671100e+00	
6  22.3499	3.224095e-02	-3.298130e+00	1.564480e+00	-3.543948e+00	1.667596e+00	1.270834e+00	3.981819e-01	4.176765e-01	2.210304e-01	3.088369e-02	8.188806e-01	8.420733e-01	7.671100e+00	
177  22.2982	3.224095e-02	-3.298130e+00	1.227296e+00	-4.050382e+00	1.680792e+00	9.507595e-01	4.442818e-01	4.171513e-01	2.181525e-01	3.214309e-02	8.080773e-01	8.420733e-01	7.671100e+00	
3  20.5183	3.224095e-02	-3.298130e+00	1.029188e+00	-4.349514e+00	1.612229e+00	1.150182e+00	4.083295e-01	3.604396e-01	2.333148e-01	4.198602e-02	7.331933e-01	8.420733e-01	7.671100e+00	
39  23.4832	3.224095e-02	-3.298130e+00	7.881119e-01	-4.980031e+00	1.662144e+00	1.749032e+00	3.752522e-01	3.319561e-01	2.390529e-01	9.050666e-02	7.021670e-01	8.420733e-01	7.671100e+00	
6  22.2756	3.224095e-02	-3.298130e+00	8.467778e-01	-4.021909e+00	1.571934e+00	2.495171e+00	3.903987e-01	3.192603e-01	2.840379e-01	7.033714e-02	5.310350e-01	8.420733e-01	7.671100e+00	
5  20.0372	3.224095e-02	-3.298130e+00	1.297872e+00	-4.266369e+00	1.595515e+00	2.999340e+00	4.108384e-01	3.817085e-01	3.023975e-01	1.149251e-01	7.892898e-01	8.420733e-01	7.671100e+00	
9  22.945	3.224095e-02	-3.298130e+00	1.355505e+00	-2.892652e+00	1.446410e+00	2.227674e+00	4.333905e-01	3.598884e-01	3.025614e-01	5.561974e-02	9.857895e-01	8.420733e-01	7.671100e+00	
23  23.0101	3.224095e-02	-3.298130e+00	1.867625e+00	-2.376855e+00	1.442415e+00	2.414828e+00	4.598470e-01	3.847823e-01	2.725340e-01	3.352921e-02	7.598587e-01	8.420733e-01	7.671100e+00	
30  21.2437	3.224095e-02	-3.298130e+00	1.390504e+00	-2.377114e+00	1.480090e+00	3.290920e+00	4.001891e-01	4.025628e-01	2.982584e-01	3.371373e-02	5.946466e-01	8.420733e-01	7.671100e+00	
65  21.2889	3.224095e-02	-3.298130e+00	1.568273e+00	-3.451840e+00	1.412294e+00	3.233578e+00	3.952942e-01	4.054877e-01	3.043273e-01	6.495893e-02	8.066700e-01	8.420733e-01	7.671100e+00	
95  21.414	3.224095e-02	-3.298130e+00	1.009373e+00	-4.726078e+00	1.615477e+00	3.025145e+00	4.270972e-01	4.106381e-01	3.024694e-01	8.442004e-02	6.955775e-01	8.420733e-01	7.671100e+00	
40  21.4752	3.224095e-02	-3.298130e+00	1.153833e+00	-3.704950e+00	1.682725e+00	2.562966e+00	4.234122e-01	4.094279e-01	2.976824e-01	1.330546e-01	8.159851e-01	8.420733e-01	7.671100e+00	
96  21.7032	3.224095e-02	-3.298130e+00	8.648854e-01	-3.458301e+00	1.675029e+00	1.473546e+00	4.011511e-01	4.241251e-01	2.900815e-01	7.689537e-02	7.194037e-01	8.420733e-01	7.671100e+00	
168  22.3539	3.224095e-02	-3.298130e+00	1.317886e+00	-2.644117e+00	1.637276e+00	2.841651e+00	3.679498e-01	4.241432e-01	2.917472e-01	2.913463e-02	6.620813e-01	8.420733e-01	7.671100e+00	
52  21.7558	3.224095e-02	-3.298130e+00	1.083483e+00	-2.135953e+00	1.589043e+00	2.691499e+00	4.179999e-01	4.115691e-01	2.819774e-01	5.158761e-02	7.643085e-01	8.420733e-01	7.671100e+00	
39  21.735	3.224095e-02	-3.298130e+00	4.807431e-01	-1.479141e+00	1.485421e+00	3.598764e+00	3.845773e-01	3.408566e-01	2.635213e-01	8.778009e-02	9.973490e-01	8.420733e-01	7.671100e+00	
11  22.5062	3.224095e-02	-3.298130e+00	8.572874e-01	-1.109583e+00	1.351488e+00	4.051168e+00	4.106824e-01	3.369997e-01	2.886920e-01	1.106242e-01	7.775538e-01	8.420733e-01	7.671100e+00	
4  23.8746	3.224095e-02	-3.298130e+00	8.070771e-01	-9.288331e-01	1.414351e+00	3.974243e+00	4.475695e-01	3.757931e-01	2.835555e-01	1.129860e-01	7.534197e-01	8.420733e-01	7.671100e+00	
12  25.8285	3.224095e-02	-3.298130e+00	1.120749e+00	-8.542912e-01	1.479617e+00	4.978710e+00	4.357164e-01	4.083930e-01	2.371883e-01	9.763719e-02	9.018637e-01	8.420733e-01	7.671100e+00	
1  27.4613	3.224095e-02	-3.298130e+00	1.511391e+00	3.121374e-01	1.395371e+00	4.985782e+00	4.749343e-01	4.011364e-01	2.106645e-01	1.506969e-01	7.337500e-01	8.420733e-01	7.671100e+00	
5  25.1138	3.224095e-02	-3.298130e+00	1.231925e+00	5.931494e-01	1.381980e+00	4.753221e+00	4.334510e-01	3.650527e-01	2.264945e-01	1.918330e-01	9.639936e-01	8.420733e-01	7.671100e+00	
70  23.863	3.224095e-02	-3.298130e+00	1.739961e+00	-3.569457e-01	1.243464e+00	4.621732e+00	4.428473e-01	4.048496e-01	2.573071e-01	1.572816e-01	8.638386e-01	8.420733e-01	7.671100e+00	
237  23.1616	3.224095e-02	-3.298130e+00	1.233788e+00	-7.208885e-01	1.097815e+00	4.374143e+00	4.370587e-01	4.122504e-01	2.038469e-01	9.556239e-02	7.692875e-01	8.420733e-01	7.671100e+00	
73  22.7373	3.224095e-02	-3.298130e+00	1.230251e+00	-1.949208e+00	1.135067e+00	4.505127e+00	4.335321e-01	4.013263e-01	2.057648e-01	7.523944e-02	4.284978e-01	8.420733e-01	7.671100e+00	
45  20.7877	3.224095e-02	-3.298130e+00	1.492065e+00	-1.873554e+00	1.206070e+00	4.692852e+00	4.879032e-01	4.197386e-01	2.625858e-01	8.386154e-02	9.216112e-01	8.420733e-01	7.671100e+00	
11  22.9697	3.224095e-02	-3.298130e+00	1.446816e+00	-1.125273e-01	1.176838e+00	4.104697e+00	4.753181e-01	4.079121e-01	2.374896e-01	1.348221e-01	9.316990e-01	8.420733e-01	7.671100e+00	
12  24.5444	3.224095e-02	-3.298130e+00	1.700672e+00	-6.417305e-01	1.290075e+00	4.185465e+00	4.917436e-01	3.899297e-01	2.380036e-01	1.042918e-01	8.715489e-01	8.420733e-01	7.671100e+00	
34  22.4059	3.224095e-02	-3.298130e+00	1.540983e+00	-1.074674e+00	1.323772e+00	3.953245e+00	4.309746e-01	4.157244e-01	2.882772e-01	8.050863e-02	5.364534e-01	8.420733e-01	7.671100e+00	
25  23.2308	3.224095e-02	-3.298130e+00	1.192300e+00	-1.850969e+00	1.372099e+00	2.618924e+00	3.614257e-01	4.122344e-01	2.543181e-01	7.022853e-02	7.455645e-01	8.420733e-01	7.671100e+00	
83  22.4476	3.224095e-02	-3.298130e+00	1.636171e+00	-1.166862e+00	1.330642e+00	3.291361e+00	4.049232e-01	3.666499e-01	2.680322e-01	7.008735e-02	9.787409e-01	8.420733e-01	7.671100e+00	
10  23.9893	3.224095e-02	-3.298130e+00	1.496730e+00	-1.597470e+00	1.402345e+00	3.908146e+00	4.028516e-01	3.574680e-01	2.232039e-01	4.604489e-02	7.284216e-01	8.420733e-01	7.671100e+00	
16  23.6255	3.224095e-02	-3.298130e+00	1.224085e+00	-2.705719e-01	1.438261e+00	4.230181e+00	4.526003e-01	3.657672e-01	2.690318e-01	6.221224e-02	9.629658e-01	8.420733e-01	7.671100e+00	
182  20.8643	3.224095e-02	-3.298130e+00	1.098860e+00	-1.171299e+00	1.385933e+00	4.783714e+00	3.972898e-01	3.285684e-01	3.022422e-01	5.391313e-02	4.787169e-01	8.420733e-01	7.671100e+00	
15  22.2647	3.224095e-02	-3.298130e+00	1.221831e+00	-1.796277e+00	1.359470e+00	4.306159e+00	3.805267e-01	3.607653e-01	2.524865e-01	8.450711e-02	8.116191e-01	8.420733e-01	7.671100e+00	
65  22.2581	3.224095e-02	-3.298130e+00	1.277636e+00	-1.369791e+00	1.399796e+00	3.051888e+00	3.837335e-01	3.131378e-01	2.480830e-01	7.975638e-02	3.213993e-01	8.420733e-01	7.671100e+00	
34  20.0316	3.224095e-02	-3.298130e+00	9.432449e-01	-1.138106e+00	1.487891e+00	4.927756e+00	3.699772e-01	3.001313e-01	2.801755e-01	6.505230e-02	3.991437e-02	8.420733e-01	7.671100e+00	
12  22.8639	3.224095e-02	-3.298130e+00	9.976417e-01	-1.240240e+00	1.470766e+00	4.924897e+00	3.946730e-01	3.370798e-01	2.599580e-01	6.234876e-02	8.203802e-01	8.420733e-01	7.671100e+00	
15  24.2983	3.224095e-02	-3.298130e+00	7.852222e-01	4.907405e-02	1.522721e+00	3.736638e+00	4.390832e-01	3.317319e-01	2.821965e-01	5.923364e-02	7.854454e-01	8.420733e-01	7.671100e+00	
24  23.1485	3.224095e-02	-3.298130e+00	1.029762e+00	-1.392865e+00	1.605141e+00	3.735286e+00	4.247490e-01	3.666540e-01	2.631168e-01	8.848156e-02	6.035312e-01	8.420733e-01	7.671100e+00	
15  22.8268	3.224095e-02	-3.298130e+00	8.174849e-01	-1.817266e+00	1.519214e+00	4.236908e+00	4.305883e-01	3.272469e-01	2.849569e-01	7.614803e-02	8.568662e-01	8.420733e-01	7.671100e+00	
74  21.9158	3.224095e-02	-3.298130e+00	1.036824e+00	-1.806558e+00	1.527800e+00	2.902167e+00	4.152715e-01	3.266478e-01	2.719002e-01	3.942694e-02	9.589235e-01	8.420733e-01	7.671100e+00	
4  22.4393	3.224095e-02	-3.298130e+00	1.328321e+00	-2.039185e+00	1.459071e+00	1.107306e+00	3.837380e-01	3.669133e-01	2.630392e-01	3.574929e-02	8.582572e-01	8.420733e-01	7.671100e+00	
5  21.8156	3.224095e-02	-3.298130e+00	7.583340e-01	-2.930722e+00	1.524564e+00	1.676472e+00	3.885739e-01	3.401593e-01	2.625229e-01	2.712064e-02	7.216345e-01	8.420733e-01	7.671100e+00	
34  21.9704	3.224095e-02	-3.298130e+00	8.009582e-01	-4.165387e+00	1.506424e+00	3.182230e+00	4.276130e-01	3.615576e-01	2.732605e-01	4.360726e-02	7.493453e-01	8.420733e-01	7.671100e+00	
163  22.9523	3.224095e-02	-3.298130e+00	9.330838e-01	-4.698319e+00	1.561375e+00	4.156675e+00	3.959494e-01	2.843586e-01	2.369316e-01	2.788451e-02	1.211507e-01	8.420733e-01	7.671100e+00	
2999  19.3135	3.224095e-02	-3.298130e+00	9.581482e-01	-4.258199e+00	1.468120e+00	4.962327e+00	4.096068e-01	2.823147e-01	2.554231e-01	2.485848e-02	1.684584e-02	8.420733e-01	7.671100e+00	
34  19.8277	3.224095e-02	-3.298130e+00	9.099379e-01	-3.569020e+00	1.491362e+00	3.845955e+00	4.023089e-01	2.749016e-01	2.339124e-01	1.042248e-01	3.715125e-02	8.420733e-01	7.671100e+00	
834  19.353	3.224095e-02	-3.298130e+00	1.031730e+00	-2.750446e+00	1.416247e+00	4.339045e+00	3.870991e-01	2.861066e-01	2.299824e-01	9.910165e-02	1.162138e-01	8.420733e-01	7.671100e+00	
75  20.2915	3.224095e-02	-3.298130e+00	1.061185e+00	-1.909888e+00	1.458299e+00	4.991034e+00	3.764902e-01	2.870733e-01	2.703273e-01	9.334187e-02	1.758950e-01	8.420733e-01	7.671100e+00	
47  22.0085	3.224095e-02	-3.298130e+00	1.079746e+00	-2.043869e+00	1.422348e+00	2.659808e+00	3.805010e-01	3.306229e-01	1.976884e-01	1.200955e-01	8.365851e-01	8.420733e-01	7.671100e+00	
63  21.2931	3.224095e-02	-3.298130e+00	9.426043e-01	-1.419782e+00	1.442286e+00	3.182453e+00	3.990522e-01	3.745052e-01	2.545238e-01	5.219035e-02	7.746598e-01	8.420733e-01	7.671100e+00	
30  20.4734	3.224095e-02	-3.298130e+00	9.287904e-01	-3.784611e+00	1.460684e+00	3.014958e+00	3.945652e-01	3.621305e-01	2.710812e-01	5.023045e-02	5.932498e-01	8.420733e-01	7.671100e+00	
71  21.2684	3.224095e-02	-3.298130e+00	1.370608e+00	-3.032885e+00	1.459406e+00	2.527522e+00	4.050699e-01	3.456896e-01	2.424918e-01	4.875224e-02	5.567085e-01	8.420733e-01	7.671100e+00	
68  20.0682	3.224095e-02	-3.298130e+00	1.117452e+00	-3.524044e+00	1.443608e+00	9.764938e-01	4.050664e-01	3.447970e-01	2.243607e-01	6.880101e-02	8.018099e-01	8.420733e-01	7.671100e+00	
29  21.6449	3.224095e-02	-3.298130e+00	8.401755e-01	-3.184007e+00	1.371212e+00	8.930644e-01	3.892485e-01	3.690517e-01	2.298899e-01	8.585512e-02	8.362285e-01	8.420733e-01	7.671100e+00	
184  23.762	3.224095e-02	-3.298130e+00	1.265596e+00	-2.675007e+00	1.437400e+00	9.804495e-01	4.301577e-01	3.924458e-01	1.904392e-01	1.024704e-01	9.196514e-01	8.420733e-01	7.671100e+00	
16  25.2954	3.224095e-02	-3.298130e+00	1.210005e+00	-1.177623e+00	1.487024e+00	1.366482e+00	3.892503e-01	3.902987e-01	1.532347e-01	9.363319e-02	9.686935e-01	8.420733e-01	7.671100e+00	
32  25.5304	3.224095e-02	-3.298130e+00	6.120969e-01	-8.427812e-01	1.498965e+00	1.442981e+00	3.698074e-01	4.202447e-01	2.218411e-01	1.302689e-01	7.738695e-01	8.420733e-01	7.671100e+00	
1  25.6436	3.224095e-02	-3.298130e+00	5.143759e-01	9.832439e-02	1.585108e+00	1.656420e+00	3.838540e-01	4.155649e-01	2.278880e-01	1.199096e-01	7.498849e-01	8.420733e-01	7.671100e+00	
19  23.6587	3.224095e-02	-3.298130e+00	6.702777e-01	-2.935228e-01	1.602230e+00	1.810582e+00	3.840227e-01	3.784543e-01	2.696413e-01	6.057583e-02	5.856384e-01	8.420733e-01	7.671100e+00	
3  23.9819	3.224095e-02	-3.298130e+00	8.929628e-01	-5.741158e-01	1.537878e+00	2.818292e+00	3.540135e-01	4.086705e-01	2.695196e-01	8.849457e-02	8.173424e-01	8.420733e-01	7.671100e+00	
23  22.0778	3.224095e-02	-3.298130e+00	1.037306e+00	1.408608e-01	1.437071e+00	2.435866e+00	3.936416e-01	4.033030e-01	2.407222e-01	8.488141e-02	7.833642e-01	8.420733e-01	7.671100e+00	
257  21.479	3.224095e-02	-3.298130e+00	1.303870e+00	1.569252e-01	1.328496e+00	2.687834e+00	3.998699e-01	4.013134e-01	2.548684e-01	6.883864e-02	8.214440e-01	8.420733e-01	7.671100e+00	
49  22.4499	3.224095e-02	-3.298130e+00	1.341812e+00	-5.493176e-01	1.354460e+00	3.111343e+00	4.101180e-01	3.533689e-01	2.190050e-01	1.114017e-01	8.485414e-01	8.420733e-01	7.671100e+00	
84  24.7814	3.224095e-02	-3.298130e+00	1.272069e+00	1.045629e-01	1.387333e+00	9.702854e-01	3.755049e-01	3.804088e-01	2.455014e-01	1.603174e-01	8.822492e-01	8.420733e-01	7.671100e+00	
12  23.6715	3.224095e-02	-3.298130e+00	1.272454e+00	4.830164e-01	1.533351e+00	2.777568e-01	3.871428e-01	4.125428e-01	2.144185e-01	1.297124e-01	9.318071e-01	8.420733e-01	7.671100e+00	
3  23.1734	3.224095e-02	-3.298130e+00	9.888466e-01	1.041470e+00	1.621422e+00	-1.378441e+00	4.225611e-01	3.621483e-01	2.324476e-01	7.878453e-02	6.598403e-01	8.420733e-01	7.671100e+00	
701  20.868	3.224095e-02	-3.298130e+00	8.337163e-01	1.444315e+00	1.674016e+00	-1.308740e+00	4.096820e-01	3.322480e-01	1.788563e-01	6.650775e-02	9.811052e-01	8.420733e-01	7.671100e+00	
