12  28.8548	3.300000e+00	-5.000000e+00	8.767023e-01	-3.641444e+00	1.484492e+00	-2.861321e+00	3.608172e-01	2.584178e-01	1.398591e-01	4.227082e-02	9.688958e-01	8.279444e-01	7.671100e+00	
1  27.8871	3.677028e+00	-6.397160e+00	9.406128e-01	-4.458454e+00	1.541896e+00	-1.611253e+00	3.620158e-01	2.533548e-01	1.403052e-01	4.910950e-02	9.617298e-01	8.227673e-01	7.671100e+00	
7  28.4735	3.677028e+00	-6.397160e+00	1.129092e+00	-4.088827e+00	1.396188e+00	-7.985400e-01	3.491098e-01	2.775879e-01	1.416318e-01	5.635623e-02	8.703448e-01	8.227673e-01	7.671100e+00	
3  26.0985	3.677028e+00	-6.397160e+00	1.023355e+00	-4.453315e+00	1.585678e+00	-2.667194e+00	3.638801e-01	2.981346e-01	1.746199e-01	4.339034e-02	7.510084e-01	8.227673e-01	7.671100e+00	
13  25.6208	3.681507e+00	-7.939341e+00	9.933685e-01	-4.431993e+00	1.605035e+00	-2.553541e+00	3.649898e-01	2.965515e-01	1.753569e-01	4.515795e-02	7.517858e-01	8.248505e-01	7.671100e+00	
27  24.0177	3.681507e+00	-7.939341e+00	1.029104e+00	-2.908420e+00	1.580268e+00	-9.345703e-01	3.895952e-01	2.914117e-01	1.786626e-01	5.902105e-02	7.484936e-01	8.248505e-01	7.671100e+00	
2  24.1857	3.681507e+00	-7.939341e+00	1.161421e+00	-2.358088e+00	1.479416e+00	1.822577e+00	3.953932e-01	3.416025e-01	1.723627e-01	7.265698e-02	7.952533e-01	8.248505e-01	7.671100e+00	
10  21.9246	3.681507e+00	-7.939341e+00	9.901295e-01	-2.885311e+00	1.628784e+00	-2.555432e+00	4.093724e-01	3.247933e-01	2.049768e-01	6.712869e-02	8.262127e-01	8.248505e-01	7.671100e+00	
19  23.0699	3.681507e+00	-7.939341e+00	6.711071e-01	-2.425905e+00	1.594017e+00	-2.416445e+00	3.981749e-01	3.560796e-01	1.918523e-01	4.128274e-02	6.827385e-01	8.248505e-01	7.671100e+00	
8  23.2926	3.681507e+00	-7.939341e+00	6.652575e-01	-1.544656e+00	1.672661e+00	-2.104296e+00	3.950701e-01	3.349776e-01	2.496956e-01	4.843334e-02	7.697392e-01	8.248505e-01	7.671100e+00	
9  23.0477	3.681507e+00	-7.939341e+00	1.014772e+00	-4.918840e+00	1.553341e+00	8.783613e-01	4.028649e-01	3.015892e-01	1.950203e-01	5.544466e-02	4.914535e-01	8.248505e-01	7.671100e+00	
8  23.4388	3.592585e+00	-7.678675e+00	9.983113e-01	-4.724747e+00	1.540645e+00	5.879917e-01	4.026316e-01	3.027146e-01	1.949481e-01	5.390787e-02	4.931826e-01	8.254288e-01	7.671100e+00	
5  23.2856	3.592585e+00	-7.678675e+00	9.355848e-01	-3.660265e+00	1.295032e+00	1.986594e+00	3.947874e-01	3.184672e-01	1.660797e-01	9.163887e-02	5.163945e-01	8.254288e-01	7.671100e+00	
18  23.8662	3.592585e+00	-7.678675e+00	9.578210e-01	-4.771095e+00	1.226812e+00	4.519794e+00	3.924406e-01	3.139591e-01	1.896896e-01	8.508484e-02	6.032640e-01	8.254288e-01	7.671100e+00	
4  25.0993	3.592585e+00	-7.678675e+00	7.705886e-01	-3.101464e+00	1.287171e+00	3.418706e+00	4.182570e-01	3.322519e-01	1.813571e-01	5.829442e-02	6.098095e-01	8.254288e-01	7.671100e+00	
20  22.9186	3.592585e+00	-7.678675e+00	6.047551e-01	-4.762216e+00	1.217353e+00	8.460976e-01	4.006302e-01	3.591035e-01	1.970445e-01	9.282940e-02	7.767448e-01	8.254288e-01	7.671100e+00	
3  23.6377	3.464259e+00	-4.630037e+00	6.348593e-01	-4.536469e+00	1.166317e+00	2.539779e-01	3.983746e-01	3.633954e-01	1.956585e-01	8.765749e-02	7.777290e-01	8.272960e-01	7.671100e+00	
18  23.3211	3.464259e+00	-4.630037e+00	8.410960e-01	-4.512638e+00	1.101368e+00	-1.049105e+00	3.887968e-01	3.813500e-01	2.323605e-01	1.212092e-01	6.758311e-01	8.272960e-01	7.671100e+00	
14  22.7485	3.625994e+00	-4.190536e+00	8.894483e-01	-4.884242e+00	1.113276e+00	-5.801383e-01	3.885650e-01	3.802152e-01	2.320536e-01	1.229945e-01	6.721696e-01	8.241655e-01	7.671100e+00	
1  22.7563	3.625994e+00	-4.190536e+00	1.067614e+00	-4.931029e+00	1.090506e+00	-7.241694e-01	4.358635e-01	3.949095e-01	2.594916e-01	1.069521e-01	7.434550e-01	8.241655e-01	7.671100e+00	
16  23.9614	3.625994e+00	-4.190536e+00	6.722773e-01	-1.721248e+00	1.078198e+00	2.899300e-01	4.086401e-01	3.912062e-01	2.519739e-01	9.361572e-02	9.505075e-01	8.241655e-01	7.671100e+00	
13  24.8317	3.625994e+00	-4.190536e+00	5.754296e-01	-3.861561e+00	1.147412e+00	8.718600e-01	4.180101e-01	3.816382e-01	2.141920e-01	9.343628e-02	9.400681e-01	8.241655e-01	7.671100e+00	
11  24.6261	3.593650e+00	-3.373890e+00	5.839898e-01	-3.805645e+00	1.133958e+00	7.194952e-01	4.174070e-01	3.827681e-01	2.138195e-01	9.207939e-02	9.402889e-01	8.256813e-01	7.671100e+00	
6  24.1836	3.443856e+00	-4.921778e+00	5.162155e-01	-3.438273e+00	1.136894e+00	3.590376e-01	4.184408e-01	3.826802e-01	2.146509e-01	9.168700e-02	9.443250e-01	8.247262e-01	7.671100e+00	
6  24.6624	3.443856e+00	-4.921778e+00	3.692661e-01	-3.764500e+00	1.183259e+00	8.398960e-01	4.258753e-01	3.802064e-01	2.077656e-01	7.850660e-02	9.011972e-01	8.247262e-01	7.671100e+00	
2  25.1477	3.486505e+00	-4.539203e+00	3.873910e-01	-3.867915e+00	1.183135e+00	9.462901e-01	4.256227e-01	3.801734e-01	2.075568e-01	7.868259e-02	9.000809e-01	8.247355e-01	7.671100e+00	
9  27.6109	3.486505e+00	-4.539203e+00	3.553439e-01	-2.528270e+00	1.023496e+00	8.730568e-01	4.132252e-01	3.634241e-01	2.226791e-01	8.864400e-02	9.538368e-01	8.247355e-01	7.671100e+00	
3  27.1819	3.607806e+00	-6.347659e+00	3.485182e-01	-2.763487e+00	1.058600e+00	1.363251e+00	4.145866e-01	3.604386e-01	2.234744e-01	9.234638e-02	9.522996e-01	8.272436e-01	7.671100e+00	
20  26.8775	3.607806e+00	-6.347659e+00	3.993778e-01	-4.141698e+00	1.302620e+00	3.801113e+00	4.344751e-01	3.127497e-01	1.730096e-01	8.383356e-02	8.306653e-01	8.272436e-01	7.671100e+00	
9  26.5333	3.607806e+00	-6.347659e+00	3.723372e-01	-2.708778e+00	1.306492e+00	3.904521e+00	4.335214e-01	3.339443e-01	1.972226e-01	1.098009e-01	9.165898e-01	8.272436e-01	7.671100e+00	
1  28.6312	2.754767e+00	-5.591958e+00	1.792596e-01	-8.113408e-01	1.206060e+00	1.231980e+00	4.325367e-01	3.429981e-01	1.973671e-01	9.698713e-02	9.341633e-01	8.244550e-01	7.671100e+00	
11  27.6974	2.973798e+00	-4.770631e+00	2.492984e-01	-1.319188e+00	1.219418e+00	1.852437e+00	4.320605e-01	3.416870e-01	1.968430e-01	9.915489e-02	9.290770e-01	8.271337e-01	7.671100e+00	
4  27.2876	3.142349e+00	-4.084759e+00	3.042807e-01	-1.711089e+00	1.229039e+00	2.326415e+00	4.316553e-01	3.407318e-01	1.964139e-01	1.007636e-01	9.251324e-01	8.274298e-01	7.671100e+00	
16  27.3128	3.142349e+00	-4.084759e+00	2.583896e-02	-1.051833e+00	1.299517e+00	-3.690679e-01	4.338018e-01	3.626574e-01	2.391693e-01	1.251341e-01	9.941212e-01	8.274298e-01	7.671100e+00	
1  25.7981	3.142349e+00	-4.084759e+00	2.687280e-01	7.716833e-02	1.400093e+00	3.407836e+00	4.249819e-01	3.224024e-01	2.326946e-01	1.045164e-01	8.665206e-01	8.274298e-01	7.671100e+00	
1  25.9819	3.351058e+00	-3.552142e+00	3.304278e-01	-4.016615e-01	1.415882e+00	4.015244e+00	4.247076e-01	3.209035e-01	2.323151e-01	1.068583e-01	8.618153e-01	8.255326e-01	7.671100e+00	
3  25.5819	3.234252e+00	-3.503647e+00	3.028816e-01	-1.407278e-01	1.402803e+00	3.652855e+00	4.246123e-01	3.220883e-01	2.323613e-01	1.051645e-01	8.642527e-01	8.229980e-01	7.671100e+00	
6  23.7418	3.234252e+00	-3.503647e+00	6.846107e-01	-3.273207e+00	1.428172e+00	4.362071e+00	4.029484e-01	2.945778e-01	2.487385e-01	1.087263e-01	7.538461e-01	8.229980e-01	7.671100e+00	
12  23.7496	3.234252e+00	-3.503647e+00	6.870516e-01	-3.851933e+00	1.404474e+00	3.839032e+00	3.934987e-01	2.993097e-01	2.609912e-01	8.606623e-02	7.910040e-01	8.229980e-01	7.671100e+00	
13  20.9778	3.326464e+00	-4.324986e+00	6.930163e-01	-4.041998e+00	1.424385e+00	4.175830e+00	3.941362e-01	2.975926e-01	2.613303e-01	8.826898e-02	7.895226e-01	8.305319e-01	7.671100e+00	
32  21.8504	3.326464e+00	-4.324986e+00	7.705631e-01	-3.527999e+00	1.419389e+00	4.575869e+00	3.689301e-01	2.673947e-01	2.476059e-01	1.430674e-01	9.496415e-01	8.305319e-01	7.671100e+00	
21  22.5221	3.301389e+00	-4.443867e+00	7.620441e-01	-3.469355e+00	1.418164e+00	4.506448e+00	3.690025e-01	2.675200e-01	2.476778e-01	1.428467e-01	9.502378e-01	8.278650e-01	7.671100e+00	
32  23.6818	2.805030e+00	-7.978180e+00	5.696070e-01	-2.284464e+00	1.408372e+00	3.208746e+00	3.712831e-01	2.688209e-01	2.496679e-01	1.397836e-01	9.627103e-01	8.269135e-01	7.671100e+00	
1  24.0141	2.805030e+00	-7.978180e+00	4.914947e-01	-1.057996e+00	1.618254e+00	1.520186e+00	3.655770e-01	2.730049e-01	2.519784e-01	7.891271e-02	8.932440e-01	8.269135e-01	7.671100e+00	
18  23.775	3.142256e+00	-6.959297e+00	5.943778e-01	-1.834897e+00	1.641828e+00	2.491370e+00	3.650202e-01	2.707411e-01	2.512893e-01	8.252181e-02	8.855517e-01	8.278008e-01	7.671100e+00	
5  23.1234	3.142256e+00	-6.959297e+00	8.547314e-01	-4.429911e+00	1.510812e+00	1.897149e+00	3.714554e-01	2.789906e-01	2.397497e-01	5.760288e-02	8.323213e-01	8.278008e-01	7.671100e+00	
4  23.4495	3.166455e+00	-5.562888e+00	8.887832e-01	-4.512574e+00	1.496305e+00	1.881139e+00	3.704653e-01	2.801492e-01	2.390656e-01	5.639910e-02	8.310211e-01	8.256605e-01	7.671100e+00	
96  22.6895	3.166455e+00	-5.562888e+00	5.145887e-01	-4.023035e+00	1.516766e+00	3.949854e+00	3.516137e-01	3.210080e-01	2.656861e-01	3.616305e-02	9.233945e-01	8.256605e-01	7.671100e+00	
116  21.3993	3.166455e+00	-5.562888e+00	4.936711e-01	-4.569130e+00	1.507959e+00	4.820208e+00	3.743026e-01	2.932146e-01	2.812481e-01	3.262212e-02	9.058299e-01	8.256605e-01	7.671100e+00	
4  22.3087	3.166455e+00	-5.562888e+00	5.048470e-01	-4.103760e+00	1.443393e+00	4.951899e+00	3.709698e-01	3.084195e-01	2.684388e-01	6.134923e-02	9.150690e-01	8.256605e-01	7.671100e+00	
32  22.3393	3.150392e+00	-4.745711e+00	5.173935e-01	-4.084361e+00	1.431673e+00	4.849573e+00	3.703747e-01	3.093916e-01	2.680564e-01	6.022037e-02	9.149459e-01	8.270660e-01	7.671100e+00	
17  22.5619	2.989709e+00	-4.484797e+00	4.834138e-01	-3.729361e+00	1.411304e+00	4.338479e+00	3.701041e-01	3.112154e-01	2.680267e-01	5.767563e-02	9.181892e-01	8.261466e-01	7.671100e+00	
15  23.762	2.989709e+00	-4.484797e+00	4.371847e-01	-3.738315e+00	1.399360e+00	1.940493e+00	3.652479e-01	3.609863e-01	2.351467e-01	5.422159e-02	8.174264e-01	8.261466e-01	7.671100e+00	
4  24.2541	2.989709e+00	-4.484797e+00	5.490071e-01	-2.903270e+00	1.378300e+00	2.825489e+00	3.834546e-01	3.472645e-01	2.056378e-01	7.462098e-02	8.533978e-01	8.261466e-01	7.671100e+00	
1  26.6416	2.989709e+00	-4.484797e+00	7.757023e-01	-2.703808e+00	1.310459e+00	1.700161e+00	4.264529e-01	3.229725e-01	1.933409e-01	5.562291e-02	7.979979e-01	8.261466e-01	7.671100e+00	
17  23.6014	2.989709e+00	-4.484797e+00	7.027896e-01	-3.669953e+00	1.390898e+00	1.295190e+00	4.075191e-01	3.061828e-01	1.895788e-01	8.289553e-02	6.312396e-01	8.261466e-01	7.671100e+00	
5  23.8645	2.989709e+00	-4.484797e+00	8.055710e-01	-3.927098e+00	1.392647e+00	2.999280e+00	4.041337e-01	2.858981e-01	1.773756e-01	9.146570e-02	6.098828e-01	8.261466e-01	7.671100e+00	
21  22.3228	2.989709e+00	-4.484797e+00	8.868710e-01	-3.574022e+00	1.449589e+00	1.845491e+00	3.752048e-01	2.926294e-01	1.886056e-01	1.028253e-01	6.136228e-01	8.261466e-01	7.671100e+00	
1  25.539	2.989709e+00	-4.484797e+00	8.175052e-01	-3.028609e+00	1.414086e+00	1.006153e+00	3.762398e-01	2.701020e-01	1.964881e-01	8.626313e-02	5.990599e-01	8.261466e-01	7.671100e+00	
2  24.71	2.989709e+00	-4.484797e+00	7.535797e-01	-4.350834e+00	1.442533e+00	-1.414873e+00	4.177779e-01	3.044007e-01	2.128246e-01	7.057770e-02	6.486591e-01	8.261466e-01	7.671100e+00	
23  24.0129	2.989709e+00	-4.484797e+00	1.083439e+00	-4.127301e+00	1.297444e+00	3.469645e+00	4.275346e-01	3.243000e-01	1.980725e-01	1.202571e-01	5.603676e-01	8.261466e-01	7.671100e+00	
5  25.9807	2.989709e+00	-4.484797e+00	7.773084e-01	-4.172766e+00	1.360413e+00	3.443956e+00	4.056931e-01	3.466452e-01	2.009062e-01	9.574940e-02	5.653645e-01	8.261466e-01	7.671100e+00	
2  25.9836	3.213085e+00	-3.430584e+00	8.531018e-01	-4.695094e+00	1.371385e+00	4.062695e+00	4.050519e-01	3.455243e-01	2.002679e-01	9.772075e-02	5.600547e-01	8.253770e-01	7.671100e+00	
5  27.0721	3.213085e+00	-3.430584e+00	7.364820e-01	-4.843078e+00	1.460537e+00	2.883405e+00	4.043316e-01	2.957437e-01	1.709266e-01	8.505424e-02	7.382115e-01	8.253770e-01	7.671100e+00	
6  27.2916	3.213085e+00	-3.430584e+00	7.876274e-01	-1.602232e+00	1.493273e+00	1.466964e+00	4.104666e-01	3.006071e-01	1.898906e-01	5.830146e-02	8.446183e-01	8.253770e-01	7.671100e+00	
19  29.3952	3.213085e+00	-3.430584e+00	1.077160e+00	-3.189598e+00	1.534994e+00	4.546872e+00	4.405125e-01	3.035621e-01	2.185946e-01	3.725300e-02	7.602641e-01	8.253770e-01	7.671100e+00	
13  29.5352	3.075476e+00	-6.548474e+00	9.807203e-01	-2.817616e+00	1.558452e+00	4.325567e+00	4.426800e-01	3.017884e-01	2.201718e-01	3.876717e-02	7.649308e-01	8.261173e-01	7.671100e+00	
3  29.7011	3.075476e+00	-6.548474e+00	1.083600e+00	-1.682770e+00	1.479517e+00	4.198977e+00	4.501738e-01	3.252143e-01	2.190362e-01	2.554370e-02	5.966823e-01	8.261173e-01	7.671100e+00	
2  28.743	3.075476e+00	-6.548474e+00	1.368067e+00	-3.919495e+00	1.225589e+00	3.589766e+00	4.288514e-01	3.300294e-01	1.750147e-01	5.713694e-02	4.746419e-01	8.261173e-01	7.671100e+00	
6  24.6328	3.075476e+00	-6.548474e+00	1.502857e+00	-3.525161e+00	1.218239e+00	3.767790e+00	4.647419e-01	3.646603e-01	1.991928e-01	9.538348e-02	7.519098e-01	8.261173e-01	7.671100e+00	
19  24.5746	3.075476e+00	-6.548474e+00	1.635154e+00	-3.145025e+00	1.038179e+00	4.333831e+00	4.977065e-01	4.137540e-01	1.978196e-01	7.867828e-02	8.173404e-01	8.261173e-01	7.671100e+00	
2  24.3061	3.075476e+00	-6.548474e+00	1.596714e+00	-3.145227e+00	1.126112e+00	4.163153e+00	4.900550e-01	4.199626e-01	1.925356e-01	1.038944e-01	8.788832e-01	8.261173e-01	7.671100e+00	
21  23.5771	3.265838e+00	-5.975104e+00	1.654755e+00	-3.583746e+00	1.139441e+00	4.711495e+00	4.897419e-01	4.186829e-01	1.921475e-01	1.059337e-01	8.745420e-01	8.259801e-01	7.671100e+00	
10  23.8335	3.044002e+00	-4.085493e+00	1.638666e+00	-3.124746e+00	1.092598e+00	3.906841e+00	4.882701e-01	4.227275e-01	1.913730e-01	1.007299e-01	8.781548e-01	8.281106e-01	7.671100e+00	
19  25.3605	3.044002e+00	-4.085493e+00	1.535305e+00	-3.162878e+00	1.152925e+00	4.385183e+00	4.593807e-01	4.128280e-01	1.963195e-01	9.890700e-02	7.301943e-01	8.281106e-01	7.671100e+00	
33  24.6025	3.044002e+00	-4.085493e+00	1.382095e+00	-1.354324e+00	1.285551e+00	2.772723e+00	4.305725e-01	3.707211e-01	1.894603e-01	9.218552e-02	7.967101e-01	8.281106e-01	7.671100e+00	
23  26.1256	3.044002e+00	-4.085493e+00	1.376858e+00	-2.766020e+00	1.292516e+00	3.645020e+00	3.944542e-01	3.754532e-01	2.235512e-01	1.500044e-01	8.216769e-01	8.281106e-01	7.671100e+00	
7  25.4119	3.044002e+00	-4.085493e+00	1.304100e+00	-1.970014e+00	1.358947e+00	3.532881e+00	3.640127e-01	3.116702e-01	2.282322e-01	1.451399e-01	8.782779e-01	8.281106e-01	7.671100e+00	
5  25.3786	3.044002e+00	-4.085493e+00	1.279349e+00	-1.241406e+00	1.436986e+00	2.580722e+00	3.899977e-01	3.419295e-01	2.351101e-01	1.122236e-01	8.889666e-01	8.281106e-01	7.671100e+00	
5  26.9283	3.044002e+00	-4.085493e+00	1.682104e+00	-1.756688e+00	1.352902e+00	1.647236e+00	4.138419e-01	3.655342e-01	2.700648e-01	1.082821e-01	8.686224e-01	8.281106e-01	7.671100e+00	
10  26.5816	3.044002e+00	-4.085493e+00	1.812484e+00	-1.688322e+00	1.275007e+00	2.992991e+00	4.199428e-01	3.971345e-01	2.982593e-01	1.052456e-01	9.113843e-01	8.281106e-01	7.671100e+00	
18  26.2679	3.044002e+00	-4.085493e+00	1.752387e+00	-1.371873e+00	1.312888e+00	-2.071803e-01	4.084827e-01	4.019720e-01	2.814678e-01	7.344851e-02	9.644046e-01	8.281106e-01	7.671100e+00	
22  27.6071	3.044002e+00	-4.085493e+00	1.740899e+00	-3.002697e+00	1.364407e+00	-2.001425e-01	4.338085e-01	3.727883e-01	2.965793e-01	5.102192e-02	9.873768e-01	8.281106e-01	7.671100e+00	
3  27.7322	3.044002e+00	-4.085493e+00	1.786056e+00	-3.737875e+00	1.075628e+00	-1.680593e+00	4.431274e-01	3.926156e-01	2.999174e-01	4.199024e-02	9.980087e-01	8.281106e-01	7.671100e+00	
24  27.6297	3.097548e+00	-5.498195e+00	1.770661e+00	-3.829211e+00	1.098645e+00	-1.424416e+00	4.441696e-01	3.906844e-01	3.005632e-01	4.430373e-02	9.976776e-01	8.276144e-01	7.671100e+00	
8  27.4278	3.097548e+00	-5.498195e+00	1.694200e+00	-4.445654e+00	1.000546e+00	1.632930e-02	4.599308e-01	4.013329e-01	2.673268e-01	3.181722e-02	9.408995e-01	8.276144e-01	7.671100e+00	
12  30.8629	3.026537e+00	-7.510411e+00	1.636306e+00	-4.245496e+00	1.017587e+00	-7.175457e-02	4.613389e-01	4.000151e-01	2.683341e-01	3.304436e-02	9.435357e-01	8.283348e-01	7.671100e+00	
5  26.386	3.119329e+00	-6.952372e+00	1.670212e+00	-4.464917e+00	1.020675e+00	1.774939e-01	4.609863e-01	3.996693e-01	2.680113e-01	3.373049e-02	9.412621e-01	8.281862e-01	7.671100e+00	
21  26.918	3.119329e+00	-6.952372e+00	1.678177e+00	-8.653025e-01	1.159588e+00	2.454133e+00	4.732123e-01	3.828245e-01	2.995545e-01	3.870692e-02	9.312811e-01	8.281862e-01	7.671100e+00	
27  27.715	3.119329e+00	-6.952372e+00	1.853188e+00	-2.187944e+00	1.138187e+00	3.710038e+00	4.349227e-01	3.654550e-01	2.939455e-01	4.224431e-02	8.938314e-01	8.281862e-01	7.671100e+00	
1  25.345	3.119329e+00	-6.952372e+00	1.741763e+00	-2.104697e+00	1.231125e+00	4.016861e+00	4.624432e-01	3.891336e-01	2.825041e-01	1.136935e-01	8.972355e-01	8.281862e-01	7.671100e+00	
19  26.7565	2.975777e+00	-5.180979e+00	1.742408e+00	-1.818834e+00	1.194097e+00	3.460636e+00	4.610969e-01	3.922986e-01	2.817398e-01	1.097197e-01	8.992631e-01	8.286409e-01	7.671100e+00	
2  25.8024	2.975777e+00	-5.180979e+00	1.666152e+00	-1.902630e+00	1.191884e+00	4.556525e+00	4.725696e-01	4.093473e-01	2.930904e-01	1.021570e-01	9.152706e-01	8.286409e-01	7.671100e+00	
23  25.9369	2.975777e+00	-5.180979e+00	1.579812e+00	-2.733293e+00	1.163290e+00	4.909559e+00	4.286977e-01	3.992075e-01	2.446157e-01	6.366712e-02	7.605412e-01	8.286409e-01	7.671100e+00	
26  27.4283	2.818221e+00	-4.935355e+00	1.546288e+00	-2.384994e+00	1.143442e+00	4.409073e+00	4.284396e-01	4.009856e-01	2.445915e-01	6.118319e-02	7.637270e-01	8.247426e-01	7.671100e+00	
1  29.7504	2.818221e+00	-4.935355e+00	1.414544e+00	-2.752475e+00	1.217358e+00	1.070978e+00	4.395029e-01	3.764200e-01	2.780549e-01	7.537047e-02	7.835435e-01	8.247426e-01	7.671100e+00	
4  23.9468	2.818221e+00	-4.935355e+00	1.065179e+00	-4.938589e+00	1.080017e+00	-1.545179e+00	4.277704e-01	4.073076e-01	2.694692e-01	1.039829e-01	7.594946e-01	8.247426e-01	7.671100e+00	
36  24.2626	2.818221e+00	-4.935355e+00	1.048291e+00	-4.163256e+00	1.051865e+00	-1.747960e+00	4.143399e-01	4.279803e-01	2.782606e-01	7.987447e-02	8.167934e-01	8.247426e-01	7.671100e+00	
61  23.6858	2.876524e+00	-7.165889e+00	1.017575e+00	-4.248626e+00	1.085402e+00	-1.424186e+00	4.159717e-01	4.251864e-01	2.792958e-01	8.315878e-02	8.168243e-01	8.255274e-01	7.671100e+00	
8  23.1315	2.876524e+00	-7.165889e+00	7.319164e-01	-2.498790e+00	1.147889e+00	-2.437586e+00	3.657531e-01	4.085277e-01	2.915560e-01	1.268187e-01	8.711641e-01	8.255274e-01	7.671100e+00	
19  22.4183	2.876524e+00	-7.165889e+00	4.201320e-01	-4.572876e-01	1.361756e+00	-2.177899e+00	3.906236e-01	3.758365e-01	2.352339e-01	9.983195e-02	8.191590e-01	8.255274e-01	7.671100e+00	
4  22.1657	2.785712e+00	-7.857368e+00	3.840204e-01	-2.395917e-01	1.360514e+00	-2.412417e+00	3.910730e-01	3.760297e-01	2.356195e-01	9.932111e-02	8.214663e-01	8.288302e-01	7.671100e+00	
19  22.6645	2.785712e+00	-7.857368e+00	3.705927e-01	1.385307e+00	1.451576e+00	-2.053019e+00	3.931528e-01	3.402095e-01	2.375999e-01	9.937646e-02	8.578366e-01	8.288302e-01	7.671100e+00	
27  24.378	2.785712e+00	-7.857368e+00	3.362307e-01	4.026449e+00	1.361063e+00	-1.066062e+00	3.828919e-01	3.542498e-01	2.047759e-01	5.829659e-02	9.416692e-01	8.288302e-01	7.671100e+00	
5  23.8639	2.785712e+00	-7.857368e+00	6.392461e-01	1.817980e-01	1.296317e+00	-4.311315e-01	3.927279e-01	3.236917e-01	1.768488e-01	6.065843e-02	8.078787e-01	8.288302e-01	7.671100e+00	
11  22.4538	3.366404e+00	-5.165651e+00	8.352955e-01	-1.175059e+00	1.325437e+00	1.180513e+00	3.910961e-01	3.207291e-01	1.752128e-01	6.583715e-02	7.941030e-01	8.246242e-01	7.671100e+00	
10  22.7146	3.653148e+00	-3.863130e+00	9.315673e-01	-1.844530e+00	1.340143e+00	1.978065e+00	3.903094e-01	3.192396e-01	1.744177e-01	6.842385e-02	7.873157e-01	8.209560e-01	7.671100e+00	
9  22.0252	3.698682e+00	-5.046459e+00	9.188382e-01	-1.922565e+00	1.359495e+00	2.194745e+00	3.911827e-01	3.176153e-01	1.749582e-01	7.037128e-02	7.870239e-01	8.261505e-01	7.671100e+00	
29  20.4529	3.698682e+00	-5.046459e+00	7.011969e-01	-4.611261e+00	1.493702e+00	-3.927410e+00	3.899838e-01	2.963418e-01	2.440801e-01	6.144098e-02	8.216740e-01	8.261505e-01	7.671100e+00	
39  20.7341	3.698682e+00	-5.046459e+00	8.010683e-01	-4.966707e+00	1.545380e+00	-2.983933e+00	4.050859e-01	2.859974e-01	2.555989e-01	7.659928e-02	7.843773e-01	8.261505e-01	7.671100e+00	
13  20.2369	3.310635e+00	-5.105214e+00	7.051252e-01	-4.095378e+00	1.504621e+00	-4.173600e+00	4.049270e-01	2.897142e-01	2.558577e-01	7.121523e-02	7.925991e-01	8.247505e-01	7.671100e+00	
12  20.6154	3.310635e+00	-5.105214e+00	5.492613e-01	-3.190676e+00	1.536814e+00	-4.455466e+00	4.004929e-01	2.947234e-01	2.848281e-01	1.240167e-01	8.688475e-01	8.247505e-01	7.671100e+00	
53  20.0558	3.310635e+00	-5.105214e+00	4.878346e-01	-4.504806e+00	1.424264e+00	-3.954797e+00	3.860116e-01	2.915187e-01	2.981064e-01	1.232331e-01	9.324182e-01	8.247505e-01	7.671100e+00	
4  22.1948	3.011965e+00	-6.491808e+00	3.869561e-01	-3.806883e+00	1.409313e+00	-4.783584e+00	3.868525e-01	2.930403e-01	2.989489e-01	1.205718e-01	9.395047e-01	8.266742e-01	7.671100e+00	
33  22.571	3.011965e+00	-6.491808e+00	7.274438e-01	-4.779842e+00	1.327673e+00	-3.219278e+00	3.787502e-01	2.781642e-01	2.390242e-01	1.005943e-01	8.812926e-01	8.266742e-01	7.671100e+00	
1  22.4882	3.011965e+00	-6.491808e+00	6.814866e-01	-3.868844e+00	1.427337e+00	-2.596274e+00	3.894683e-01	3.144782e-01	2.517850e-01	9.943810e-02	8.734868e-01	8.266742e-01	7.671100e+00	
1  25.3041	3.011965e+00	-6.491808e+00	5.886274e-01	-1.772830e+00	1.537311e+00	-1.762010e+00	3.891690e-01	2.893216e-01	2.351079e-01	9.361199e-02	9.163804e-01	8.266742e-01	7.671100e+00	
4  23.7957	3.011965e+00	-6.491808e+00	7.949580e-01	-1.617468e+00	1.270900e+00	-2.319754e+00	3.611248e-01	3.098469e-01	1.958654e-01	8.708846e-02	8.700821e-01	8.266742e-01	7.671100e+00	
12  23.8335	3.064498e+00	-5.607986e+00	8.255984e-01	-1.753241e+00	1.265696e+00	-2.215422e+00	3.605174e-01	3.102181e-01	1.954103e-01	8.684916e-02	8.684739e-01	8.276752e-01	7.671100e+00	
6  23.5857	3.653171e+00	-7.171563e+00	9.378376e-01	-3.041447e+00	1.347759e+00	-3.036437e-01	3.619452e-01	3.029299e-01	1.958104e-01	9.684373e-02	8.569358e-01	8.249244e-01	7.671100e+00	
96  22.618	3.653171e+00	-7.171563e+00	9.017857e-01	-4.245396e+00	1.273142e+00	-9.325569e-01	3.856935e-01	3.515509e-01	1.903505e-01	6.314900e-02	7.815674e-01	8.249244e-01	7.671100e+00	
4  22.8197	3.653171e+00	-7.171563e+00	8.817805e-01	-4.006910e+00	1.449295e+00	-5.693386e-01	3.707822e-01	3.014263e-01	2.140340e-01	1.029450e-01	7.278887e-01	8.249244e-01	7.671100e+00	
1  23.3675	3.653171e+00	-7.171563e+00	8.406198e-01	-4.730981e+00	1.432957e+00	-2.815441e+00	3.996112e-01	2.813251e-01	2.304668e-01	1.388688e-01	7.762567e-01	8.249244e-01	7.671100e+00	
2  24.8506	3.653171e+00	-7.171563e+00	4.411494e-01	-3.676326e+00	1.468961e+00	-3.484055e+00	3.574467e-01	2.839140e-01	2.456809e-01	1.091404e-01	8.490786e-01	8.249244e-01	7.671100e+00	
1  24.8152	3.482223e+00	-6.322728e+00	4.165120e-01	-3.310267e+00	1.440297e+00	-4.064792e+00	3.567486e-01	2.864246e-01	2.453754e-01	1.058016e-01	8.522060e-01	8.254951e-01	7.671100e+00	
7  24.0262	3.324455e+00	-5.506259e+00	3.944405e-01	-2.973102e+00	1.413439e+00	-4.602900e+00	3.560806e-01	2.887746e-01	2.450776e-01	1.026837e-01	8.550736e-01	8.276498e-01	7.671100e+00	
19  22.8188	3.324455e+00	-5.506259e+00	3.785779e-01	-4.578734e+00	1.446171e+00	-1.739325e+00	3.547547e-01	3.422087e-01	2.256626e-01	1.147534e-01	8.588939e-01	8.276498e-01	7.671100e+00	
24  23.3686	3.324455e+00	-5.506259e+00	3.902123e-01	-4.651105e+00	1.293174e+00	-1.621109e+00	3.523091e-01	3.607780e-01	1.991325e-01	7.713658e-02	9.176366e-01	8.276498e-01	7.671100e+00	
3  25.1345	3.324455e+00	-5.506259e+00	3.093022e-01	-2.012608e+00	1.243046e+00	-6.260918e-01	3.436405e-01	3.407966e-01	2.199281e-01	6.219594e-02	8.633923e-01	8.276498e-01	7.671100e+00	
13  23.1641	3.324455e+00	-5.506259e+00	3.128157e-01	-1.835304e+00	1.317732e+00	-5.223008e-01	3.786410e-01	3.224153e-01	2.378048e-01	2.540430e-02	8.417917e-01	8.276498e-01	7.671100e+00	
36  23.2772	3.488216e+00	-3.980279e+00	3.835593e-01	-2.233549e+00	1.316557e+00	-1.174661e-01	3.776301e-01	3.223454e-01	2.369756e-01	2.601705e-02	8.374732e-01	8.271646e-01	7.671100e+00	
10  24.3532	3.488216e+00	-3.980279e+00	7.615782e-01	-4.989988e+00	1.452472e+00	3.114364e+00	3.748099e-01	2.656484e-01	2.360002e-01	2.764610e-02	7.882048e-01	8.271646e-01	7.671100e+00	
18  25.0854	3.488216e+00	-3.980279e+00	4.679885e-01	-2.051731e+00	1.503904e+00	3.039045e+00	4.007773e-01	2.763457e-01	2.555624e-01	4.819047e-02	9.687110e-01	8.271646e-01	7.671100e+00	
56  24.3759	3.488216e+00	-3.980279e+00	2.822939e-01	-5.154038e-01	1.603759e+00	2.626509e+00	4.005620e-01	2.988563e-01	2.842174e-01	1.111500e-01	9.880500e-01	8.271646e-01	7.671100e+00	
12  25.2111	3.555847e+00	-5.523756e+00	2.677023e-01	-6.356617e-01	1.629882e+00	2.934473e+00	4.017053e-01	2.966575e-01	2.849174e-01	1.138058e-01	9.874955e-01	8.231671e-01	7.671100e+00	
16  26.1908	3.057755e+00	-6.326885e+00	1.298851e-01	4.975654e-01	1.586472e+00	1.454561e+00	4.020239e-01	3.007018e-01	2.855986e-01	1.076993e-01	9.984603e-01	8.241024e-01	7.671100e+00	
15  26.3938	3.057755e+00	-6.326885e+00	1.982628e-01	2.116141e-01	1.584948e+00	2.326300e-01	3.877976e-01	2.867911e-01	2.545018e-01	6.230641e-02	9.908041e-01	8.241024e-01	7.671100e+00	
12  26.198	3.057755e+00	-6.326885e+00	1.038378e-01	1.153806e+00	1.401953e+00	2.506086e+00	3.845142e-01	3.144026e-01	2.673078e-01	6.060571e-02	9.868898e-01	8.241024e-01	7.671100e+00	
7  24.9596	3.633004e+00	-7.504082e+00	2.205858e-01	-1.121576e-01	1.477851e+00	4.351556e+00	3.856576e-01	3.076307e-01	2.675306e-01	6.998468e-02	9.754165e-01	8.271220e-01	7.671100e+00	
4  23.5875	3.633004e+00	-7.504082e+00	4.556451e-01	-2.047118e+00	1.570075e+00	4.181155e+00	3.662464e-01	3.025715e-01	2.559982e-01	6.848886e-02	9.253762e-01	8.271220e-01	7.671100e+00	
22  21.3984	3.364492e+00	-6.498303e+00	4.103459e-01	-1.465479e+00	1.529062e+00	3.290185e+00	3.653851e-01	3.061880e-01	2.556753e-01	6.360660e-02	9.304737e-01	8.239756e-01	7.671100e+00	
12  22.8687	3.450418e+00	-7.078250e+00	4.196406e-01	-1.646359e+00	1.545346e+00	3.592018e+00	3.658461e-01	3.047730e-01	2.559024e-01	6.545426e-02	9.289884e-01	8.246572e-01	7.671100e+00	
22  21.707	3.101885e+00	-5.855702e+00	3.591694e-01	-8.896929e-01	1.493125e+00	2.440897e+00	3.647876e-01	3.093844e-01	2.555232e-01	5.920872e-02	9.356519e-01	8.259303e-01	7.671100e+00	
5  22.5575	3.256302e+00	-7.833372e+00	3.570201e-01	-1.195725e+00	1.533840e+00	3.043900e+00	3.662877e-01	3.059078e-01	2.563799e-01	6.356316e-02	9.335116e-01	8.270578e-01	7.671100e+00	
3  25.8258	3.256302e+00	-7.833372e+00	3.497837e-01	-1.703860e+00	1.375678e+00	2.042518e+00	4.001646e-01	3.394504e-01	1.909120e-01	5.015631e-02	9.495699e-01	8.270578e-01	7.671100e+00	
2  25.2352	3.256302e+00	-7.833372e+00	4.604587e-01	-1.411109e+00	1.236335e+00	-4.347729e-01	3.820595e-01	3.295081e-01	1.629590e-01	3.897850e-02	9.016584e-01	8.270578e-01	7.671100e+00	
3  23.7549	3.526786e+00	-6.806583e+00	5.472027e-01	-2.038510e+00	1.252678e+00	3.306254e-01	3.814624e-01	3.279015e-01	1.623058e-01	4.164165e-02	8.953702e-01	8.267881e-01	7.671100e+00	
53  23.8545	3.526786e+00	-6.806583e+00	8.450460e-01	-1.336071e+00	1.287928e+00	2.488446e+00	4.101039e-01	2.941589e-01	1.467524e-01	6.383613e-02	9.932027e-01	8.267881e-01	7.671100e+00	
9  24.9988	3.287021e+00	-7.983893e+00	7.627699e-01	-7.744913e-01	1.276712e+00	1.827276e+00	4.108251e-01	2.953164e-01	1.474595e-01	6.177073e-02	9.989278e-01	8.243723e-01	7.671100e+00	
10  27.8799	3.287021e+00	-7.983893e+00	4.507929e-01	-4.082532e-01	1.341742e+00	8.507601e-01	4.006130e-01	3.579929e-01	1.482770e-01	5.515275e-02	9.559094e-01	8.243723e-01	7.671100e+00	
6  29.1555	3.287021e+00	-7.983893e+00	6.455975e-01	-1.912124e+00	1.268663e+00	2.038535e+00	4.376919e-01	3.687815e-01	1.565279e-01	9.152288e-02	8.210808e-01	8.243723e-01	7.671100e+00	
2  28.5053	3.287021e+00	-7.983893e+00	5.932724e-01	3.967465e-01	1.253242e+00	3.883403e+00	4.102382e-01	3.417088e-01	1.624326e-01	1.180675e-01	9.087199e-01	8.243723e-01	7.671100e+00	
11  27.9382	3.287021e+00	-7.983893e+00	6.588265e-01	-5.976345e-01	1.216091e+00	-5.556187e-01	4.176413e-01	3.475179e-01	1.963839e-01	1.055788e-01	9.171655e-01	8.243723e-01	7.671100e+00	
11  24.0933	3.287021e+00	-7.983893e+00	5.894738e-01	-2.161153e+00	1.399261e+00	-4.846707e+00	3.904029e-01	3.157654e-01	2.271394e-01	8.405869e-02	7.812633e-01	8.243723e-01	7.671100e+00	
6  23.0638	3.287021e+00	-7.983893e+00	5.674459e-01	-3.766172e+00	1.386162e+00	-3.379533e+00	4.044726e-01	3.032658e-01	2.297141e-01	1.110183e-01	8.792335e-01	8.243723e-01	7.671100e+00	
2  24.6497	3.160102e+00	-7.446235e+00	5.472886e-01	-3.492510e+00	1.366014e+00	-3.804706e+00	4.040207e-01	3.050373e-01	2.295316e-01	1.086417e-01	8.816077e-01	8.279950e-01	7.671100e+00	
35  24.4121	3.160102e+00	-7.446235e+00	7.289627e-01	-3.615426e+00	1.508902e+00	-2.070730e+00	4.063716e-01	2.687172e-01	2.158816e-01	9.989341e-02	6.076618e-01	8.279950e-01	7.671100e+00	
7  23.0105	3.160102e+00	-7.446235e+00	6.517725e-01	-4.566951e+00	1.492684e+00	-2.354264e+00	3.864242e-01	2.704874e-01	2.164713e-01	1.253064e-01	5.302318e-01	8.279950e-01	7.671100e+00	
43  21.5874	2.998896e+00	-6.553449e+00	6.303998e-01	-4.223631e+00	1.464524e+00	-2.907885e+00	3.856996e-01	2.729471e-01	2.161389e-01	1.220558e-01	5.331287e-01	8.258466e-01	7.671100e+00	
23  22.1341	3.288606e+00	-5.862098e+00	7.150786e-01	-4.887322e+00	1.487028e+00	-2.061630e+00	3.853533e-01	2.708186e-01	2.156351e-01	1.253597e-01	5.266244e-01	8.246503e-01	7.671100e+00	
77  21.0582	3.091671e+00	-3.134956e+00	7.219496e-01	-4.501192e+00	1.432594e+00	-2.843941e+00	3.832931e-01	2.754571e-01	2.144442e-01	1.195798e-01	5.292381e-01	8.272834e-01	7.671100e+00	
102  21.4435	2.970389e+00	-4.970954e+00	6.553314e-01	-4.191894e+00	1.442105e+00	-3.098049e+00	3.845486e-01	2.748042e-01	2.153968e-01	1.199062e-01	5.328355e-01	8.295017e-01	7.671100e+00	
3  22.8822	2.970389e+00	-4.970954e+00	6.162520e-01	-4.533386e+00	1.490227e+00	-8.463069e-01	3.839543e-01	2.860340e-01	2.112086e-01	1.039500e-01	5.096488e-01	8.295017e-01	7.671100e+00	
4  24.5729	2.970389e+00	-4.970954e+00	4.563337e-01	-1.306844e+00	1.581532e+00	-3.380798e+00	3.926732e-01	2.895287e-01	2.073569e-01	6.265514e-02	5.657622e-01	8.295017e-01	7.671100e+00	
3  23.9324	3.019341e+00	-4.090713e+00	4.860275e-01	-1.434514e+00	1.575989e+00	-3.287249e+00	3.920665e-01	2.899312e-01	2.069057e-01	6.236952e-02	5.642315e-01	8.283173e-01	7.671100e+00	
15  24.9424	3.019341e+00	-4.090713e+00	6.864358e-01	-2.883361e+00	1.443414e+00	1.474138e-01	3.823221e-01	2.818129e-01	1.585749e-01	4.823936e-02	3.956824e-01	8.283173e-01	7.671100e+00	
3  25.87	3.019341e+00	-4.090713e+00	8.455568e-01	-4.564281e+00	1.440029e+00	4.294092e-01	3.934733e-01	2.934043e-01	1.565949e-01	8.919051e-02	3.234522e-01	8.283173e-01	7.671100e+00	
18  23.9149	3.019341e+00	-4.090713e+00	5.060393e-01	-4.608182e+00	1.333436e+00	-3.907651e+00	3.740589e-01	3.283703e-01	2.045605e-01	1.051014e-01	5.162667e-01	8.283173e-01	7.671100e+00	
2  23.0693	3.019341e+00	-4.090713e+00	4.639308e-01	-4.445181e+00	1.449757e+00	-3.102343e+00	3.691149e-01	3.230612e-01	2.204415e-01	1.019139e-01	4.927921e-01	8.283173e-01	7.671100e+00	
27  22.1922	3.019341e+00	-4.090713e+00	4.797137e-01	-3.486833e+00	1.382722e+00	-1.719139e+00	3.843425e-01	3.755622e-01	1.891581e-01	5.688239e-02	6.053881e-01	8.283173e-01	7.671100e+00	
10  21.2863	3.019341e+00	-4.090713e+00	5.504123e-01	-3.777850e+00	1.441928e+00	-1.837220e+00	3.720619e-01	3.597185e-01	1.982985e-01	6.087247e-02	5.514855e-01	8.283173e-01	7.671100e+00	
22  20.7295	3.019896e+00	-7.142074e+00	4.890519e-01	-3.717032e+00	1.479340e+00	-1.637898e+00	3.742532e-01	3.566670e-01	1.997617e-01	6.425320e-02	5.531991e-01	8.278336e-01	7.671100e+00	
10  21.9046	3.228294e+00	-7.254688e+00	5.376722e-01	-4.182043e+00	1.502994e+00	-9.896566e-01	3.744420e-01	3.545271e-01	1.996918e-01	6.730404e-02	5.488652e-01	8.267882e-01	7.671100e+00	
22  21.2383	3.038167e+00	-5.101253e+00	5.346434e-01	-3.799510e+00	1.456311e+00	-1.713874e+00	3.727972e-01	3.585266e-01	1.987720e-01	6.225386e-02	5.516597e-01	8.265298e-01	7.671100e+00	
12  20.7793	3.038722e+00	-6.973001e+00	4.970565e-01	-3.762685e+00	1.479282e+00	-1.590947e+00	3.741415e-01	3.566527e-01	1.996694e-01	6.433067e-02	5.527062e-01	8.261473e-01	7.671100e+00	
11  20.7724	3.393735e+00	-4.207736e+00	6.394788e-01	-4.614990e+00	1.483380e+00	-6.781587e-01	3.723399e-01	3.559592e-01	1.981322e-01	6.625910e-02	5.436513e-01	8.240047e-01	7.671100e+00	
10  20.4842	3.203982e+00	-5.926194e+00	5.585091e-01	-4.154547e+00	1.484133e+00	-1.150469e+00	3.734755e-01	3.560898e-01	1.990691e-01	6.549414e-02	5.486271e-01	8.264076e-01	7.671100e+00	
12  20.774	2.982827e+00	-7.189559e+00	4.790429e-01	-3.632945e+00	1.475959e+00	-1.748832e+00	3.742681e-01	3.569803e-01	1.998065e-01	6.378516e-02	5.540082e-01	8.242124e-01	7.671100e+00	
44  20.2745	3.001971e+00	-4.609943e+00	5.357063e-01	-3.728340e+00	1.446427e+00	-1.857015e+00	3.724257e-01	3.593692e-01	1.985579e-01	6.120251e-02	5.521457e-01	8.276325e-01	7.671100e+00	
19  20.775	2.957244e+00	-6.996227e+00	4.766921e-01	-3.579512e+00	1.470858e+00	-1.840034e+00	3.741160e-01	3.574222e-01	1.997289e-01	6.321222e-02	5.544387e-01	8.249803e-01	7.671100e+00	
7  26.1932	2.957244e+00	-6.996227e+00	2.740867e-01	-2.942285e+00	1.541253e+00	-3.364792e+00	3.946925e-01	3.494529e-01	1.860154e-01	9.227837e-02	6.438810e-01	8.249803e-01	7.671100e+00	
16  24.3018	2.957244e+00	-6.996227e+00	3.417066e-01	-2.944245e+00	1.647648e+00	-1.870128e-01	3.970299e-01	3.580374e-01	2.015230e-01	7.255577e-02	8.876730e-01	8.249803e-01	7.671100e+00	
7  24.2996	2.957244e+00	-6.996227e+00	6.625165e-01	-3.254529e+00	1.697615e+00	-3.812662e+00	3.916298e-01	3.372314e-01	2.127048e-01	9.306856e-02	6.743510e-01	8.249803e-01	7.671100e+00	
2  25.3557	2.957244e+00	-6.996227e+00	8.679132e-01	-3.449222e+00	1.568488e+00	-2.144643e+00	3.980170e-01	3.129093e-01	2.027394e-01	5.699233e-02	6.675996e-01	8.249803e-01	7.671100e+00	
3  25.6805	2.957244e+00	-6.996227e+00	6.394679e-01	-2.582092e+00	1.531661e+00	-1.340528e+00	4.080174e-01	2.915482e-01	1.942368e-01	3.207865e-02	7.386119e-01	8.249803e-01	7.671100e+00	
15  25.6467	3.127915e+00	-6.242252e+00	6.963400e-01	-2.980128e+00	1.540674e+00	-8.644456e-01	4.075645e-01	2.906404e-01	1.937738e-01	3.364178e-02	7.345842e-01	8.256820e-01	7.671100e+00	
19  23.9563	3.127915e+00	-6.242252e+00	6.552800e-01	-4.231756e+00	1.643034e+00	-1.837492e+00	4.131834e-01	2.947753e-01	1.839331e-01	3.124065e-02	7.143844e-01	8.256820e-01	7.671100e+00	
9  22.6575	3.139737e+00	-5.697085e+00	6.691539e-01	-4.269353e+00	1.637624e+00	-1.836439e+00	4.127980e-01	2.952045e-01	1.836646e-01	3.080403e-02	7.138267e-01	8.279287e-01	7.671100e+00	
34  23.7614	3.139737e+00	-5.697085e+00	6.676066e-01	-4.416159e+00	1.644495e+00	-2.565041e+00	4.448182e-01	2.894410e-01	1.855026e-01	3.675224e-02	6.166886e-01	8.279287e-01	7.671100e+00	
1  24.1236	3.177007e+00	-7.622021e+00	6.379135e-01	-4.460580e+00	1.672042e+00	-2.325748e+00	4.462197e-01	2.871568e-01	1.864037e-01	3.940340e-02	6.169905e-01	8.253563e-01	7.671100e+00	
10  24.5271	2.821763e+00	-4.946259e+00	6.050910e-01	-3.718424e+00	1.601316e+00	-3.591623e+00	4.441143e-01	2.932842e-01	1.853315e-01	3.145727e-02	6.229739e-01	8.250435e-01	7.671100e+00	
22  23.5454	2.971818e+00	-6.156614e+00	6.173407e-01	-4.030281e+00	1.632171e+00	-3.051729e+00	4.450612e-01	2.906160e-01	1.858228e-01	3.490228e-02	6.204918e-01	8.284332e-01	7.671100e+00	
56  23.2671	3.151487e+00	-4.926638e+00	6.860031e-01	-4.458176e+00	1.636319e+00	-2.578800e+00	4.442711e-01	2.900958e-01	1.851261e-01	3.606559e-02	6.160050e-01	8.251553e-01	7.671100e+00	
70  24.06	3.217841e+00	-4.774141e+00	7.052798e-01	-4.610067e+00	1.641545e+00	-2.384598e+00	4.441960e-01	2.896025e-01	1.850136e-01	3.682877e-02	6.145186e-01	8.290489e-01	7.671100e+00	
16  24.2999	3.217841e+00	-4.774141e+00	3.496269e-01	-3.993903e+00	1.670185e+00	-4.988167e+00	4.246046e-01	3.202368e-01	2.135258e-01	6.495651e-02	5.464767e-01	8.290489e-01	7.671100e+00	
2  21.8118	3.217841e+00	-4.774141e+00	6.487852e-01	-2.615358e+00	1.599792e+00	-4.150779e+00	4.224743e-01	2.918698e-01	2.325409e-01	7.095960e-02	4.952739e-01	8.290489e-01	7.671100e+00	
19  21.4459	3.311849e+00	-5.102094e+00	6.651320e-01	-2.819486e+00	1.613855e+00	-3.840410e+00	4.227585e-01	2.906278e-01	2.326424e-01	7.264219e-02	4.934755e-01	8.227137e-01	7.671100e+00	
3  21.4988	3.311849e+00	-5.102094e+00	1.014880e+00	-4.529466e+00	1.603257e+00	-2.891932e+00	4.269791e-01	2.967260e-01	2.239797e-01	9.274407e-02	4.482949e-01	8.227137e-01	7.671100e+00	
21  21.992	3.290516e+00	-4.290529e+00	1.026026e+00	-4.498138e+00	1.591042e+00	-3.010102e+00	4.263853e-01	2.977438e-01	2.236032e-01	9.154742e-02	4.482862e-01	8.243527e-01	7.671100e+00	
11  21.1709	3.256578e+00	-3.119348e+00	1.041342e+00	-4.445856e+00	1.573078e+00	-3.190333e+00	4.255268e-01	2.992431e-01	2.230616e-01	8.977623e-02	4.483401e-01	8.264918e-01	7.671100e+00	
62  21.1524	3.227891e+00	-4.158633e+00	1.013392e+00	-4.360393e+00	1.582734e+00	-3.211252e+00	4.262581e-01	2.984847e-01	2.235771e-01	9.052223e-02	4.495331e-01	8.267846e-01	7.671100e+00	
15  21.4635	3.227891e+00	-4.158633e+00	6.867923e-01	-4.710068e+00	1.557692e+00	-2.772011e+00	4.258994e-01	3.267685e-01	2.111038e-01	5.249002e-02	4.808221e-01	8.267846e-01	7.671100e+00	
23  22.1531	3.286724e+00	-5.332577e+00	6.774999e-01	-4.818115e+00	1.578351e+00	-2.515037e+00	4.267728e-01	3.250242e-01	2.116319e-01	5.461383e-02	4.802443e-01	8.242592e-01	7.671100e+00	
21  22.2094	3.080600e+00	-5.943571e+00	6.148518e-01	-4.343488e+00	1.563798e+00	-3.109419e+00	4.271048e-01	3.264197e-01	2.120474e-01	5.239480e-02	4.849394e-01	8.218744e-01	7.671100e+00	
3  22.2139	3.160597e+00	-3.802665e+00	6.775333e-01	-4.566410e+00	1.546142e+00	-3.002036e+00	4.256089e-01	3.277786e-01	2.109730e-01	5.115158e-02	4.820409e-01	8.257607e-01	7.671100e+00	
75  20.673	3.160597e+00	-3.802665e+00	6.241041e-01	-4.719571e+00	1.666431e+00	-3.343359e+00	4.069535e-01	3.354058e-01	2.038917e-01	8.014992e-02	5.272225e-01	8.257607e-01	7.671100e+00	
15  21.1325	3.171404e+00	-4.166896e+00	6.194028e-01	-4.736398e+00	1.672045e+00	-3.286530e+00	4.072206e-01	3.349371e-01	2.040600e-01	8.070431e-02	5.272004e-01	8.273963e-01	7.671100e+00	
6  23.5637	3.171404e+00	-4.166896e+00	5.142795e-01	-4.616089e+00	1.536796e+00	-1.805700e+00	4.010777e-01	3.729798e-01	1.935736e-01	1.136481e-01	6.185568e-01	8.273963e-01	7.671100e+00	
10  23.9326	2.745781e+00	-6.089010e+00	3.716071e-01	-3.622602e+00	1.514830e+00	-2.990260e+00	4.022373e-01	3.752020e-01	1.947484e-01	1.097961e-01	6.286251e-01	8.288287e-01	7.671100e+00	
3  22.5737	2.745781e+00	-6.089010e+00	4.470029e-01	-4.578463e+00	1.352967e+00	-1.850958e+00	3.770589e-01	4.053824e-01	2.133644e-01	9.475234e-02	7.379167e-01	8.288287e-01	7.671100e+00	
20  22.4559	2.745781e+00	-6.089010e+00	4.700523e-01	-4.172986e+00	1.417645e+00	-4.028144e+00	3.873970e-01	3.714195e-01	2.211904e-01	7.042208e-02	7.675585e-01	8.288287e-01	7.671100e+00	
6  21.0951	2.893690e+00	-7.070371e+00	4.863929e-01	-4.484689e+00	1.445468e+00	-3.509681e+00	3.881783e-01	3.690008e-01	2.215732e-01	7.358382e-02	7.649923e-01	8.257984e-01	7.671100e+00	
5  22.3717	2.893690e+00	-7.070371e+00	5.579705e-01	-2.539813e+00	1.484839e+00	-2.584964e+00	3.666925e-01	3.460226e-01	2.077313e-01	3.160673e-02	7.216443e-01	8.257984e-01	7.671100e+00	
25  22.5216	3.523746e+00	-4.884542e+00	7.558791e-01	-3.997074e+00	1.525428e+00	-7.887305e-01	3.654494e-01	3.420748e-01	2.063085e-01	3.803785e-02	7.071130e-01	8.276634e-01	7.671100e+00	
2  23.924	3.523746e+00	-4.884542e+00	9.683054e-01	-4.148749e+00	1.468218e+00	-9.225190e-01	3.511703e-01	3.006663e-01	2.248628e-01	5.448575e-02	6.734639e-01	8.276634e-01	7.671100e+00	
4  24.8199	3.523746e+00	-4.884542e+00	1.062422e+00	3.532530e-01	1.385680e+00	-6.248652e-02	3.895699e-01	2.803498e-01	1.957669e-01	6.146583e-02	8.856813e-01	8.276634e-01	7.671100e+00	
5  27.1244	3.523746e+00	-4.884542e+00	1.134554e+00	1.266221e+00	1.318965e+00	1.427579e+00	3.379868e-01	3.010956e-01	2.273250e-01	7.248739e-02	8.866565e-01	8.276634e-01	7.671100e+00	
2  28.875	3.523746e+00	-4.884542e+00	1.012047e+00	-6.079901e-01	1.252644e+00	-3.144968e+00	3.385120e-01	3.373423e-01	2.408055e-01	7.743447e-02	8.450406e-01	8.276634e-01	7.671100e+00	
23  27.181	3.523746e+00	-4.884542e+00	5.386526e-01	3.895458e+00	1.479345e+00	-4.716433e+00	3.363854e-01	2.981582e-01	2.833633e-01	1.304925e-01	9.320846e-01	8.276634e-01	7.671100e+00	
26  26.4663	3.523746e+00	-4.884542e+00	1.652893e-01	2.740547e+00	1.639051e+00	-4.663648e+00	3.678213e-01	3.420684e-01	3.030736e-01	1.255559e-01	9.630294e-01	8.276634e-01	7.671100e+00	
1  24.442	3.523746e+00	-4.884542e+00	6.597011e-01	-8.904679e-01	1.475615e+00	-4.024326e+00	3.690134e-01	3.291535e-01	2.340886e-01	1.562722e-01	8.004799e-01	8.276634e-01	7.671100e+00	
13  24.2897	3.660404e+00	-7.171939e+00	6.469730e-01	-1.150379e+00	1.518223e+00	-3.455883e+00	3.707267e-01	3.255404e-01	2.351045e-01	1.607197e-01	7.988895e-01	8.284789e-01	7.671100e+00	
4  22.7769	3.660404e+00	-7.171939e+00	6.593457e-01	-2.038641e+00	1.470242e+00	-3.307242e+00	3.848734e-01	3.180666e-01	2.291024e-01	1.663094e-01	7.780022e-01	8.284789e-01	7.671100e+00	
13  23.6745	3.660404e+00	-7.171939e+00	7.859813e-01	3.328568e-01	1.514360e+00	-3.244837e+00	3.950284e-01	3.039893e-01	2.588087e-01	1.341691e-01	7.386627e-01	8.284789e-01	7.671100e+00	
10  23.8826	3.660404e+00	-7.171939e+00	7.597182e-01	2.034152e-01	1.469012e+00	-3.011514e+00	3.884624e-01	2.853681e-01	2.602743e-01	1.549712e-01	8.206981e-01	8.284789e-01	7.671100e+00	
3  24.871	3.660404e+00	-7.171939e+00	6.118509e-01	4.987644e-01	1.568077e+00	-2.522791e+00	3.901274e-01	3.086350e-01	2.247826e-01	1.537737e-01	7.651297e-01	8.284789e-01	7.671100e+00	
45  22.741	3.660404e+00	-7.171939e+00	5.433053e-01	-1.684758e+00	1.536556e+00	-3.145102e+00	4.058589e-01	2.906939e-01	2.256850e-01	1.473100e-01	7.923884e-01	8.284789e-01	7.671100e+00	
8  23.2113	3.604154e+00	-6.192936e+00	5.492997e-01	-1.578538e+00	1.518559e+00	-3.381508e+00	4.051267e-01	2.922185e-01	2.252489e-01	1.454380e-01	7.930219e-01	8.266468e-01	7.671100e+00	
2  23.7575	3.604154e+00	-6.192936e+00	2.382998e-01	-1.251241e+00	1.586922e+00	-3.540899e+00	3.724982e-01	3.355994e-01	2.465466e-01	1.434975e-01	9.787635e-01	8.266468e-01	7.671100e+00	
2  23.8672	3.604154e+00	-6.192936e+00	3.706306e-01	-1.989224e+00	1.293353e+00	-4.187362e+00	3.499439e-01	3.576271e-01	2.516115e-01	1.079014e-01	9.516834e-01	8.266468e-01	7.671100e+00	
4  23.6156	3.407681e+00	-7.896815e+00	2.883137e-01	-1.514009e+00	1.293210e+00	-4.681284e+00	3.510656e-01	3.578377e-01	2.525454e-01	1.070260e-01	9.567927e-01	8.283998e-01	7.671100e+00	
51  22.1592	3.407681e+00	-7.896815e+00	2.015640e-01	-1.145701e+00	1.358483e+00	-2.021925e+00	3.633040e-01	3.489313e-01	2.767414e-01	8.786650e-02	9.495841e-01	8.283998e-01	7.671100e+00	
16  22.3231	3.492189e+00	-3.825504e+00	3.042516e-01	-1.418002e+00	1.317678e+00	-2.025686e+00	3.604244e-01	3.521734e-01	2.747385e-01	8.455277e-02	9.454989e-01	8.304379e-01	7.671100e+00	
8  23.6277	3.492189e+00	-3.825504e+00	2.130299e-01	-2.223663e+00	1.415736e+00	-1.704023e+00	3.478914e-01	3.410822e-01	2.520419e-01	6.621111e-02	9.444590e-01	8.304379e-01	7.671100e+00	
4  25.9094	3.492189e+00	-3.825504e+00	5.305886e-01	-2.687172e+00	1.367269e+00	-1.947085e+00	3.500867e-01	4.035716e-01	2.813845e-01	9.338692e-02	7.865787e-01	8.304379e-01	7.671100e+00	
1  26.3882	3.492189e+00	-3.825504e+00	5.600322e-01	-8.731154e-01	1.281345e+00	-1.291813e+00	3.597232e-01	3.776728e-01	2.681471e-01	8.949575e-02	9.045007e-01	8.304379e-01	7.671100e+00	
11  23.8109	3.492189e+00	-3.825504e+00	4.980964e-01	-1.291410e-01	1.226611e+00	-2.424233e+00	3.644099e-01	3.735981e-01	2.805440e-01	4.737673e-02	9.021240e-01	8.304379e-01	7.671100e+00	
6  28.5328	3.492189e+00	-3.825504e+00	2.017135e-01	8.955191e-01	1.192799e+00	-3.211113e+00	3.445703e-01	3.832143e-01	2.965057e-01	4.579122e-02	9.081412e-01	8.304379e-01	7.671100e+00	
18  27.816	3.492189e+00	-3.825504e+00	3.922113e-01	1.021738e+00	1.053474e+00	-3.606352e+00	3.625434e-01	3.902336e-01	2.709759e-01	1.282173e-01	9.178664e-01	8.304379e-01	7.671100e+00	
18  26.2524	3.492189e+00	-3.825504e+00	8.019133e-01	-1.176493e+00	1.021831e+00	-2.060919e+00	4.073117e-01	3.857137e-01	3.097924e-01	1.115688e-01	8.518780e-01	8.304379e-01	7.671100e+00	
6  25.1123	3.492189e+00	-3.825504e+00	7.363644e-01	-6.257997e-01	1.087792e+00	-1.333657e+00	3.775239e-01	3.622961e-01	2.760338e-01	7.365163e-02	8.537216e-01	8.304379e-01	7.671100e+00	
10  27.0236	3.074540e+00	-3.300537e+00	6.449567e-01	3.000364e-01	1.036724e+00	-2.652173e+00	3.769305e-01	3.668836e-01	2.760302e-01	6.720666e-02	8.622380e-01	8.256021e-01	7.671100e+00	
3  25.0727	3.472483e+00	-4.003568e+00	7.279638e-01	-5.779909e-01	1.087866e+00	-1.382732e+00	3.776415e-01	3.623101e-01	2.761309e-01	7.357175e-02	8.542381e-01	8.266254e-01	7.671100e+00	
32  22.6523	3.472483e+00	-4.003568e+00	5.365798e-01	-3.527081e+00	1.266527e+00	-3.851310e+00	3.645408e-01	3.437034e-01	3.026513e-01	1.211859e-01	7.829923e-01	8.266254e-01	7.671100e+00	
5  23.7944	3.472483e+00	-4.003568e+00	5.226535e-01	-2.931378e+00	1.314310e+00	-2.717842e+00	3.872410e-01	3.687175e-01	2.692956e-01	1.421150e-01	7.770583e-01	8.266254e-01	7.671100e+00	
2  26.6602	3.472483e+00	-4.003568e+00	4.167940e-01	-3.673015e-01	1.331928e+00	-3.533704e+00	4.003568e-01	3.999172e-01	2.965585e-01	1.799373e-01	8.286571e-01	8.266254e-01	7.671100e+00	
82  27.5413	3.472483e+00	-4.003568e+00	1.310450e-01	5.163028e-01	1.236136e+00	-3.405185e+00	4.097776e-01	4.033142e-01	3.037979e-01	1.955489e-01	9.047951e-01	8.266254e-01	7.671100e+00	
8  26.1268	3.472483e+00	-4.003568e+00	7.598996e-02	2.710789e+00	1.263040e+00	-1.804108e+00	4.205342e-01	4.197548e-01	2.748957e-01	1.619652e-01	9.963709e-01	8.266254e-01	7.671100e+00	
41  25.9137	3.446822e+00	-3.316910e+00	8.356230e-02	2.754363e+00	1.251892e+00	-1.927501e+00	4.200279e-01	4.206899e-01	2.745816e-01	1.608459e-01	9.965241e-01	8.256355e-01	7.671100e+00	
43  26.3628	3.446822e+00	-3.316910e+00	1.654407e-01	1.574634e+00	1.136647e+00	-2.182571e+00	3.927794e-01	4.244251e-01	2.887430e-01	1.690914e-01	9.609333e-01	8.256355e-01	7.671100e+00	
3  26.2047	3.446822e+00	-3.316910e+00	2.673561e-01	-2.900561e+00	1.090847e+00	-1.531804e+00	3.968225e-01	4.095449e-01	2.994157e-01	1.370968e-01	8.824522e-01	8.256355e-01	7.671100e+00	
21  25.7599	3.446822e+00	-3.316910e+00	1.822728e-01	-5.634068e-01	1.234653e+00	-9.428859e-01	3.873065e-01	3.760158e-01	2.751770e-01	1.197530e-01	8.712525e-01	8.256355e-01	7.671100e+00	
11  26.5581	3.446822e+00	-3.316910e+00	1.839579e-01	-3.261974e+00	1.311045e+00	-3.086331e+00	3.651781e-01	3.652967e-01	2.967529e-01	1.224202e-01	7.974471e-01	8.256355e-01	7.671100e+00	
9  24.9745	3.446822e+00	-3.316910e+00	1.541741e-01	-2.637114e+00	1.217994e+00	-1.160881e+00	3.717725e-01	3.704547e-01	2.492690e-01	8.363890e-02	9.107541e-01	8.256355e-01	7.671100e+00	
12  24.3404	3.446822e+00	-3.316910e+00	2.521690e-01	-1.649606e+00	1.287270e+00	-2.268414e-02	3.702338e-01	3.552136e-01	2.004199e-01	1.154401e-01	9.633707e-01	8.256355e-01	7.671100e+00	
1  26.2048	3.446822e+00	-3.316910e+00	1.698329e-01	-4.173513e+00	1.359410e+00	3.800227e-01	3.645226e-01	3.251126e-01	2.271647e-01	1.330414e-01	9.158982e-01	8.256355e-01	7.671100e+00	
8  26.4543	3.446822e+00	-3.316910e+00	2.712223e-01	-3.355637e+00	1.232191e+00	-1.341850e+00	3.694380e-01	3.004178e-01	2.185735e-01	1.705161e-01	9.745532e-01	8.256355e-01	7.671100e+00	
20  26.4098	3.446822e+00	-3.316910e+00	3.986738e-01	-4.575602e+00	1.365782e+00	1.669910e+00	3.643069e-01	2.995038e-01	2.069692e-01	1.573663e-01	8.638718e-01	8.256355e-01	7.671100e+00	
11  27.3692	3.446822e+00	-3.316910e+00	3.364360e-01	-4.700272e+00	1.219930e+00	2.976358e-01	3.588071e-01	2.920503e-01	1.935087e-01	1.390367e-01	9.389231e-01	8.256355e-01	7.671100e+00	
8  26.6175	3.446822e+00	-3.316910e+00	7.949948e-01	-3.580400e+00	1.207267e+00	3.804108e+00	3.760323e-01	2.939049e-01	1.556626e-01	1.143398e-01	9.528618e-01	8.256355e-01	7.671100e+00	
6  27.2877	3.667658e+00	-5.308923e+00	8.087757e-01	-4.035075e+00	1.255257e+00	4.612319e+00	3.775771e-01	2.897677e-01	1.564868e-01	1.196427e-01	9.493280e-01	8.266738e-01	7.671100e+00	
9  27.9006	3.667658e+00	-5.308923e+00	9.562445e-01	-3.725349e+00	1.099152e+00	4.746077e+00	3.892328e-01	3.224329e-01	1.564915e-01	9.847587e-02	6.707743e-01	8.266738e-01	7.671100e+00	
8  26.2851	3.667658e+00	-5.308923e+00	7.237202e-01	-4.654258e+00	1.337943e+00	4.836419e+00	4.067581e-01	2.965599e-01	1.900105e-01	7.790520e-02	5.463137e-01	8.266738e-01	7.671100e+00	
2  29.0238	3.667658e+00	-5.308923e+00	8.074722e-01	-1.146184e+00	1.339358e+00	4.474121e+00	4.029025e-01	3.086470e-01	2.010193e-01	1.074743e-01	5.391997e-01	8.266738e-01	7.671100e+00	
5  28.6093	3.667658e+00	-5.308923e+00	7.029947e-01	2.282870e+00	1.324416e+00	2.204819e+00	4.065407e-01	3.399975e-01	1.790289e-01	7.174692e-02	7.019663e-01	8.266738e-01	7.671100e+00	
4  29.0449	3.667658e+00	-5.308923e+00	5.932340e-01	3.239539e+00	1.466855e+00	2.726335e+00	4.060747e-01	3.242432e-01	2.295908e-01	7.915581e-02	8.355052e-01	8.266738e-01	7.671100e+00	
1  29.1941	3.667658e+00	-5.308923e+00	7.588802e-01	2.520784e+00	1.489223e+00	4.118756e+00	3.761417e-01	3.307382e-01	2.284719e-01	6.118522e-02	7.758537e-01	8.266738e-01	7.671100e+00	
2  27.8786	3.667658e+00	-5.308923e+00	4.502508e-01	7.922940e-01	1.448127e+00	2.967282e+00	3.633876e-01	3.711016e-01	2.243473e-01	7.162882e-02	7.990295e-01	8.266738e-01	7.671100e+00	
2  26.2198	3.667658e+00	-5.308923e+00	3.232590e-01	7.038416e-01	1.622743e+00	2.995427e+00	3.934392e-01	3.486784e-01	2.182921e-01	6.090686e-02	7.724351e-01	8.266738e-01	7.671100e+00	
3  24.1033	3.667658e+00	-5.308923e+00	2.750282e-01	-1.893470e+00	1.494440e+00	-1.284547e+00	3.713728e-01	3.599787e-01	2.469954e-01	5.522484e-02	7.060820e-01	8.266738e-01	7.671100e+00	
2  23.6654	3.667658e+00	-5.308923e+00	3.281059e-01	-1.209655e+00	1.301278e+00	1.054548e-01	4.021423e-01	3.555253e-01	2.264970e-01	5.240610e-02	8.424690e-01	8.266738e-01	7.671100e+00	
6  24.57	3.527044e+00	-4.477602e+00	3.105228e-01	-9.112581e-01	1.276072e+00	-3.808552e-01	4.014725e-01	3.577233e-01	2.261818e-01	4.951265e-02	8.449662e-01	8.230708e-01	7.671100e+00	
9  23.3553	3.527044e+00	-4.477602e+00	5.062657e-01	-4.096999e+00	1.245948e+00	-1.383433e+00	4.081359e-01	3.643002e-01	2.576360e-01	8.091456e-02	8.214916e-01	8.230708e-01	7.671100e+00	
3  23.9134	3.527044e+00	-4.477602e+00	5.769689e-01	-2.099590e+00	1.343810e+00	-3.617865e+00	4.036216e-01	3.293782e-01	2.481109e-01	8.176469e-02	8.447961e-01	8.230708e-01	7.671100e+00	
25  23.7677	3.527044e+00	-4.477602e+00	5.665126e-01	-2.731870e+00	1.538649e+00	-4.368640e+00	4.162342e-01	3.719891e-01	2.317498e-01	4.768181e-02	7.035910e-01	8.230708e-01	7.671100e+00	
6  23.5336	3.610651e+00	-4.893188e+00	5.785532e-01	-2.910892e+00	1.552672e+00	-4.084586e+00	4.165759e-01	3.707609e-01	2.318995e-01	4.931520e-02	7.020617e-01	8.262136e-01	7.671100e+00	
12  25.9706	3.610651e+00	-4.893188e+00	3.873391e-01	-9.112326e-01	1.599474e+00	-2.453444e+00	4.417291e-01	3.416239e-01	3.008682e-01	4.077427e-02	8.143063e-01	8.262136e-01	7.671100e+00	
10  26.0431	3.610651e+00	-4.893188e+00	4.079763e-01	-4.157483e+00	1.584398e+00	-3.025374e+00	4.634307e-01	3.907927e-01	2.973873e-01	4.754014e-02	7.224487e-01	8.262136e-01	7.671100e+00	
6  26.5018	3.610651e+00	-4.893188e+00	4.663419e-01	-3.413010e+00	1.669519e+00	-1.925339e+00	4.395669e-01	3.946595e-01	2.749337e-01	7.726571e-02	7.767896e-01	8.262136e-01	7.671100e+00	
10  24.0438	3.021504e+00	-4.968632e+00	3.209550e-01	-2.090406e+00	1.607469e+00	-3.732425e+00	4.393158e-01	4.003162e-01	2.753200e-01	6.907625e-02	7.892644e-01	8.277576e-01	7.671100e+00	
22  23.9892	2.735218e+00	-4.957397e+00	2.512720e-01	-1.448683e+00	1.576730e+00	-4.613651e+00	4.391593e-01	4.031127e-01	2.754847e-01	6.504378e-02	7.952992e-01	8.255198e-01	7.671100e+00	
11  24.7693	3.126213e+00	-4.873101e+00	3.484496e-01	-2.327142e+00	1.617492e+00	-3.416572e+00	4.393014e-01	3.993928e-01	2.752119e-01	7.044098e-02	7.870008e-01	8.271084e-01	7.671100e+00	
12  23.7858	2.799217e+00	-5.482188e+00	2.563238e-01	-1.581518e+00	1.589995e+00	-4.382828e+00	4.395693e-01	4.019662e-01	2.756984e-01	6.652256e-02	7.942455e-01	8.229048e-01	7.671100e+00	
10  24.1867	3.166153e+00	-5.949262e+00	3.365143e-01	-2.394814e+00	1.634935e+00	-3.224036e+00	4.400948e-01	3.979299e-01	2.757044e-01	7.219140e-02	7.867665e-01	8.272345e-01	7.671100e+00	
1  23.6015	3.203385e+00	-4.235789e+00	3.801387e-01	-2.513150e+00	1.617939e+00	-3.220497e+00	4.388838e-01	3.992782e-01	2.748604e-01	7.082016e-02	7.850120e-01	8.266153e-01	7.671100e+00	
9  25.7253	3.462460e+00	-3.988855e+00	4.483801e-01	-3.099109e+00	1.642609e+00	-2.439679e+00	4.388407e-01	3.970041e-01	2.745880e-01	7.418516e-02	7.794054e-01	8.269367e-01	7.671100e+00	
1  23.4545	3.462460e+00	-3.988855e+00	4.671309e-01	-4.749618e+00	1.489401e+00	-3.330153e+00	4.335390e-01	3.979702e-01	2.288749e-01	7.214994e-02	6.703365e-01	8.269367e-01	7.671100e+00	
18  23.7469	3.158306e+00	-5.130447e+00	3.698510e-01	-4.044381e+00	1.470864e+00	-4.191673e+00	4.342011e-01	3.997897e-01	2.296031e-01	6.914088e-02	6.774002e-01	8.252639e-01	7.671100e+00	
35  23.548	3.158306e+00	-5.130447e+00	3.817482e-01	-2.580203e+00	1.571543e+00	-1.596751e+00	3.873374e-01	3.797155e-01	2.362363e-01	3.277856e-02	6.544593e-01	8.252639e-01	7.671100e+00	
6  24.1065	3.158306e+00	-5.130447e+00	4.568603e-01	-3.712203e+00	1.418320e+00	-4.413763e+00	3.919111e-01	3.615883e-01	2.359559e-01	4.193064e-02	5.603189e-01	8.252639e-01	7.671100e+00	
6  24.026	3.158306e+00	-5.130447e+00	5.238658e-01	-2.165553e+00	1.370163e+00	-2.484135e+00	4.082458e-01	3.468407e-01	2.114645e-01	5.057789e-02	5.880165e-01	8.252639e-01	7.671100e+00	
20  25.422	3.158306e+00	-5.130447e+00	4.388059e-01	-4.175531e+00	1.377299e+00	-2.805700e+00	4.201592e-01	3.461818e-01	2.077618e-01	4.152370e-02	5.421931e-01	8.252639e-01	7.671100e+00	
7  21.7397	3.158306e+00	-5.130447e+00	5.335383e-01	-2.682622e+00	1.514294e+00	-4.747882e+00	4.024305e-01	3.245525e-01	2.241875e-01	9.370149e-02	5.596201e-01	8.252639e-01	7.671100e+00	
1  21.2002	3.158306e+00	-5.130447e+00	5.990830e-01	-4.724516e+00	1.542197e+00	-2.814079e+00	4.075933e-01	3.132839e-01	2.023652e-01	1.254869e-01	5.403870e-01	8.252639e-01	7.671100e+00	
6  20.5273	3.158306e+00	-5.130447e+00	5.735856e-01	-4.088264e+00	1.454722e+00	-3.549895e+00	3.878060e-01	3.205852e-01	2.147712e-01	1.090918e-01	4.695506e-01	8.252639e-01	7.671100e+00	
1  19.8517	3.523402e+00	-5.470597e+00	6.558848e-01	-4.900017e+00	1.497911e+00	-2.404981e+00	3.882394e-01	3.166935e-01	2.147174e-01	1.145945e-01	4.620387e-01	8.284836e-01	7.671100e+00	
33  19.5499	3.379934e+00	-5.230210e+00	6.256953e-01	-4.583201e+00	1.479633e+00	-2.861798e+00	3.879924e-01	3.183293e-01	2.146874e-01	1.123142e-01	4.649302e-01	8.280656e-01	7.671100e+00	
44  19.9824	3.142539e+00	-3.256197e+00	6.075083e-01	-4.091030e+00	1.430094e+00	-3.719769e+00	3.864520e-01	3.226096e-01	2.138817e-01	1.067986e-01	4.688236e-01	8.295843e-01	7.671100e+00	
21  19.5329	3.280807e+00	-4.875197e+00	6.086440e-01	-4.368146e+00	1.464692e+00	-3.189662e+00	3.876862e-01	3.196481e-01	2.145760e-01	1.105298e-01	4.668213e-01	8.250328e-01	7.671100e+00	
99  21.4162	3.126935e+00	-4.855352e+00	5.714690e-01	-4.023514e+00	1.448002e+00	-3.664196e+00	3.875922e-01	3.211650e-01	2.146579e-01	1.083472e-01	4.700571e-01	8.254953e-01	7.671100e+00	
12  21.3536	3.423443e+00	-4.920483e+00	6.425622e-01	-4.687064e+00	1.480493e+00	-2.748039e+00	3.877926e-01	3.182152e-01	2.145130e-01	1.125828e-01	4.638370e-01	8.222591e-01	7.671100e+00	
6  21.5355	3.508305e+00	-7.159278e+00	6.181653e-01	-4.831818e+00	1.516969e+00	-2.342049e+00	3.894441e-01	3.151546e-01	2.155363e-01	1.162492e-01	4.633121e-01	8.246965e-01	7.671100e+00	
4  22.6082	3.508305e+00	-7.159278e+00	8.011023e-01	-4.999090e+00	1.489153e+00	-4.867246e-01	3.700109e-01	3.170702e-01	1.913801e-01	8.081528e-02	5.998694e-01	8.246965e-01	7.671100e+00	
1  23.1239	3.341070e+00	-7.314948e+00	7.571272e-01	-4.620927e+00	1.473183e+00	-9.909866e-01	3.700360e-01	3.185419e-01	1.915541e-01	7.863904e-02	6.034864e-01	8.241134e-01	7.671100e+00	
21  22.5591	3.054725e+00	-6.844933e+00	6.966757e-01	-3.988402e+00	1.436822e+00	-1.902107e+00	3.695501e-01	3.217970e-01	1.914989e-01	7.409860e-02	6.092631e-01	8.242650e-01	7.671100e+00	
11  22.4547	2.928603e+00	-5.770805e+00	6.875249e-01	-3.727440e+00	1.410192e+00	-2.359570e+00	3.687135e-01	3.240963e-01	1.910587e-01	7.114025e-02	6.113172e-01	8.282240e-01	7.671100e+00	
11  22.0359	2.819020e+00	-7.512826e+00	6.256574e-01	-3.446286e+00	1.419804e+00	-2.583784e+00	3.699076e-01	3.234235e-01	1.919593e-01	7.152709e-02	6.146146e-01	8.235290e-01	7.671100e+00	
22  20.6063	3.229619e+00	-5.707719e+00	7.623027e-01	-4.403704e+00	1.441596e+00	-1.437855e+00	3.688242e-01	3.212307e-01	1.908495e-01	7.529741e-02	6.049295e-01	8.260940e-01	7.671100e+00	
1  22.579	2.837682e+00	-5.175725e+00	6.773155e-01	-3.535667e+00	1.393189e+00	-2.677745e+00	3.682391e-01	3.255750e-01	1.908273e-01	6.920573e-02	6.128994e-01	8.262987e-01	7.671100e+00	
8  23.0813	3.005511e+00	-3.454098e+00	7.529952e-01	-3.947012e+00	1.390054e+00	-2.273072e+00	3.670899e-01	3.256608e-01	1.899018e-01	6.965933e-02	6.083844e-01	8.250517e-01	7.671100e+00	
2  22.0394	3.005511e+00	-3.454098e+00	6.370749e-01	-4.635246e+00	1.446293e+00	-3.127254e+00	3.586845e-01	3.217787e-01	2.233497e-01	5.485677e-02	6.424339e-01	8.250517e-01	7.671100e+00	
20  21.4857	2.973820e+00	-4.332812e+00	6.116269e-01	-4.546312e+00	1.453662e+00	-3.167815e+00	3.592990e-01	3.212098e-01	2.237900e-01	5.538309e-02	6.435994e-01	8.273734e-01	7.671100e+00	
14  23.0644	2.973820e+00	-4.332812e+00	7.328549e-01	-3.066263e+00	1.491708e+00	-7.103291e-01	3.928026e-01	2.830899e-01	1.863403e-01	2.981715e-02	4.193212e-01	8.273734e-01	7.671100e+00	
4  23.3901	3.060861e+00	-4.275644e+00	7.552620e-01	-3.262602e+00	1.500312e+00	-4.463279e-01	3.928066e-01	2.823001e-01	1.862612e-01	3.097620e-02	4.174522e-01	8.275179e-01	7.671100e+00	
28  19.9254	3.060861e+00	-4.275644e+00	8.406984e-01	-4.687821e+00	1.453930e+00	2.307492e-01	3.795296e-01	2.961249e-01	1.815780e-01	5.294930e-02	2.202936e-01	8.275179e-01	7.671100e+00	
56  20.2159	3.037009e+00	-4.815307e+00	8.239977e-01	-4.623360e+00	1.457986e+00	1.923406e-01	3.799047e-01	2.958182e-01	1.818510e-01	5.321090e-02	2.211021e-01	8.257895e-01	7.671100e+00	
11  20.2224	2.714230e+00	-7.136485e+00	6.983969e-01	-3.852370e+00	1.451899e+00	-6.500668e-01	3.814042e-01	2.966414e-01	1.831560e-01	5.124422e-02	2.292257e-01	8.257898e-01	7.671100e+00	
44  19.7058	2.772838e+00	-3.770659e+00	7.805420e-01	-4.052245e+00	1.416961e+00	-6.877952e-01	3.790178e-01	2.994312e-01	1.815069e-01	4.834664e-02	2.260859e-01	8.245763e-01	7.671100e+00	
43  18.6294	2.865988e+00	-3.406408e+00	8.106296e-01	-4.268528e+00	1.422459e+00	-4.248947e-01	3.788045e-01	2.988886e-01	1.812769e-01	4.925202e-02	2.239143e-01	8.233277e-01	7.671100e+00	
1  19.0163	2.742046e+00	-4.254543e+00	7.632708e-01	-3.973358e+00	1.419594e+00	-7.511607e-01	3.793493e-01	2.992478e-01	1.817573e-01	4.844914e-02	2.270093e-01	8.287641e-01	7.671100e+00	
11  20.0588	2.810132e+00	-3.151903e+00	8.021191e-01	-4.148456e+00	1.413374e+00	-6.131665e-01	3.785928e-01	2.996861e-01	1.811880e-01	4.818636e-02	2.249491e-01	8.277130e-01	7.671100e+00	
4  18.9739	2.747724e+00	-5.803380e+00	7.334427e-01	-3.954588e+00	1.439160e+00	-6.333905e-01	3.804643e-01	2.976464e-01	1.824968e-01	5.024094e-02	2.277652e-01	8.248921e-01	7.671100e+00	
95  19.2685	2.747724e+00	-5.803380e+00	8.898686e-01	-4.871697e+00	1.373904e+00	-1.427514e+00	3.673457e-01	3.064801e-01	2.028183e-01	9.082427e-02	1.807788e-01	8.248921e-01	7.671100e+00	
110  20.8849	2.744301e+00	-7.253595e+00	8.598057e-01	-4.834525e+00	1.391291e+00	-1.344121e+00	3.683853e-01	3.050657e-01	2.035159e-01	9.237926e-02	1.816710e-01	8.267907e-01	7.671100e+00	
71  20.8553	2.770690e+00	-7.772246e+00	8.557972e-01	-4.883151e+00	1.400460e+00	-1.229368e+00	3.687713e-01	3.042912e-01	2.037490e-01	9.332313e-02	1.814074e-01	8.264686e-01	7.671100e+00	
7  20.939	2.770690e+00	-7.772246e+00	8.426042e-01	-4.992674e+00	1.469168e+00	-2.534526e+00	3.855743e-01	2.827560e-01	2.214377e-01	6.225867e-02	2.849814e-01	8.264686e-01	7.671100e+00	
19  22.531	2.770690e+00	-7.772246e+00	8.671781e-01	-3.324711e+00	1.462105e+00	-8.018846e-01	3.640351e-01	3.035285e-01	1.729462e-01	6.387512e-02	3.166636e-01	8.264686e-01	7.671100e+00	
4  22.329	2.770690e+00	-7.772246e+00	8.604495e-01	-4.145754e+00	1.508626e+00	-1.796713e+00	3.688164e-01	3.047655e-01	1.705828e-01	6.029521e-02	3.786791e-01	8.264686e-01	7.671100e+00	
8  23.4055	2.770690e+00	-7.772246e+00	6.665953e-01	-4.126098e+00	1.480835e+00	-2.941215e+00	3.934713e-01	2.862677e-01	1.687694e-01	4.803988e-02	5.055738e-01	8.264686e-01	7.671100e+00	
22  23.45	2.825879e+00	-7.244868e+00	6.907005e-01	-4.260575e+00	1.480278e+00	-2.805633e+00	3.931212e-01	2.862573e-01	1.684837e-01	4.823189e-02	5.041110e-01	8.275271e-01	7.671100e+00	
33  21.7511	2.926105e+00	-7.741832e+00	7.051595e-01	-4.475208e+00	1.497075e+00	-2.465195e+00	3.935300e-01	2.847860e-01	1.686625e-01	5.018861e-02	5.022770e-01	8.280623e-01	7.671100e+00	
76  21.7579	3.021757e+00	-7.176671e+00	7.399073e-01	-4.701188e+00	1.500381e+00	-2.207610e+00	3.931737e-01	2.844196e-01	1.683346e-01	5.090704e-02	4.999390e-01	8.280473e-01	7.671100e+00	
32  21.2667	3.021757e+00	-7.176671e+00	4.666923e-01	-3.509050e+00	1.434667e+00	-1.852426e+00	3.933471e-01	3.322777e-01	1.888264e-01	7.931768e-02	6.073250e-01	8.280473e-01	7.671100e+00	
9  21.4183	3.021757e+00	-7.176671e+00	5.319532e-01	-3.232597e+00	1.413486e+00	-8.701629e-01	3.783779e-01	3.042084e-01	1.764963e-01	8.069422e-02	5.509724e-01	8.280473e-01	7.671100e+00	
49  22.367	3.021757e+00	-7.176671e+00	8.939226e-01	-4.752090e+00	1.244394e+00	-4.664890e-01	3.736416e-01	2.986633e-01	1.747458e-01	5.811631e-02	3.121838e-01	8.280473e-01	7.671100e+00	
39  22.4148	3.049728e+00	-6.973953e+00	9.048384e-01	-4.818933e+00	1.244902e+00	-3.935911e-01	3.735105e-01	2.985935e-01	1.746320e-01	5.828500e-02	3.114789e-01	8.261977e-01	7.671100e+00	
5  22.5729	3.049728e+00	-6.973953e+00	9.206778e-01	-4.047474e+00	1.301899e+00	-4.087259e-01	3.730063e-01	3.297604e-01	1.958359e-01	5.061951e-02	2.953261e-01	8.261977e-01	7.671100e+00	
33  22.0919	3.036231e+00	-4.148915e+00	9.743165e-01	-4.074668e+00	1.265874e+00	-6.331944e-01	3.709708e-01	3.327119e-01	1.944890e-01	4.730722e-02	2.940136e-01	8.269189e-01	7.671100e+00	
37  21.5289	2.877685e+00	-5.934550e+00	8.996136e-01	-3.682836e+00	1.270785e+00	-1.005173e+00	3.721708e-01	3.324719e-01	1.954396e-01	4.705472e-02	2.983688e-01	8.271616e-01	7.671100e+00	
3  21.8638	2.877685e+00	-5.934550e+00	6.333095e-01	-3.495810e+00	1.414799e+00	-1.979278e+00	3.787470e-01	3.325097e-01	2.267926e-01	5.507956e-02	3.352433e-01	8.271616e-01	7.671100e+00	
21  21.7051	2.877685e+00	-5.934550e+00	1.013924e+00	-4.915292e+00	1.382381e+00	-3.039875e+00	3.914920e-01	3.042230e-01	1.958642e-01	1.157319e-01	2.446440e-01	8.271616e-01	7.671100e+00	
16  20.0309	2.877685e+00	-5.934550e+00	7.261227e-01	-3.814786e+00	1.361856e+00	-2.687427e+00	3.824998e-01	3.161882e-01	2.104724e-01	7.143614e-02	3.444700e-01	8.271616e-01	7.671100e+00	
32  19.0808	3.334003e+00	-7.123757e+00	8.135863e-01	-4.813820e+00	1.425189e+00	-1.206965e+00	3.835902e-01	3.105615e-01	2.107716e-01	7.915833e-02	3.355132e-01	8.258732e-01	7.671100e+00	
44  18.9204	2.989764e+00	-7.997070e+00	7.119246e-01	-4.024156e+00	1.399084e+00	-2.209144e+00	3.840389e-01	3.130388e-01	2.113950e-01	7.528985e-02	3.432711e-01	8.265827e-01	7.671100e+00	
22  19.4673	2.957021e+00	-5.277000e+00	7.587480e-01	-4.006057e+00	1.362287e+00	-2.486009e+00	3.820687e-01	3.160728e-01	2.101099e-01	7.182333e-02	3.424240e-01	8.252085e-01	7.671100e+00	
34  19.5163	3.349135e+00	-6.629307e+00	8.272463e-01	-4.857807e+00	1.420754e+00	-1.192447e+00	3.832430e-01	3.109078e-01	2.105254e-01	7.882426e-02	3.349143e-01	8.264646e-01	7.671100e+00	
32  19.2949	3.256025e+00	-7.455703e+00	7.878546e-01	-4.632215e+00	1.420917e+00	-1.425294e+00	3.837881e-01	3.109888e-01	2.109771e-01	7.843029e-02	3.373463e-01	8.267830e-01	7.671100e+00	
1  18.7208	3.085058e+00	-4.464255e+00	8.063936e-01	-4.309690e+00	1.366024e+00	-2.144856e+00	3.815515e-01	3.156384e-01	2.096440e-01	7.272283e-02	3.392627e-01	8.276240e-01	7.671100e+00	
22  18.892	3.193718e+00	-5.930360e+00	8.033807e-01	-4.523526e+00	1.395585e+00	-1.715711e+00	3.826605e-01	3.131177e-01	2.102826e-01	7.586927e-02	3.377987e-01	8.272649e-01	7.671100e+00	
11  20.5004	2.880800e+00	-5.194730e+00	7.417934e-01	-3.836818e+00	1.353133e+00	-2.725759e+00	3.819702e-01	3.168965e-01	2.101157e-01	7.066209e-02	3.439859e-01	8.292606e-01	7.671100e+00	
54  18.7414	3.280575e+00	-4.057590e+00	8.623337e-01	-4.756379e+00	1.381944e+00	-1.569861e+00	3.813608e-01	3.141422e-01	2.093328e-01	7.501878e-02	3.349069e-01	8.253817e-01	7.671100e+00	
21  19.2704	3.157860e+00	-3.990267e+00	8.337240e-01	-4.482578e+00	1.368003e+00	-1.951644e+00	3.812489e-01	3.154033e-01	2.093734e-01	7.322118e-02	3.374584e-01	8.245429e-01	7.671100e+00	
23  21.3382	3.157860e+00	-3.990267e+00	8.379210e-01	-3.822472e+00	1.475440e+00	-1.313897e+00	3.782400e-01	3.184453e-01	2.061832e-01	5.902490e-02	2.632879e-01	8.245429e-01	7.671100e+00	
1  22.4097	3.376191e+00	-3.792882e+00	8.952145e-01	-4.316062e+00	1.496361e+00	-6.551813e-01	3.782114e-01	3.165182e-01	2.059588e-01	6.187255e-02	2.585691e-01	8.261906e-01	7.671100e+00	
22  21.4803	3.098889e+00	-7.881849e+00	7.450915e-01	-3.611089e+00	1.516775e+00	-1.243236e+00	3.810038e-01	3.151342e-01	2.080847e-01	6.249854e-02	2.667327e-01	8.262469e-01	7.671100e+00	
10  22.8527	2.963269e+00	-6.718151e+00	7.354265e-01	-3.330651e+00	1.488033e+00	-1.735711e+00	3.800979e-01	3.176154e-01	2.076072e-01	5.930782e-02	2.689366e-01	8.262315e-01	7.671100e+00	
1  22.2412	2.794627e+00	-6.040905e+00	7.078939e-01	-2.966272e+00	1.461717e+00	-2.298246e+00	3.795242e-01	3.199322e-01	2.073826e-01	5.619110e-02	2.721123e-01	8.242509e-01	7.671100e+00	
66  20.8448	2.983633e+00	-5.487633e+00	7.651986e-01	-3.401341e+00	1.475147e+00	-1.752773e+00	3.792249e-01	3.186456e-01	2.070049e-01	5.823356e-02	2.678111e-01	8.246779e-01	7.671100e+00	
22  21.0436	3.196457e+00	-6.315443e+00	8.004858e-01	-3.861730e+00	1.508029e+00	-1.044601e+00	3.799296e-01	3.157486e-01	2.072755e-01	6.213712e-02	2.637881e-01	8.270614e-01	7.671100e+00	
11  21.8218	3.244059e+00	-7.923943e+00	7.796930e-01	-3.935754e+00	1.532807e+00	-7.940255e-01	3.811092e-01	3.136798e-01	2.080186e-01	6.458357e-02	2.636931e-01	8.274328e-01	7.671100e+00	
10  20.5408	3.200301e+00	-7.186310e+00	7.838735e-01	-3.852637e+00	1.519100e+00	-9.763773e-01	3.805569e-01	3.148419e-01	2.076909e-01	6.315375e-02	2.641994e-01	8.268542e-01	7.671100e+00	
1  21.5258	3.092289e+00	-7.999842e+00	7.411020e-01	-3.593891e+00	1.517514e+00	-1.255891e+00	3.810851e-01	3.150806e-01	2.081452e-01	6.253630e-02	2.669387e-01	8.291933e-01	7.671100e+00	
17  22.7978	2.790150e+00	-4.860409e+00	7.305918e-01	-2.980242e+00	1.446787e+00	-2.388468e+00	3.786743e-01	3.211542e-01	2.068191e-01	5.482333e-02	2.715393e-01	8.261336e-01	7.671100e+00	
158  20.9607	2.790150e+00	-4.860409e+00	6.177109e-01	-4.529947e+00	1.487216e+00	-1.877074e+00	4.091405e-01	3.264716e-01	1.849842e-01	8.524393e-02	4.177501e-01	8.261336e-01	7.671100e+00	
5  22.8054	2.978331e+00	-5.199209e+00	6.568358e-01	-4.945024e+00	1.511478e+00	-1.276363e+00	4.094812e-01	3.243025e-01	1.850349e-01	8.826090e-02	4.139707e-01	8.257813e-01	7.671100e+00	
3  22.6704	2.978331e+00	-5.199209e+00	7.436482e-01	-3.197428e+00	1.549106e+00	-3.070906e+00	3.940371e-01	3.049303e-01	2.005320e-01	1.207571e-01	4.025150e-01	8.257813e-01	7.671100e+00	
1  21.8819	2.978331e+00	-5.199209e+00	4.688297e-01	-2.430956e+00	1.489043e+00	-4.530787e+00	4.017610e-01	3.264875e-01	2.224800e-01	1.050306e-01	6.510672e-01	8.257813e-01	7.671100e+00	
25  23.2858	2.978331e+00	-5.199209e+00	7.204948e-01	-3.631151e+00	1.435629e+00	-4.975428e+00	3.887874e-01	3.172928e-01	2.208597e-01	1.289698e-01	6.477258e-01	8.257813e-01	7.671100e+00	
15  22.2339	3.258744e+00	-5.443249e+00	7.840519e-01	-4.254970e+00	1.468590e+00	-4.097188e+00	3.891079e-01	3.143209e-01	2.208101e-01	1.331772e-01	6.419465e-01	8.225156e-01	7.671100e+00	
9  22.0689	3.258744e+00	-5.443249e+00	6.544358e-01	-3.708021e+00	1.637879e+00	-4.778691e+00	4.274659e-01	3.288089e-01	2.153841e-01	9.395756e-02	4.772406e-01	8.225156e-01	7.671100e+00	
10  21.1264	3.258744e+00	-5.443249e+00	7.208426e-01	-4.343046e+00	1.533362e+00	-3.161424e+00	4.186860e-01	3.391380e-01	2.343335e-01	6.561453e-02	6.489074e-01	8.225156e-01	7.671100e+00	
75  20.9785	3.258744e+00	-5.443249e+00	8.647475e-01	-4.589126e+00	1.625659e+00	-4.228367e+00	4.329719e-01	3.094072e-01	2.542972e-01	6.467806e-02	5.881850e-01	8.225156e-01	7.671100e+00	
11  21.0091	3.413327e+00	-5.932428e+00	8.926369e-01	-4.925803e+00	1.648170e+00	-3.721255e+00	4.334032e-01	3.074149e-01	2.544400e-01	6.738946e-02	5.851996e-01	8.255326e-01	7.671100e+00	
11  21.5763	3.262571e+00	-4.875860e+00	8.771169e-01	-4.609247e+00	1.619122e+00	-4.253343e+00	4.325664e-01	3.099364e-01	2.540228e-01	6.410462e-02	5.877834e-01	8.247725e-01	7.671100e+00	
56  21.4704	2.991278e+00	-7.427384e+00	7.594463e-01	-3.949019e+00	1.621358e+00	-4.922485e+00	4.342580e-01	3.100287e-01	2.554078e-01	6.311552e-02	5.949509e-01	8.264267e-01	7.671100e+00	
55  21.0239	3.195308e+00	-7.650573e+00	8.047713e-01	-4.401986e+00	1.645899e+00	-4.280517e+00	4.345240e-01	3.078209e-01	2.553936e-01	6.622725e-02	5.907716e-01	8.277639e-01	7.671100e+00	
60  21.7839	3.234115e+00	-4.676942e+00	8.741768e-01	-4.549483e+00	1.613646e+00	-4.353747e+00	4.324089e-01	3.104118e-01	2.539443e-01	6.348514e-02	5.882714e-01	8.246694e-01	7.671100e+00	
28  22.8781	3.234115e+00	-4.676942e+00	9.270488e-01	-3.551563e+00	1.539728e+00	-4.758334e+00	4.446308e-01	2.999907e-01	2.353766e-01	7.910729e-02	6.090737e-01	8.246694e-01	7.671100e+00	
43  24.0149	3.584919e+00	-6.582895e+00	9.743014e-01	-4.299420e+00	1.600556e+00	-3.555970e+00	4.461811e-01	2.946750e-01	2.360823e-01	8.614013e-02	6.027487e-01	8.256503e-01	7.671100e+00	
55  22.7799	3.293247e+00	-5.303196e+00	9.288672e-01	-3.671419e+00	1.553714e+00	-4.535910e+00	4.451111e-01	2.987903e-01	2.356418e-01	8.062988e-02	6.081800e-01	8.268409e-01	7.671100e+00	
3  22.9834	3.222244e+00	-4.892524e+00	9.198053e-01	-3.520560e+00	1.541098e+00	-4.780880e+00	4.447794e-01	2.998910e-01	2.354871e-01	7.917891e-02	6.094460e-01	8.287877e-01	7.671100e+00	
22  23.6251	3.222244e+00	-4.892524e+00	7.891488e-01	-4.616364e+00	1.447840e+00	-3.040332e+00	4.284198e-01	2.822263e-01	2.397847e-01	9.585428e-02	6.607939e-01	8.287877e-01	7.671100e+00	
8  20.9115	3.222244e+00	-4.892524e+00	6.533878e-01	-4.458453e+00	1.532143e+00	-3.198849e+00	3.927646e-01	2.821503e-01	2.386051e-01	9.677338e-02	6.462951e-01	8.287877e-01	7.671100e+00	
12  21.2544	3.067617e+00	-5.967773e+00	5.939585e-01	-4.089855e+00	1.528777e+00	-3.604784e+00	3.934565e-01	2.825813e-01	2.392127e-01	9.579065e-02	6.501660e-01	8.261338e-01	7.671100e+00	
22  20.8426	3.028246e+00	-3.885862e+00	6.263024e-01	-4.043917e+00	1.499083e+00	-3.860701e+00	3.919412e-01	2.850427e-01	2.382375e-01	9.293649e-02	6.498196e-01	8.262407e-01	7.671100e+00	
3  20.4193	3.073123e+00	-4.163125e+00	6.316731e-01	-4.138906e+00	1.507274e+00	-3.704724e+00	3.921635e-01	2.843293e-01	2.383439e-01	9.387313e-02	6.490294e-01	8.271186e-01	7.671100e+00	
8  22.3576	3.073123e+00	-4.163125e+00	8.096265e-01	-4.360587e+00	1.433919e+00	-3.475868e+00	3.592518e-01	2.932490e-01	2.530977e-01	8.526460e-02	5.004394e-01	8.271186e-01	7.671100e+00	
11  22.2371	3.029027e+00	-4.516086e+00	7.917453e-01	-4.254532e+00	1.433527e+00	-3.588628e+00	3.594823e-01	2.933257e-01	2.532931e-01	8.503557e-02	5.015695e-01	8.269252e-01	7.671100e+00	
11  21.0642	3.283743e+00	-4.790496e+00	8.484152e-01	-4.820111e+00	1.464112e+00	-2.787454e+00	3.598114e-01	2.905736e-01	2.532734e-01	8.891565e-02	4.963496e-01	8.239229e-01	7.671100e+00	
36  21.0972	3.260089e+00	-4.243917e+00	8.536544e-01	-4.778187e+00	1.454893e+00	-2.895604e+00	3.594066e-01	2.913494e-01	2.530253e-01	8.797931e-02	4.965397e-01	8.243063e-01	7.671100e+00	
8  22.5867	3.260089e+00	-4.243917e+00	9.699402e-01	-3.628627e+00	1.358699e+00	-2.896838e+00	3.697116e-01	3.158580e-01	2.180032e-01	1.119232e-01	6.034465e-01	8.243063e-01	7.671100e+00	
2  23.6818	3.059945e+00	-5.155044e+00	9.027037e-01	-3.161305e+00	1.348459e+00	-3.453391e+00	3.702621e-01	3.168957e-01	2.185591e-01	1.101199e-01	6.081851e-01	8.247343e-01	7.671100e+00	
21  22.401	3.059945e+00	-5.155044e+00	1.014802e+00	-3.393798e+00	1.360324e+00	-4.297824e+00	3.868400e-01	3.443371e-01	2.813513e-01	9.629935e-02	7.181519e-01	8.247343e-01	7.671100e+00	
21  23.3725	3.059945e+00	-5.155044e+00	1.210501e+00	-4.192068e+00	1.195405e+00	-3.145069e+00	4.065895e-01	3.686135e-01	3.008728e-01	1.330306e-01	7.334187e-01	8.247343e-01	7.671100e+00	
11  27.9288	2.794738e+00	-5.516800e+00	1.138448e+00	-3.590025e+00	1.171486e+00	-3.937309e+00	4.067118e-01	3.708326e-01	3.012039e-01	1.297064e-01	7.392197e-01	8.256920e-01	7.671100e+00	
15  24.7123	2.820443e+00	-7.717364e+00	1.100376e+00	-3.602908e+00	1.201171e+00	-3.715735e+00	4.083053e-01	3.683857e-01	3.022440e-01	1.324999e-01	7.399214e-01	8.238218e-01	7.671100e+00	
1  24.8445	2.820443e+00	-7.717364e+00	7.919906e-01	-3.508214e+00	1.260388e+00	-4.300708e+00	4.079608e-01	3.697572e-01	2.564539e-01	1.320020e-01	7.106206e-01	8.238218e-01	7.671100e+00	
1  22.7666	2.820443e+00	-7.717364e+00	5.586456e-01	-1.015148e+00	1.347019e+00	-3.293275e+00	3.984892e-01	3.635423e-01	2.486269e-01	7.336289e-02	7.623154e-01	8.238218e-01	7.671100e+00	
7  22.4417	2.820443e+00	-7.717364e+00	5.226869e-01	-1.476811e+00	1.297570e+00	-7.390650e-01	3.993612e-01	3.494006e-01	2.351788e-01	7.059429e-02	7.473449e-01	8.238218e-01	7.671100e+00	
10  24.301	2.820443e+00	-7.717364e+00	7.662349e-01	-3.619461e+00	1.259575e+00	-1.161412e+00	4.035962e-01	3.662210e-01	2.121368e-01	5.209527e-02	7.570063e-01	8.238218e-01	7.671100e+00	
12  23.7619	2.820443e+00	-7.717364e+00	7.626816e-01	-4.830580e+00	1.251924e+00	9.503741e-01	3.939601e-01	2.889881e-01	1.764043e-01	6.613793e-02	7.476033e-01	8.238218e-01	7.671100e+00	
28  23.7078	2.820443e+00	-7.717364e+00	9.776990e-01	-4.621966e+00	1.339097e+00	4.045250e+00	3.864109e-01	2.899905e-01	2.027128e-01	5.334774e-02	6.395928e-01	8.238218e-01	7.671100e+00	
47  22.7336	2.820443e+00	-7.717364e+00	6.242503e-01	-2.542067e+00	1.280352e+00	3.592388e-01	3.934545e-01	3.279186e-01	2.076111e-01	8.273317e-02	5.976087e-01	8.238218e-01	7.671100e+00	
2  23.686	3.380855e+00	-6.779247e+00	7.800062e-01	-3.817783e+00	1.328770e+00	2.022079e+00	3.930713e-01	3.234027e-01	2.068282e-01	8.956554e-02	5.852525e-01	8.274553e-01	7.671100e+00	
5  23.7293	3.380855e+00	-6.779247e+00	1.149787e+00	-3.246694e+00	1.213370e+00	4.686219e+00	4.246728e-01	3.439109e-01	2.462226e-01	1.094069e-01	6.257123e-01	8.274553e-01	7.671100e+00	
23  24.7698	3.380855e+00	-6.779247e+00	1.068913e+00	-3.478237e+00	1.300403e+00	4.790558e+00	4.684676e-01	3.239467e-01	2.349460e-01	7.517415e-02	6.673190e-01	8.274553e-01	7.671100e+00	
24  26.2691	3.380855e+00	-6.779247e+00	1.210676e+00	-3.633335e+00	1.276486e+00	3.999194e+00	4.705513e-01	3.411834e-01	2.601528e-01	3.033388e-02	7.838596e-01	8.274553e-01	7.671100e+00	
11  24.8638	3.438287e+00	-5.874127e+00	1.242942e+00	-3.780526e+00	1.271545e+00	4.117212e+00	4.699311e-01	3.415282e-01	2.596846e-01	3.013984e-02	7.821359e-01	8.297252e-01	7.671100e+00	
12  24.1778	3.473353e+00	-3.635901e+00	1.296613e+00	-3.904680e+00	1.247895e+00	4.080108e+00	4.683422e-01	3.434214e-01	2.585902e-01	2.815813e-02	7.801304e-01	8.286242e-01	7.671100e+00	
47  24.5784	3.516740e+00	-7.142676e+00	1.236534e+00	-3.930645e+00	1.295460e+00	4.440659e+00	4.708827e-01	3.394985e-01	2.602464e-01	3.264373e-02	7.811976e-01	8.262160e-01	7.671100e+00	
7  25.6653	3.516740e+00	-7.142676e+00	1.302328e+00	-4.414220e+00	1.115421e+00	3.445617e+00	4.769564e-01	3.355559e-01	2.176822e-01	7.849276e-02	7.681168e-01	8.262160e-01	7.671100e+00	
3  23.9507	3.479149e+00	-4.126933e+00	1.353926e+00	-4.391263e+00	1.074486e+00	3.134691e+00	4.747715e-01	3.389322e-01	2.162582e-01	7.463132e-02	7.672049e-01	8.256574e-01	7.671100e+00	
1  26.9808	3.479149e+00	-4.126933e+00	1.342126e+00	-3.802478e+00	1.189179e+00	2.211529e+00	4.326944e-01	3.171928e-01	2.442372e-01	1.028057e-01	8.204300e-01	8.256574e-01	7.671100e+00	
2  26.6725	3.479149e+00	-4.126933e+00	8.877377e-01	-2.882171e-01	1.053728e+00	-1.835997e-01	4.147611e-01	3.509300e-01	2.237424e-01	9.038526e-02	9.369098e-01	8.256574e-01	7.671100e+00	
6  26.8324	3.479149e+00	-4.126933e+00	1.073758e+00	-2.265969e+00	1.106503e+00	-3.911748e-01	4.031377e-01	3.372215e-01	2.159778e-01	1.114427e-01	8.493572e-01	8.256574e-01	7.671100e+00	
6  25.9008	3.300845e+00	-4.930256e+00	1.014028e+00	-1.849812e+00	1.097278e+00	-8.875381e-01	4.036221e-01	3.381543e-01	2.164690e-01	1.098269e-01	8.535740e-01	8.266429e-01	7.671100e+00	
3  26.1368	3.300845e+00	-4.930256e+00	5.411969e-01	-7.838561e-01	1.233003e+00	-3.119316e+00	4.030745e-01	3.681849e-01	2.441244e-01	7.213452e-02	9.272497e-01	8.266429e-01	7.671100e+00	
1  26.8778	3.300845e+00	-4.930256e+00	9.459501e-01	-3.409609e+00	1.414184e+00	1.195930e+00	4.048719e-01	3.440749e-01	1.858209e-01	1.019265e-01	6.930132e-01	8.266429e-01	7.671100e+00	
3  25.6335	3.513797e+00	-4.508922e+00	1.006443e+00	-3.895691e+00	1.431788e+00	1.823598e+00	4.046797e-01	3.424237e-01	1.854922e-01	1.044510e-01	6.882812e-01	8.257521e-01	7.671100e+00	
2  26.2035	3.513797e+00	-4.508922e+00	1.039346e+00	-3.881854e+00	1.412034e+00	3.618751e+00	4.158043e-01	3.579048e-01	1.986543e-01	8.280533e-02	7.779151e-01	8.257521e-01	7.671100e+00	
6  26.6741	3.513797e+00	-4.508922e+00	5.022243e-01	-4.052501e+00	1.468479e+00	3.668015e+00	4.163481e-01	3.370719e-01	2.389200e-01	8.746095e-02	6.703150e-01	8.257521e-01	7.671100e+00	
1  28.3332	3.392887e+00	-7.722263e+00	4.079384e-01	-3.716023e+00	1.494890e+00	3.504251e+00	4.185928e-01	3.350405e-01	2.405330e-01	8.931511e-02	6.746833e-01	8.235872e-01	7.671100e+00	
10  27.3434	2.762681e+00	-5.614627e+00	2.965219e-01	-2.345752e+00	1.401727e+00	1.429499e+00	4.167529e-01	3.432759e-01	2.398967e-01	7.813594e-02	6.867902e-01	8.289891e-01	7.671100e+00	
1  25.0886	3.160068e+00	-5.248249e+00	4.009454e-01	-3.244281e+00	1.439719e+00	2.627970e+00	4.166957e-01	3.397754e-01	2.394848e-01	8.331109e-02	6.781974e-01	8.258280e-01	7.671100e+00	
1  24.2116	3.449938e+00	-3.331135e+00	5.103667e-01	-3.933261e+00	1.447235e+00	3.395332e+00	4.154693e-01	3.388690e-01	2.383931e-01	8.526231e-02	6.709966e-01	8.248358e-01	7.671100e+00	
18  28.6027	3.449938e+00	-3.331135e+00	4.001568e-01	-2.809236e+00	1.366615e+00	4.624364e+00	3.462030e-01	3.210824e-01	2.128893e-01	3.523642e-02	8.862997e-01	8.248358e-01	7.671100e+00	
30  24.1334	3.449938e+00	-3.331135e+00	2.594729e-01	-4.884875e+00	1.332044e+00	2.170637e+00	3.609753e-01	3.291645e-01	2.020565e-01	2.846043e-02	9.686378e-01	8.248358e-01	7.671100e+00	
3  24.376	3.449938e+00	-3.331135e+00	3.953200e-01	-3.483534e+00	1.412476e+00	1.868876e+00	3.988295e-01	3.487460e-01	2.094010e-01	3.950934e-02	8.559421e-01	8.248358e-01	7.671100e+00	
2  25.6064	3.449938e+00	-3.331135e+00	4.614959e-01	-4.424912e+00	1.245442e+00	-1.369124e+00	3.984284e-01	4.135897e-01	2.158155e-01	4.621103e-02	8.615127e-01	8.248358e-01	7.671100e+00	
1  26.5622	3.490035e+00	-6.594866e+00	4.055115e-01	-4.448442e+00	1.289680e+00	-1.034433e+00	4.007927e-01	4.099415e-01	2.173570e-01	5.038177e-02	8.625119e-01	8.302309e-01	7.671100e+00	
10  25.4227	3.426050e+00	-7.276926e+00	3.761408e-01	-4.291094e+00	1.291190e+00	-1.187053e+00	4.012493e-01	4.098832e-01	2.177222e-01	5.023724e-02	8.642478e-01	8.273057e-01	7.671100e+00	
10  24.4977	3.386808e+00	-6.410063e+00	3.840286e-01	-4.220732e+00	1.276384e+00	-1.363884e+00	4.006065e-01	4.111303e-01	2.173297e-01	4.872798e-02	8.645857e-01	8.263767e-01	7.671100e+00	
13  24.1299	3.386808e+00	-6.410063e+00	4.053604e-01	-3.486850e+00	1.207661e+00	-2.692094e+00	3.963673e-01	4.197509e-01	2.417663e-01	7.523986e-02	8.505134e-01	8.263767e-01	7.671100e+00	
4  24.1322	3.575888e+00	-4.331823e+00	4.934167e-01	-3.953102e+00	1.202431e+00	-2.245154e+00	3.949730e-01	4.199860e-01	2.406572e-01	7.559768e-02	8.453484e-01	8.294822e-01	7.671100e+00	
1  24.5205	3.575888e+00	-4.331823e+00	7.551227e-01	-3.515065e+00	1.356538e+00	-1.852042e+00	3.815210e-01	3.889003e-01	2.801514e-01	6.549195e-02	6.923298e-01	8.294822e-01	7.671100e+00	
3  23.8806	3.575888e+00	-4.331823e+00	6.212059e-01	-2.501318e+00	1.407387e+00	-1.307734e+00	3.466671e-01	3.549530e-01	2.393532e-01	5.577946e-02	7.099115e-01	8.294822e-01	7.671100e+00	
9  22.5379	3.575888e+00	-4.331823e+00	5.897771e-01	-4.926868e+00	1.556391e+00	1.785153e+00	3.542076e-01	3.484110e-01	2.534623e-01	2.911058e-02	5.807999e-01	8.294822e-01	7.671100e+00	
1  24.809	3.575888e+00	-4.331823e+00	4.599225e-01	-1.518382e+00	1.599697e+00	2.610650e+00	3.753412e-01	3.445395e-01	2.645311e-01	5.905399e-02	6.196244e-01	8.294822e-01	7.671100e+00	
5  24.4327	3.575888e+00	-4.331823e+00	3.431091e-01	4.187631e-01	1.619641e+00	1.978340e+00	3.911241e-01	3.714415e-01	2.420845e-01	6.823234e-02	7.663499e-01	8.294822e-01	7.671100e+00	
4  26.7875	3.575888e+00	-4.331823e+00	2.513246e-01	-9.123950e-03	1.610219e+00	2.930222e-01	3.744507e-01	3.763192e-01	2.807797e-01	6.595922e-02	7.935833e-01	8.294822e-01	7.671100e+00	
39  23.0667	3.575888e+00	-4.331823e+00	2.043535e-01	7.803049e-02	1.619301e+00	1.660478e+00	3.943389e-01	3.682929e-01	2.650966e-01	9.025081e-02	9.306738e-01	8.294822e-01	7.671100e+00	
39  23.3146	3.676310e+00	-5.538713e+00	2.045529e-01	-1.226031e-01	1.644809e+00	2.047496e+00	3.952575e-01	3.661111e-01	2.656158e-01	9.299503e-02	9.292371e-01	8.249658e-01	7.671100e+00	
9  26.538	3.676310e+00	-5.538713e+00	5.470314e-01	-3.066546e+00	1.538671e+00	1.932064e+00	3.995823e-01	3.626481e-01	2.681884e-01	7.167870e-02	7.023970e-01	8.249658e-01	7.671100e+00	
6  24.946	3.676310e+00	-5.538713e+00	3.587043e-01	-2.737442e+00	1.586823e+00	-3.539324e-01	4.049478e-01	3.683148e-01	2.489377e-01	9.076668e-02	7.664508e-01	8.249658e-01	7.671100e+00	
6  24.1229	3.426785e+00	-5.139983e+00	3.058074e-01	-2.186030e+00	1.555270e+00	-1.147192e+00	4.045322e-01	3.711405e-01	2.488947e-01	8.682207e-02	7.714908e-01	8.271277e-01	7.671100e+00	
15  25.3208	3.426785e+00	-5.139983e+00	4.647452e-02	-2.154166e+00	1.601300e+00	-1.884755e+00	4.195202e-01	3.343666e-01	2.208053e-01	1.056476e-01	9.164834e-01	8.271277e-01	7.671100e+00	
7  24.6222	3.426785e+00	-5.139983e+00	2.326260e-01	-2.831903e+00	1.571662e+00	5.255035e-02	3.950570e-01	3.448433e-01	2.057502e-01	8.618335e-02	7.308022e-01	8.271277e-01	7.671100e+00	
16  24.3482	3.426785e+00	-5.139983e+00	3.323322e-01	-3.178106e+00	1.551705e+00	3.364949e-01	4.026634e-01	3.309747e-01	1.755293e-01	7.817921e-02	7.585936e-01	8.271277e-01	7.671100e+00	
1  25.5457	3.204418e+00	-6.501106e+00	2.505999e-01	-2.651800e+00	1.544598e+00	-2.592636e-01	4.035255e-01	3.317794e-01	1.763142e-01	7.656128e-02	7.640555e-01	8.260189e-01	7.671100e+00	
9  25.1926	3.543579e+00	-6.824346e+00	3.269067e-01	-3.405740e+00	1.584808e+00	8.047893e-01	4.039334e-01	3.281570e-01	1.762677e-01	8.168112e-02	7.570813e-01	8.264481e-01	7.671100e+00	
11  25.3411	3.543579e+00	-6.824346e+00	3.046716e-01	-4.960860e+00	1.636911e+00	-7.220056e-01	4.189086e-01	3.490659e-01	2.525525e-01	5.209027e-02	6.188607e-01	8.264481e-01	7.671100e+00	
28  27.6042	3.543579e+00	-6.824346e+00	2.931895e-01	-2.666256e+00	1.562482e+00	-3.404497e+00	4.341995e-01	3.314610e-01	2.538721e-01	2.594943e-02	5.892298e-01	8.264481e-01	7.671100e+00	
2  27.2381	3.543579e+00	-6.824346e+00	2.128608e-01	-4.917450e+00	1.640764e+00	-4.885559e+00	4.621033e-01	3.508719e-01	2.783548e-01	6.603899e-02	6.088324e-01	8.264481e-01	7.671100e+00	
4  25.6884	3.543579e+00	-6.824346e+00	4.558551e-01	-4.083195e+00	1.489462e+00	-1.928795e+00	4.397777e-01	3.429285e-01	2.363398e-01	8.162708e-02	6.554843e-01	8.264481e-01	7.671100e+00	
6  24.4822	3.201365e+00	-3.412258e+00	4.410540e-01	-3.385232e+00	1.411115e+00	-3.202281e+00	4.371504e-01	3.496642e-01	2.349067e-01	7.304999e-02	6.607764e-01	8.269244e-01	7.671100e+00	
14  24.6684	3.201365e+00	-3.412258e+00	4.325636e-01	-4.769117e+00	1.475097e+00	-3.485002e+00	4.497135e-01	3.534870e-01	2.649987e-01	6.128198e-02	6.229826e-01	8.269244e-01	7.671100e+00	
7  24.7319	3.201365e+00	-3.412258e+00	4.130274e-01	-4.875999e+00	1.529692e+00	-2.331091e+00	4.333665e-01	3.520375e-01	3.061494e-01	5.422270e-02	6.982145e-01	8.269244e-01	7.671100e+00	
7  24.1838	3.201365e+00	-3.412258e+00	2.098702e-01	-2.254563e+00	1.600067e+00	-3.907985e+00	4.283465e-01	3.269188e-01	2.883945e-01	3.528593e-02	8.590634e-01	8.269244e-01	7.671100e+00	
3  25.7258	3.263538e+00	-3.161523e+00	2.301058e-01	-2.399077e+00	1.603644e+00	-3.733004e+00	4.281987e-01	3.265642e-01	2.882373e-01	3.588181e-02	8.576096e-01	8.252265e-01	7.671100e+00	
4  22.8646	3.263538e+00	-3.161523e+00	3.698935e-01	-4.206048e+00	1.423714e+00	-1.451843e+00	4.030840e-01	3.105196e-01	2.907212e-01	3.586383e-02	9.788516e-01	8.252265e-01	7.671100e+00	
2  22.0559	3.263538e+00	-3.161523e+00	4.973082e-01	-3.069661e+00	1.471759e+00	2.192364e+00	3.781956e-01	2.887632e-01	2.710698e-01	5.642648e-02	9.433447e-01	8.252265e-01	7.671100e+00	
3  21.9453	3.263538e+00	-3.161523e+00	4.098600e-01	-3.438482e+00	1.473719e+00	1.372843e+00	3.794319e-01	3.069836e-01	2.349457e-01	7.892066e-02	8.815168e-01	8.252265e-01	7.671100e+00	
38  21.6693	3.263538e+00	-3.161523e+00	8.494820e-01	-3.671736e+00	1.365036e+00	4.173918e+00	3.850501e-01	2.981098e-01	2.338726e-01	7.324745e-02	9.340868e-01	8.252265e-01	7.671100e+00	
27  20.8919	3.263538e+00	-3.161523e+00	8.089178e-01	-4.857322e+00	1.390211e+00	-7.581015e-01	3.891631e-01	3.320526e-01	2.255770e-01	3.708620e-02	7.528932e-01	8.252265e-01	7.671100e+00	
3  22.2474	3.088245e+00	-4.518468e+00	7.387647e-01	-4.436655e+00	1.388084e+00	-1.209353e+00	3.900466e-01	3.324035e-01	2.263320e-01	3.612467e-02	7.573595e-01	8.268392e-01	7.671100e+00	
7  23.484	3.088245e+00	-4.518468e+00	4.858064e-01	-1.412135e+00	1.406442e+00	-3.055451e+00	4.068072e-01	3.324843e-01	2.323696e-01	2.594226e-02	7.865772e-01	8.268392e-01	7.671100e+00	
1  23.8831	3.054619e+00	-4.370644e+00	4.805742e-01	-1.339740e+00	1.401038e+00	-3.168444e+00	4.066837e-01	3.329591e-01	2.323187e-01	2.530668e-02	7.872031e-01	8.256929e-01	7.671100e+00	
6  24.2623	3.183882e+00	-6.442186e+00	4.703908e-01	-1.587461e+00	1.440213e+00	-2.636722e+00	4.082381e-01	3.296335e-01	2.332354e-01	2.941168e-02	7.856467e-01	8.223823e-01	7.671100e+00	
3  24.4326	3.183882e+00	-6.442186e+00	2.365663e-01	-4.864938e-01	1.407328e+00	-7.581240e-01	3.955167e-01	3.438244e-01	2.193669e-01	8.369750e-02	9.267938e-01	8.223823e-01	7.671100e+00	
1  23.9664	3.183882e+00	-6.442186e+00	4.266830e-01	-1.280092e+00	1.478924e+00	2.005203e-01	3.941569e-01	3.608955e-01	2.583407e-01	4.477466e-02	8.218912e-01	8.223823e-01	7.671100e+00	
4  21.9718	3.669901e+00	-5.546083e+00	5.634257e-01	-2.388138e+00	1.519905e+00	1.637279e+00	3.937653e-01	3.570615e-01	2.576222e-01	5.060883e-02	8.111286e-01	8.239429e-01	7.671100e+00	
1  23.1481	3.669901e+00	-5.546083e+00	6.981162e-01	-2.963615e+00	1.377601e+00	5.796977e-01	3.791731e-01	3.209878e-01	2.391626e-01	4.007715e-02	7.705856e-01	8.239429e-01	7.671100e+00	
3  23.7541	3.669901e+00	-5.546083e+00	5.668636e-01	-3.733904e+00	1.430254e+00	-5.422151e-01	3.869463e-01	3.296396e-01	2.550231e-01	7.056619e-02	6.934877e-01	8.239429e-01	7.671100e+00	
7  21.3463	3.669901e+00	-5.546083e+00	9.786166e-01	-3.584726e+00	1.447683e+00	-1.575512e-01	3.952792e-01	3.333854e-01	2.262430e-01	8.086458e-02	5.376438e-01	8.239429e-01	7.671100e+00	
1  23.3775	3.669901e+00	-5.546083e+00	8.845354e-01	-2.926198e+00	1.523268e+00	-8.320890e-02	4.153199e-01	3.823030e-01	2.172858e-01	4.183389e-02	4.750840e-01	8.239429e-01	7.671100e+00	
12  22.4106	3.669901e+00	-5.546083e+00	9.266424e-01	-3.239784e+00	1.494251e+00	-1.855090e+00	4.119570e-01	3.599979e-01	2.027270e-01	5.530139e-02	3.370215e-01	8.239429e-01	7.671100e+00	
12  21.5758	3.669901e+00	-5.546083e+00	1.023345e+00	-4.617636e+00	1.503209e+00	-3.690608e-01	3.982865e-01	3.566275e-01	2.268279e-01	9.881194e-02	4.059916e-01	8.239429e-01	7.671100e+00	
9  21.853	3.669901e+00	-5.546083e+00	9.915881e-01	-4.577598e+00	1.596658e+00	2.370511e-01	4.182272e-01	3.433693e-01	2.234753e-01	9.034962e-02	5.090673e-01	8.239429e-01	7.671100e+00	
9  22.0001	3.669901e+00	-5.546083e+00	1.101114e+00	-4.605106e+00	1.654516e+00	1.878241e+00	3.961822e-01	3.740591e-01	2.474623e-01	8.087688e-02	5.242976e-01	8.239429e-01	7.671100e+00	
16  22.117	3.669901e+00	-5.546083e+00	1.003663e+00	-3.840864e+00	1.600728e+00	1.793476e+00	4.019797e-01	3.646778e-01	2.363427e-01	1.149713e-01	6.299767e-01	8.239429e-01	7.671100e+00	
7  21.5906	3.669901e+00	-5.546083e+00	1.020057e+00	-3.937543e+00	1.500257e+00	1.383086e+00	4.106222e-01	3.658218e-01	2.346662e-01	8.453869e-02	5.936125e-01	8.239429e-01	7.671100e+00	
36  22.7823	3.669901e+00	-5.546083e+00	1.067181e+00	-3.568631e+00	1.515827e+00	2.515412e+00	3.970035e-01	3.390622e-01	2.194122e-01	7.336764e-02	5.466170e-01	8.239429e-01	7.671100e+00	
1  22.2678	3.669901e+00	-5.546083e+00	8.569546e-01	-2.165650e+00	1.379158e+00	2.238859e+00	3.948769e-01	3.509500e-01	2.380346e-01	7.382571e-02	6.420098e-01	8.239429e-01	7.671100e+00	
1  22.7117	3.669901e+00	-5.546083e+00	6.266477e-01	-1.244952e+00	1.517689e+00	2.880897e+00	3.917487e-01	3.406033e-01	2.428197e-01	4.324993e-02	7.971746e-01	8.239429e-01	7.671100e+00	
6  22.2631	3.669901e+00	-5.546083e+00	8.904905e-01	-4.894089e+00	1.407173e+00	3.895153e+00	4.004822e-01	3.144201e-01	2.736749e-01	7.708676e-02	6.411495e-01	8.239429e-01	7.671100e+00	
46  22.3147	3.669901e+00	-5.546083e+00	8.917996e-01	-3.486402e+00	1.433426e+00	4.457425e+00	4.146426e-01	3.174026e-01	2.788978e-01	1.196465e-01	7.607278e-01	8.239429e-01	7.671100e+00	
63  22.9477	3.669901e+00	-5.546083e+00	8.648438e-01	-4.361998e+00	1.446662e+00	3.856954e+00	3.776326e-01	3.555814e-01	2.620996e-01	1.074146e-01	6.805010e-01	8.239429e-01	7.671100e+00	
1  22.7532	3.669901e+00	-5.546083e+00	8.901706e-01	-3.944459e+00	1.406499e+00	4.118122e+00	3.814338e-01	3.333837e-01	2.902179e-01	1.075303e-01	7.263793e-01	8.239429e-01	7.671100e+00	
54  23.1649	3.669901e+00	-5.546083e+00	1.056180e+00	-2.488731e+00	1.519797e+00	4.087129e+00	4.150187e-01	3.383835e-01	2.607198e-01	4.353365e-02	5.190618e-01	8.239429e-01	7.671100e+00	
65  23.0573	3.669901e+00	-5.546083e+00	1.164244e+00	-4.515329e+00	1.518685e+00	4.532197e+00	4.267117e-01	3.305926e-01	2.871687e-01	3.582109e-02	5.700560e-01	8.239429e-01	7.671100e+00	
23  24.2353	3.669901e+00	-5.546083e+00	1.342075e+00	-4.699928e+00	1.501688e+00	3.115212e+00	4.423914e-01	3.368842e-01	2.815001e-01	5.011424e-02	5.602607e-01	8.239429e-01	7.671100e+00	
4  25.0768	3.669901e+00	-5.546083e+00	1.396238e+00	-1.536803e+00	1.448197e+00	1.408189e+00	4.484714e-01	3.371584e-01	2.379016e-01	6.683331e-02	6.866719e-01	8.239429e-01	7.671100e+00	
10  25.0098	3.669901e+00	-5.546083e+00	1.280176e+00	-1.635997e+00	1.643215e+00	7.408946e-01	4.425045e-01	3.825890e-01	2.559281e-01	5.756081e-02	5.374363e-01	8.239429e-01	7.671100e+00	
36  25.2389	3.669901e+00	-5.546083e+00	1.264976e+00	-1.547020e-02	1.693555e+00	2.566541e+00	4.129737e-01	3.536408e-01	2.783178e-01	2.857262e-02	4.230119e-01	8.239429e-01	7.671100e+00	
52  24.035	3.669901e+00	-5.546083e+00	1.265960e+00	-6.166968e-01	1.619313e+00	2.644121e+00	4.137279e-01	3.490404e-01	3.039559e-01	6.206229e-02	5.389767e-01	8.239429e-01	7.671100e+00	
23  24.0391	3.669901e+00	-5.546083e+00	1.393662e+00	-6.339722e-01	1.469988e+00	4.172933e+00	4.093040e-01	3.359807e-01	3.076256e-01	6.228473e-02	5.038863e-01	8.239429e-01	7.671100e+00	
13  24.3095	3.669901e+00	-5.546083e+00	1.182182e+00	-1.415294e+00	1.494453e+00	4.268211e+00	3.751463e-01	3.486245e-01	3.046148e-01	9.081427e-02	5.279122e-01	8.239429e-01	7.671100e+00	
2  23.8425	3.669901e+00	-5.546083e+00	1.319150e+00	-2.186001e+00	1.506361e+00	4.813243e+00	4.117848e-01	3.289470e-01	3.024757e-01	8.070529e-02	5.052084e-01	8.239429e-01	7.671100e+00	
6  23.6257	3.463091e+00	-7.246518e+00	1.234379e+00	-1.687677e+00	1.505070e+00	4.287306e+00	4.128987e-01	3.292616e-01	3.034141e-01	7.968089e-02	5.105339e-01	8.289367e-01	7.671100e+00	
82  22.5767	3.463091e+00	-7.246518e+00	1.124512e+00	-4.507573e+00	1.430297e+00	3.583269e+00	4.085899e-01	3.069846e-01	2.875630e-01	9.993957e-02	6.763915e-01	8.289367e-01	7.671100e+00	
18  22.8095	3.669626e+00	-7.779146e+00	1.164213e+00	-4.959862e+00	1.458894e+00	4.252981e+00	4.090794e-01	3.044434e-01	2.876958e-01	1.034285e-01	6.723344e-01	8.239566e-01	7.671100e+00	
8  23.3298	3.669626e+00	-7.779146e+00	1.296075e+00	-4.028101e+00	1.499850e+00	3.312242e+00	4.251215e-01	3.268979e-01	2.583933e-01	1.091286e-01	7.764590e-01	8.239566e-01	7.671100e+00	
2  24.2188	3.669626e+00	-7.779146e+00	1.234673e+00	-4.991238e+00	1.593341e+00	4.456349e+00	3.988748e-01	3.260634e-01	2.794577e-01	1.464003e-01	7.325805e-01	8.239566e-01	7.671100e+00	
2  24.448	3.669626e+00	-7.779146e+00	1.016610e+00	-3.065463e+00	1.530697e+00	2.525876e+00	3.755842e-01	3.474173e-01	2.763033e-01	1.170524e-01	6.422366e-01	8.239566e-01	7.671100e+00	
3  22.2353	3.669626e+00	-7.779146e+00	6.001007e-01	-4.205824e+00	1.437237e+00	-1.343887e+00	3.771393e-01	3.478568e-01	2.553207e-01	1.329610e-01	6.421637e-01	8.239566e-01	7.671100e+00	
1  21.5458	3.092115e+00	-5.360035e+00	5.078293e-01	-2.960048e+00	1.345894e+00	-3.276744e+00	3.751030e-01	3.558905e-01	2.545037e-01	1.221775e-01	6.529825e-01	8.282051e-01	7.671100e+00	
20  22.147	2.963242e+00	-6.197032e+00	4.594908e-01	-2.654048e+00	1.342364e+00	-3.618896e+00	3.756372e-01	3.563087e-01	2.549817e-01	1.212930e-01	6.561752e-01	8.283122e-01	7.671100e+00	
