7  102.17	5.000000e-01	1.338991e+00	-4.467187e+00	1.387597e+00	-8.755621e-01	4.140539e-01	2.822361e-01	2.324883e-01	6.627261e-02	4.705355e-01	8.303554e-01	7.671100e+00	
24  64.3278	5.000000e-01	5.908913e-01	-3.565600e+00	1.432786e+00	-7.384679e-01	4.286940e-01	2.819140e-01	2.477771e-01	6.692702e-02	5.814610e-02	8.303554e-01	7.671100e+00	
2  58.3051	5.000000e-01	4.046771e-01	-3.476071e+00	1.447084e+00	-1.270803e+00	4.239240e-01	2.796864e-01	2.719893e-01	9.552039e-02	6.811646e-01	8.303554e-01	7.671100e+00	
66  41.1597	5.000000e-01	1.204009e-01	-4.263156e+00	1.483867e+00	-2.042722e+00	3.758359e-01	3.487084e-01	2.420796e-01	1.854731e-01	5.374889e-01	8.303554e-01	7.671100e+00	
139  37.13	5.000000e-01	4.597117e-01	-4.252908e+00	1.420154e+00	-2.212885e+00	3.714039e-01	2.695233e-01	2.209151e-01	1.380360e-01	3.112310e-01	8.303554e-01	7.671100e+00	
43  36.9025	5.000000e-01	8.710119e-02	-3.487501e+00	1.478220e+00	-1.774096e+00	3.758491e-01	2.758154e-01	2.065079e-01	1.231028e-01	4.871643e-01	8.303554e-01	7.671100e+00	
20  38.0631	5.000000e-01	2.576492e-01	-3.511004e+00	1.624644e+00	-1.928502e+00	3.382029e-01	3.030825e-01	1.992229e-01	1.243945e-01	6.163542e-01	8.303554e-01	7.671100e+00	
34  37.1997	5.000000e-01	2.570966e-01	-2.940353e+00	1.591289e+00	-9.773597e-01	3.451926e-01	3.586490e-01	1.698118e-01	9.574983e-02	3.086081e-01	8.303554e-01	7.671100e+00	
64  36.1983	5.000000e-01	2.247099e-01	-2.024878e+00	1.561473e+00	-9.464335e-01	3.486029e-01	3.359458e-01	1.996007e-01	1.024697e-01	5.363860e-01	8.303554e-01	7.671100e+00	
21  35.4752	5.000000e-01	9.916773e-02	-1.270787e+00	1.637080e+00	-1.907938e+00	3.686041e-01	3.272903e-01	2.320889e-01	6.496641e-02	6.720207e-01	8.303554e-01	7.671100e+00	
89  35.5605	7.197065e-01	9.916773e-02	-1.270787e+00	1.637080e+00	-1.907938e+00	3.686041e-01	3.272903e-01	2.320889e-01	6.496641e-02	6.720207e-01	8.278500e-01	7.671100e+00	
331  37.5589	7.197065e-01	1.511766e-01	-9.709732e-01	1.637958e+00	7.791311e-01	3.699344e-01	3.090152e-01	1.902846e-01	2.767737e-02	4.167542e-01	8.278500e-01	7.671100e+00	
403  37.8302	5.162009e-01	1.511766e-01	-9.709732e-01	1.637958e+00	7.791311e-01	3.699344e-01	3.090152e-01	1.902846e-01	2.767737e-02	4.167542e-01	8.296984e-01	7.671100e+00	
67  33.984	5.162009e-01	4.739437e-02	-6.047302e-01	1.512480e+00	4.583118e-01	3.774162e-01	2.875788e-01	1.676614e-01	5.367907e-02	6.085071e-01	8.296984e-01	7.671100e+00	
180  34.5713	5.554888e-01	4.739437e-02	-6.047302e-01	1.512480e+00	4.583118e-01	3.774162e-01	2.875788e-01	1.676614e-01	5.367907e-02	6.085071e-01	8.302076e-01	7.671100e+00	
354  33.4209	6.671597e-01	4.739437e-02	-6.047302e-01	1.512480e+00	4.583118e-01	3.774162e-01	2.875788e-01	1.676614e-01	5.367907e-02	6.085071e-01	8.256764e-01	7.671100e+00	
6  34.5057	6.671597e-01	2.236832e-01	-9.839191e-01	1.471495e+00	8.890392e-01	3.729600e-01	2.882080e-01	1.681728e-01	3.841069e-02	4.622794e-01	8.256764e-01	7.671100e+00	
2  34.7829	4.745066e-01	2.236832e-01	-9.839191e-01	1.471495e+00	8.890392e-01	3.729600e-01	2.882080e-01	1.681728e-01	3.841069e-02	4.622794e-01	8.250798e-01	7.671100e+00	
96  34.0829	4.745066e-01	3.678859e-02	-1.815455e+00	1.326562e+00	8.906347e-01	4.312696e-01	3.149207e-01	1.812863e-01	4.982060e-02	9.259194e-01	8.250798e-01	7.671100e+00	
374  33.6797	4.745066e-01	1.897984e-01	-2.373713e+00	1.283983e+00	6.028473e-01	4.310095e-01	2.959919e-01	2.092720e-01	2.441409e-02	7.403872e-01	8.250798e-01	7.671100e+00	
53  36.8381	4.745066e-01	1.913084e-01	-3.275516e+00	1.288588e+00	8.503919e-01	4.447697e-01	2.998842e-01	2.308785e-01	1.057333e-01	7.003872e-01	8.250798e-01	7.671100e+00	
21  37.9289	4.745066e-01	1.674887e-01	-3.275411e+00	1.389946e+00	1.448108e+00	4.110548e-01	3.754331e-01	2.605522e-01	9.397822e-02	6.401391e-01	8.250798e-01	7.671100e+00	
300  34.9222	4.745066e-01	3.339560e-01	-2.764680e+00	1.401753e+00	4.175114e-01	3.668871e-01	3.465865e-01	2.100734e-01	9.783638e-02	3.784958e-01	8.250798e-01	7.671100e+00	
128  33.6259	4.745066e-01	8.093027e-02	-2.581268e+00	1.363044e+00	-1.099026e+00	4.325284e-01	3.322603e-01	2.181102e-01	1.519463e-01	6.672829e-01	8.250798e-01	7.671100e+00	
2  32.64	4.745066e-01	7.801626e-02	-2.548794e+00	1.268366e+00	-1.640441e+00	4.019450e-01	3.254490e-01	1.771904e-01	1.170608e-01	9.481548e-01	8.250798e-01	7.671100e+00	
8  32.8441	4.745066e-01	1.114578e-01	-3.214128e+00	1.360118e+00	-2.158811e+00	4.285714e-01	2.846854e-01	1.748402e-01	7.686207e-02	8.191790e-01	8.250798e-01	7.671100e+00	
63  30.6654	4.745066e-01	3.152425e-01	-4.006917e+00	1.403388e+00	-1.935846e+00	3.943083e-01	3.271255e-01	1.565514e-01	7.667246e-02	6.935424e-01	8.250798e-01	7.671100e+00	
93  26.4519	4.745066e-01	4.704622e-01	-4.676227e+00	1.337200e+00	-2.300575e+00	3.705329e-01	2.866407e-01	1.690797e-01	5.688920e-02	1.574579e-01	8.250798e-01	7.671100e+00	
20  23.0607	5.695861e-01	4.704622e-01	-4.676227e+00	1.337200e+00	-2.300575e+00	3.705329e-01	2.866407e-01	1.690797e-01	5.688920e-02	1.574579e-01	8.298691e-01	7.671100e+00	
950  23.4219	7.307648e-01	4.704622e-01	-4.676227e+00	1.337200e+00	-2.300575e+00	3.705329e-01	2.866407e-01	1.690797e-01	5.688920e-02	1.574579e-01	8.281079e-01	7.671100e+00	
2202  22.6198	5.300270e-01	4.704622e-01	-4.676227e+00	1.337200e+00	-2.300575e+00	3.705329e-01	2.866407e-01	1.690797e-01	5.688920e-02	1.574579e-01	8.302685e-01	7.671100e+00	
78  29.4704	5.300270e-01	2.705608e-01	-3.555128e+00	1.374577e+00	-2.005058e+00	3.917795e-01	3.002663e-01	1.991151e-01	3.740219e-02	4.199822e-01	8.302685e-01	7.671100e+00	
20  29.2196	7.054627e-01	2.705608e-01	-3.555128e+00	1.374577e+00	-2.005058e+00	3.917795e-01	3.002663e-01	1.991151e-01	3.740219e-02	4.199822e-01	8.249380e-01	7.671100e+00	
40  29.0102	7.215209e-01	2.705608e-01	-3.555128e+00	1.374577e+00	-2.005058e+00	3.917795e-01	3.002663e-01	1.991151e-01	3.740219e-02	4.199822e-01	8.256958e-01	7.671100e+00	
100  29.3139	6.640916e-01	2.705608e-01	-3.555128e+00	1.374577e+00	-2.005058e+00	3.917795e-01	3.002663e-01	1.991151e-01	3.740219e-02	4.199822e-01	8.285350e-01	7.671100e+00	
324  29.3287	7.927047e-01	2.705608e-01	-3.555128e+00	1.374577e+00	-2.005058e+00	3.917795e-01	3.002663e-01	1.991151e-01	3.740219e-02	4.199822e-01	8.274705e-01	7.671100e+00	
28  29.5831	7.927047e-01	3.385366e-01	-2.983611e+00	1.404857e+00	-9.782478e-01	3.624073e-01	3.362758e-01	1.546940e-01	7.846696e-02	2.607067e-01	8.274705e-01	7.671100e+00	
12  29.3132	7.927047e-01	3.167133e-01	-3.638889e+00	1.344725e+00	-1.771965e+00	3.542890e-01	3.075123e-01	2.055990e-01	6.948728e-02	3.569871e-01	8.274705e-01	7.671100e+00	
286  28.6939	7.927047e-01	1.100846e-01	-3.390573e+00	1.379561e+00	-2.110056e+00	3.726104e-01	3.137909e-01	1.924499e-01	9.809329e-02	5.266676e-01	8.274705e-01	7.671100e+00	
58  28.6473	7.843097e-01	1.100846e-01	-3.390573e+00	1.379561e+00	-2.110056e+00	3.726104e-01	3.137909e-01	1.924499e-01	9.809329e-02	5.266676e-01	8.267223e-01	7.671100e+00	
32  28.6405	7.843097e-01	1.264067e-01	-3.472219e+00	1.251611e+00	-2.292049e+00	3.693290e-01	3.427372e-01	1.605172e-01	6.367626e-02	5.521613e-01	8.267223e-01	7.671100e+00	
60  30.1216	9.752488e-01	1.264067e-01	-3.472219e+00	1.251611e+00	-2.292049e+00	3.693290e-01	3.427372e-01	1.605172e-01	6.367626e-02	5.521613e-01	8.263450e-01	7.671100e+00	
220  28.6473	7.763936e-01	1.264067e-01	-3.472219e+00	1.251611e+00	-2.292049e+00	3.693290e-01	3.427372e-01	1.605172e-01	6.367626e-02	5.521613e-01	8.255619e-01	7.671100e+00	
100  29.1496	8.522831e-01	1.264067e-01	-3.472219e+00	1.251611e+00	-2.292049e+00	3.693290e-01	3.427372e-01	1.605172e-01	6.367626e-02	5.521613e-01	8.272785e-01	7.671100e+00	
80  29.2113	8.538067e-01	1.264067e-01	-3.472219e+00	1.251611e+00	-2.292049e+00	3.693290e-01	3.427372e-01	1.605172e-01	6.367626e-02	5.521613e-01	8.267675e-01	7.671100e+00	
160  29.8447	9.992394e-01	1.264067e-01	-3.472219e+00	1.251611e+00	-2.292049e+00	3.693290e-01	3.427372e-01	1.605172e-01	6.367626e-02	5.521613e-01	8.265409e-01	7.671100e+00	
210  29.5751	6.481523e-01	1.264067e-01	-3.472219e+00	1.251611e+00	-2.292049e+00	3.693290e-01	3.427372e-01	1.605172e-01	6.367626e-02	5.521613e-01	8.284789e-01	7.671100e+00	
69  29.9571	5.959677e-01	1.264067e-01	-3.472219e+00	1.251611e+00	-2.292049e+00	3.693290e-01	3.427372e-01	1.605172e-01	6.367626e-02	5.521613e-01	8.259071e-01	7.671100e+00	
101  31.2905	5.959677e-01	3.115376e-01	-2.968683e+00	1.299954e+00	-3.230078e+00	3.647853e-01	3.018497e-01	1.449334e-01	6.896584e-02	3.534205e-01	8.259071e-01	7.671100e+00	
31  29.0384	4.149286e-02	3.115376e-01	-2.968683e+00	1.299954e+00	-3.230078e+00	3.647853e-01	3.018497e-01	1.449334e-01	6.896584e-02	3.534205e-01	8.318499e-01	7.671100e+00	
13  28.608	4.149286e-02	2.988259e-02	-2.909649e+00	1.360216e+00	-4.751605e+00	3.288683e-01	3.634035e-01	1.805871e-01	6.416595e-02	5.420918e-01	8.318499e-01	7.671100e+00	
37  28.9501	4.149286e-02	1.456678e-01	-2.054503e+00	1.331425e+00	-3.894950e+00	3.136360e-01	3.308637e-01	1.612381e-01	9.148794e-02	3.935450e-01	8.318499e-01	7.671100e+00	
47  25.1116	4.149286e-02	7.802019e-02	-2.673703e+00	1.412470e+00	-3.823889e+00	3.305711e-01	3.372794e-01	1.674505e-01	7.353258e-02	2.240444e-01	8.318499e-01	7.671100e+00	
105  23.3253	4.149286e-02	1.946293e-01	-2.802082e+00	1.336529e+00	-2.635757e+00	3.612683e-01	3.018364e-01	2.152552e-01	5.330058e-02	1.485487e-01	8.318499e-01	7.671100e+00	
608  23.949	4.149286e-02	1.733204e-01	-2.683081e+00	1.372116e+00	-4.157144e+00	3.542100e-01	3.380877e-01	2.456400e-01	1.210213e-01	2.726509e-01	8.318499e-01	7.671100e+00	
667  23.1445	4.149286e-02	2.251788e-01	-3.038083e+00	1.421508e+00	-4.405739e+00	3.393253e-01	3.313840e-01	2.321357e-01	8.414597e-02	7.294411e-02	8.318499e-01	7.671100e+00	
39  28.1786	4.149286e-02	3.572950e-01	-3.575930e+00	1.445900e+00	-4.575672e+00	4.217730e-01	2.749043e-01	1.918493e-01	1.015112e-01	1.748476e-01	8.318499e-01	7.671100e+00	
20  29.0208	4.149286e-02	2.369699e-01	-3.635554e+00	1.415994e+00	-4.323052e+00	4.193915e-01	3.064075e-01	1.675205e-01	7.735056e-02	5.186258e-01	8.318499e-01	7.671100e+00	
2  28.5346	4.149286e-02	2.335710e-01	-2.846541e+00	1.436251e+00	-4.139523e+00	3.654988e-01	3.373947e-01	1.838908e-01	9.960118e-02	7.482701e-01	8.318499e-01	7.671100e+00	
8  26.9602	4.149286e-02	2.763822e-01	-2.196933e+00	1.539957e+00	-4.107140e+00	4.011304e-01	3.446350e-01	1.636354e-01	9.231408e-02	3.659604e-01	8.318499e-01	7.671100e+00	
38  25.7472	4.149286e-02	1.148701e-01	-2.808351e+00	1.485068e+00	-4.010371e+00	4.311755e-01	3.649438e-01	1.966888e-01	7.141697e-02	5.209259e-01	8.318499e-01	7.671100e+00	
19  24.0566	4.149286e-02	1.782692e-01	-3.431520e+00	1.604012e+00	-4.595555e+00	3.731575e-01	3.039805e-01	1.936661e-01	4.295564e-02	3.767818e-01	8.318499e-01	7.671100e+00	
88  26.1181	4.149286e-02	1.070206e-01	-4.202096e+00	1.677568e+00	-4.173999e+00	3.308626e-01	2.713130e-01	2.203513e-01	7.656087e-02	2.556715e-01	8.318499e-01	7.671100e+00	
40  25.5629	4.149286e-02	8.304843e-02	-4.576334e+00	1.605693e+00	-4.107034e+00	3.990365e-01	2.842497e-01	2.369985e-01	1.222084e-01	2.616590e-01	8.318499e-01	7.671100e+00	
16  24.0408	4.149286e-02	2.719829e-01	-3.244234e+00	1.533323e+00	-4.246829e+00	3.743753e-01	2.969726e-01	1.889525e-01	1.191963e-01	1.044416e-01	8.318499e-01	7.671100e+00	
39  24.7438	4.149286e-02	5.906105e-02	-2.727883e+00	1.516108e+00	-3.071839e+00	3.720131e-01	3.389450e-01	2.527490e-01	8.687156e-02	3.455400e-01	8.318499e-01	7.671100e+00	
88  24.7363	4.149286e-02	1.381881e-02	-1.989343e+00	1.515813e+00	-2.526035e+00	3.487127e-01	3.449925e-01	2.278053e-01	8.206372e-02	2.968572e-01	8.318499e-01	7.671100e+00	
39  25.6614	4.149286e-02	1.742441e-01	-2.408180e+00	1.387015e+00	-3.083658e+00	3.921305e-01	3.619616e-01	2.308640e-01	7.424167e-02	6.341567e-01	8.318499e-01	7.671100e+00	
22  27.2445	4.149286e-02	8.738958e-02	-2.786004e+00	1.350404e+00	-2.970673e+00	3.723409e-01	3.682524e-01	2.198846e-01	8.065751e-02	8.317414e-01	8.318499e-01	7.671100e+00	
15  27.3268	4.149286e-02	2.701266e-01	-2.896243e+00	1.319722e+00	-3.836478e+00	3.618081e-01	3.414588e-01	2.275776e-01	1.014368e-01	6.968889e-01	8.318499e-01	7.671100e+00	
18  26.3146	4.149286e-02	1.054650e-01	-3.438805e+00	1.263004e+00	-4.111338e+00	3.390365e-01	3.511672e-01	2.660162e-01	7.265106e-02	3.826706e-01	8.318499e-01	7.671100e+00	
2  27.368	4.149286e-02	4.544587e-03	-4.221951e+00	1.211608e+00	-4.181585e+00	3.707340e-01	4.031638e-01	2.565714e-01	3.383125e-02	2.267611e-01	8.318499e-01	7.671100e+00	
48  25.9548	4.149286e-02	5.213834e-02	-3.899353e+00	1.226577e+00	-3.773730e+00	3.694282e-01	3.702464e-01	2.479738e-01	5.521007e-02	3.060929e-02	8.318499e-01	7.671100e+00	
122  23.2099	4.149286e-02	1.407372e-01	-4.355122e+00	1.340958e+00	-3.782141e+00	3.361777e-01	3.123235e-01	2.396101e-01	6.346949e-02	7.528041e-02	8.318499e-01	7.671100e+00	
27  25.5934	4.149286e-02	1.885160e-01	-3.341140e+00	1.341967e+00	-3.379669e+00	3.669126e-01	3.227990e-01	2.842242e-01	7.351636e-02	3.032893e-01	8.318499e-01	7.671100e+00	
98  26.7518	4.149286e-02	1.951470e-01	-4.727267e+00	1.305983e+00	-2.306180e+00	2.756836e-01	3.614859e-01	2.065524e-01	8.301019e-02	2.364260e-01	8.318499e-01	7.671100e+00	
3  26.5379	4.149286e-02	8.936333e-02	-3.757168e+00	1.413543e+00	-2.725726e+00	3.147821e-01	4.158832e-01	1.844715e-01	9.078812e-02	2.661290e-01	8.318499e-01	7.671100e+00	
18  26.1744	4.149286e-02	4.355030e-02	-4.132846e+00	1.266778e+00	-3.450656e+00	3.301656e-01	3.817852e-01	2.013148e-01	1.266331e-01	1.742693e-01	8.318499e-01	7.671100e+00	
44  27.0791	4.149286e-02	1.154562e-01	-4.411064e+00	1.393997e+00	-3.619372e+00	3.700094e-01	3.755956e-01	2.052922e-01	1.853880e-01	8.211426e-02	8.318499e-01	7.671100e+00	
128  28.9458	4.149286e-02	1.777524e-01	-4.050441e+00	1.417386e+00	-2.993591e+00	3.693670e-01	4.012643e-01	2.883390e-01	1.973922e-01	8.309620e-01	8.318499e-01	7.671100e+00	
77  29.077	4.149286e-02	1.165906e-01	-4.690646e+00	1.363083e+00	-3.514237e+00	4.064795e-01	3.526624e-01	2.258872e-01	1.851002e-01	8.376435e-01	8.318499e-01	7.671100e+00	
15  29.8586	4.149286e-02	5.109666e-02	-4.945668e+00	1.359169e+00	-2.709287e+00	3.840463e-01	3.337395e-01	1.982499e-01	1.443028e-01	8.812177e-01	8.318499e-01	7.671100e+00	
160  27.3884	4.149286e-02	2.863907e-02	-4.037045e+00	1.522653e+00	-2.476857e+00	4.023846e-01	3.684236e-01	2.178729e-01	1.589131e-01	3.424929e-01	8.318499e-01	7.671100e+00	
21  28.4531	4.149286e-02	9.620715e-03	-4.919443e+00	1.575082e+00	-2.772929e+00	3.912173e-01	4.040164e-01	2.659383e-01	9.403667e-02	8.976666e-02	8.318499e-01	7.671100e+00	
322  25.8446	4.149286e-02	1.313890e-01	-4.988513e+00	1.387605e+00	-3.658336e+00	3.612369e-01	4.118226e-01	2.788048e-01	3.254605e-02	5.328293e-01	8.318499e-01	7.671100e+00	
7  26.5553	4.149286e-02	5.975814e-02	-4.646822e+00	1.340988e+00	-3.648230e+00	3.627430e-01	4.109955e-01	2.467185e-01	9.992400e-02	8.193727e-01	8.318499e-01	7.671100e+00	
18  26.1843	4.149286e-02	2.679667e-01	-4.835065e+00	1.371374e+00	-3.861641e+00	3.720821e-01	3.937665e-01	2.837354e-01	5.375175e-02	6.572972e-01	8.318499e-01	7.671100e+00	
108  27.1596	4.149286e-02	2.829768e-01	-4.361451e+00	1.404444e+00	-4.512973e+00	4.101776e-01	4.031280e-01	2.906193e-01	4.927907e-02	6.464842e-01	8.318499e-01	7.671100e+00	
24  26.1575	4.149286e-02	4.406357e-02	-3.932782e+00	1.442323e+00	-4.639913e+00	3.975312e-01	3.781924e-01	1.979613e-01	8.800305e-02	6.745530e-01	8.318499e-01	7.671100e+00	
71  24.9413	4.149286e-02	2.755581e-01	-3.566882e+00	1.481219e+00	-3.703704e+00	3.656450e-01	3.442025e-01	2.249023e-01	8.143801e-02	2.632067e-01	8.318499e-01	7.671100e+00	
29  24.0885	4.149286e-02	5.841636e-03	-4.468754e+00	1.537949e+00	-3.598081e+00	3.835055e-01	3.414477e-01	1.989306e-01	1.072976e-01	3.549928e-01	8.318499e-01	7.671100e+00	
137  23.3582	4.149286e-02	1.359378e-01	-4.312367e+00	1.502865e+00	-4.167508e+00	3.809653e-01	3.137395e-01	1.840844e-01	8.369514e-02	3.066074e-01	8.318499e-01	7.671100e+00	
117  22.4767	4.149286e-02	9.516705e-02	-4.860191e+00	1.526746e+00	-3.887978e+00	3.972507e-01	3.049455e-01	1.888005e-01	4.955725e-02	3.743340e-02	8.318499e-01	7.671100e+00	
26  24.3576	4.149286e-02	2.574556e-01	-3.572105e+00	1.361822e+00	-4.312972e+00	3.651274e-01	3.139247e-01	1.821232e-01	5.893679e-02	1.871999e-01	8.318499e-01	7.671100e+00	
124  24.6753	4.149286e-02	2.499667e-01	-3.657843e+00	1.391615e+00	-3.641037e+00	3.566338e-01	3.008611e-01	2.163772e-01	5.821671e-02	4.042375e-01	8.318499e-01	7.671100e+00	
112  26.743	4.149286e-02	2.186203e-01	-3.182620e+00	1.231313e+00	-3.551980e+00	3.521916e-01	2.987324e-01	2.012348e-01	3.590286e-02	2.087607e-01	8.318499e-01	7.671100e+00	
332  23.5664	4.149286e-02	2.075642e-01	-3.994101e+00	1.319297e+00	-3.413258e+00	3.020110e-01	3.012745e-01	2.113000e-01	6.974173e-02	4.184451e-02	8.318499e-01	7.671100e+00	
188  24.2163	4.149286e-02	2.789470e-01	-4.121806e+00	1.313724e+00	-3.428289e+00	3.382798e-01	3.028496e-01	2.362823e-01	5.962641e-02	3.013920e-01	8.318499e-01	7.671100e+00	
177  25.0521	4.149286e-02	2.822797e-01	-4.197772e+00	1.345100e+00	-3.920547e+00	3.171057e-01	2.620727e-01	1.982027e-01	8.097717e-02	1.375736e-01	8.318499e-01	7.671100e+00	
244  23.9885	4.149286e-02	8.071838e-02	-4.442058e+00	1.482965e+00	-3.524312e+00	3.242663e-01	2.907778e-01	1.962178e-01	8.075210e-02	5.071632e-02	8.318499e-01	7.671100e+00	
39  27.2647	4.149286e-02	2.699745e-01	-4.645579e+00	1.264011e+00	-3.669522e+00	3.769963e-01	2.984000e-01	2.297861e-01	9.111729e-02	1.765348e-02	8.318499e-01	7.671100e+00	
204  24.139	4.149286e-02	1.772599e-01	-3.609805e+00	1.204580e+00	-2.929477e+00	3.641479e-01	3.495413e-01	2.243774e-01	9.604250e-02	8.548910e-02	8.318499e-01	7.671100e+00	
2  24.8697	4.149286e-02	1.672105e-01	-3.473313e+00	1.193450e+00	-3.548309e+00	3.692014e-01	3.971500e-01	2.360258e-01	8.099632e-02	2.946214e-01	8.318499e-01	7.671100e+00	
76  25.5916	4.149286e-02	1.729116e-01	-3.902185e+00	1.220518e+00	-4.491493e+00	3.765975e-01	3.901401e-01	2.621394e-01	1.169732e-01	4.214399e-01	8.318499e-01	7.671100e+00	
3  29.0226	4.149286e-02	2.354730e-01	-3.732540e+00	1.113901e+00	-4.331485e+00	4.026076e-01	4.030805e-01	2.431070e-01	1.363420e-01	9.277769e-01	8.318499e-01	7.671100e+00	
13  28.4245	4.149286e-02	3.019130e-01	-4.443821e+00	1.295163e+00	-4.198431e+00	4.091514e-01	3.635114e-01	2.732603e-01	1.191334e-01	9.286840e-01	8.318499e-01	7.671100e+00	
19  27.6054	4.149286e-02	1.142897e-01	-3.603251e+00	1.308567e+00	-3.461860e+00	4.040431e-01	3.453808e-01	2.392793e-01	4.757779e-02	7.579492e-01	8.318499e-01	7.671100e+00	
2  27.783	4.149286e-02	3.242541e-01	-2.390590e+00	1.328179e+00	-1.941383e+00	3.779271e-01	3.368786e-01	2.174033e-01	3.371882e-02	7.373032e-01	8.318499e-01	7.671100e+00	
7  28.6446	4.149286e-02	4.535534e-01	-3.502007e+00	1.280108e+00	-2.729288e+00	3.799958e-01	3.501597e-01	2.645698e-01	3.264834e-02	8.153789e-01	8.318499e-01	7.671100e+00	
46  25.9987	4.149286e-02	2.985616e-01	-4.685210e+00	1.189302e+00	-3.720590e+00	3.527636e-01	3.610885e-01	2.612921e-01	4.850838e-02	5.107652e-01	8.318499e-01	7.671100e+00	
162  25.4468	4.149286e-02	2.896777e-01	-3.997617e+00	1.229236e+00	-2.856596e+00	3.052524e-01	3.036682e-01	2.479242e-01	6.063203e-02	3.108089e-02	8.318499e-01	7.671100e+00	
326  24.4261	4.149286e-02	2.792543e-01	-3.558632e+00	1.318079e+00	-3.096904e+00	3.531274e-01	3.111000e-01	2.118325e-01	3.086575e-02	1.604556e-01	8.318499e-01	7.671100e+00	
17  25.3432	4.149286e-02	1.126048e-01	-2.651712e+00	1.279585e+00	-2.943306e+00	3.663090e-01	3.058219e-01	2.194591e-01	4.436989e-02	1.299938e-02	8.318499e-01	7.671100e+00	
63  26.4696	4.149286e-02	1.658924e-01	-2.827372e+00	1.224527e+00	-3.685377e+00	3.573695e-01	3.191375e-01	1.898370e-01	4.423217e-02	1.500951e-01	8.318499e-01	7.671100e+00	
184  26.5177	4.149286e-02	1.536237e-01	-3.083868e+00	1.319617e+00	-3.891884e+00	3.732115e-01	3.469179e-01	2.959243e-01	5.735622e-02	4.786891e-01	8.318499e-01	7.671100e+00	
31  27.2187	4.149286e-02	2.594078e-01	-2.493330e+00	1.295916e+00	-4.996738e+00	3.810081e-01	3.178914e-01	2.782023e-01	6.938068e-02	4.839599e-01	8.318499e-01	7.671100e+00	
1  26.3211	4.149286e-02	2.725056e-01	-1.573620e+00	1.371769e+00	-4.402348e+00	3.370079e-01	3.235573e-01	2.718420e-01	8.908954e-02	4.493000e-01	8.318499e-01	7.671100e+00	
44  25.6232	4.149286e-02	1.710171e-01	-1.443828e+00	1.345320e+00	-4.203209e+00	3.749293e-01	3.588730e-01	2.833947e-01	8.639500e-02	2.860981e-01	8.318499e-01	7.671100e+00	
82  25.8318	4.149286e-02	2.138387e-02	-3.564984e+00	1.381308e+00	-4.621580e+00	3.468437e-01	3.526445e-01	2.679154e-01	1.156033e-01	1.086751e-01	8.318499e-01	7.671100e+00	
33  24.3253	4.149286e-02	9.285046e-02	-2.942803e+00	1.318268e+00	-4.567061e+00	3.687314e-01	3.638206e-01	2.296209e-01	4.752958e-02	1.968216e-01	8.318499e-01	7.671100e+00	
2  27.1364	4.149286e-02	2.844360e-01	-3.717810e+00	1.389721e+00	-3.580128e+00	3.765940e-01	3.445799e-01	2.714674e-01	9.446187e-02	7.679932e-01	8.318499e-01	7.671100e+00	
2  27.9735	4.149286e-02	2.478085e-01	-3.852913e+00	1.404099e+00	-4.121252e+00	3.744819e-01	3.566838e-01	2.446867e-01	1.573518e-01	8.202901e-01	8.318499e-01	7.671100e+00	
16  28.0886	4.149286e-02	1.685922e-02	-3.758221e+00	1.461638e+00	-3.797448e+00	3.455608e-01	3.384051e-01	2.643651e-01	1.379300e-01	6.491944e-01	8.318499e-01	7.671100e+00	
15  28.543	4.149286e-02	3.451740e-01	-3.490375e+00	1.450551e+00	-4.653468e+00	4.332522e-01	3.342347e-01	2.766642e-01	7.276451e-02	8.086826e-01	8.318499e-01	7.671100e+00	
29  29.5162	4.149286e-02	2.756166e-01	-3.580149e+00	1.497665e+00	-4.828333e+00	4.776148e-01	3.982381e-01	3.030680e-01	4.817688e-02	7.095719e-01	8.318499e-01	7.671100e+00	
75  28.5908	4.149286e-02	4.816979e-02	-3.049976e+00	1.509027e+00	-2.601817e+00	4.642146e-01	3.632681e-01	3.012496e-01	2.582603e-02	8.270514e-01	8.318499e-01	7.671100e+00	
24  26.3301	4.149286e-02	5.158945e-02	-4.432319e+00	1.582238e+00	-3.540555e+00	4.329919e-01	4.028283e-01	2.826977e-01	2.430134e-02	6.796527e-01	8.318499e-01	7.671100e+00	
10  28.9797	4.149286e-02	2.284282e-01	-3.679216e+00	1.637799e+00	-3.529567e+00	4.260547e-01	4.266893e-01	2.850909e-01	7.699729e-02	5.517246e-01	8.318499e-01	7.671100e+00	
18  24.7619	4.149286e-02	9.632042e-02	-1.904810e+00	1.635479e+00	-3.765363e+00	4.044764e-01	3.901076e-01	2.351632e-01	6.374147e-02	4.146695e-01	8.318499e-01	7.671100e+00	
104  25.3004	4.149286e-02	7.780830e-02	-3.193045e+00	1.685554e+00	-4.428353e+00	4.400548e-01	3.542125e-01	2.582356e-01	4.855733e-02	2.384707e-01	8.318499e-01	7.671100e+00	
54  26.6031	4.149286e-02	1.271685e-02	-3.674362e+00	1.602577e+00	-4.242556e+00	4.216260e-01	3.311383e-01	2.609214e-01	6.605612e-02	7.057848e-01	8.318499e-01	7.671100e+00	
7  24.824	4.149286e-02	1.132580e-01	-4.328447e+00	1.634647e+00	-2.969246e+00	3.687963e-01	3.716659e-01	2.090800e-01	5.466966e-02	5.918643e-01	8.318499e-01	7.671100e+00	
145  25.2959	4.149286e-02	1.305275e-01	-4.480602e+00	1.589516e+00	-4.649964e+00	3.640233e-01	3.298829e-01	2.238042e-01	3.206716e-02	5.597030e-01	8.318499e-01	7.671100e+00	
44  28.9824	4.149286e-02	4.922032e-02	-4.853892e+00	1.539537e+00	-4.953802e+00	4.276323e-01	2.607070e-01	2.566252e-01	5.611790e-02	9.822510e-02	8.318499e-01	7.671100e+00	
24  30.2234	4.149286e-02	1.810118e-03	-4.819017e+00	1.577637e+00	-4.359787e+00	4.439585e-01	2.851764e-01	2.393132e-01	6.948185e-02	7.483877e-01	8.318499e-01	7.671100e+00	
45  29.0749	4.149286e-02	2.590054e-01	-4.679782e+00	1.448979e+00	-3.565487e+00	4.412182e-01	2.835024e-01	1.968091e-01	6.654549e-02	4.053174e-01	8.318499e-01	7.671100e+00	
15  29.2711	4.149286e-02	3.618912e-01	-4.872050e+00	1.425639e+00	-3.757143e+00	4.351522e-01	3.501323e-01	1.818047e-01	5.018608e-02	6.636932e-01	8.318499e-01	7.671100e+00	
4  27.8478	4.149286e-02	3.009343e-01	-4.544567e+00	1.460189e+00	-3.320450e+00	3.986579e-01	3.565711e-01	1.788281e-01	5.266032e-02	7.479238e-01	8.318499e-01	7.671100e+00	
17  29.1764	4.149286e-02	2.033076e-01	-4.249112e+00	1.490973e+00	-3.518334e+00	3.750003e-01	3.350448e-01	1.518368e-01	7.613047e-02	7.552192e-01	8.318499e-01	7.671100e+00	
11  25.7387	4.149286e-02	4.099916e-02	-4.170056e+00	1.488096e+00	-3.030407e+00	3.786685e-01	3.501139e-01	1.454247e-01	1.050918e-01	3.104209e-01	8.318499e-01	7.671100e+00	
48  28.2697	4.149286e-02	8.144040e-04	-3.704710e+00	1.533256e+00	-2.442495e+00	4.141977e-01	3.716371e-01	1.755857e-01	1.546508e-01	1.584369e-01	8.318499e-01	7.671100e+00	
62  27.2093	4.149286e-02	1.872666e-01	-3.399199e+00	1.577607e+00	-3.362012e+00	3.797183e-01	2.843262e-01	2.190650e-01	1.748774e-01	1.161830e-01	8.318499e-01	7.671100e+00	
5  28.5187	4.149286e-02	3.131745e-01	-2.322883e+00	1.553052e+00	-3.302989e+00	3.367647e-01	3.181550e-01	2.543326e-01	1.430050e-01	5.150049e-01	8.318499e-01	7.671100e+00	
35  27.82	4.149286e-02	2.198245e-01	-2.498606e+00	1.601155e+00	-4.172397e+00	3.111926e-01	3.259094e-01	2.360201e-01	1.045227e-01	5.624569e-01	8.318499e-01	7.671100e+00	
16  28.1339	4.149286e-02	3.483236e-01	-2.868716e+00	1.536903e+00	-3.920678e+00	3.353400e-01	3.796434e-01	2.442237e-01	4.159104e-02	6.792937e-01	8.318499e-01	7.671100e+00	
42  24.8436	4.149286e-02	2.746019e-02	-4.857789e+00	1.439169e+00	-4.373316e+00	3.740391e-01	3.139919e-01	2.326779e-01	9.923617e-02	2.265863e-01	8.318499e-01	7.671100e+00	
3  26.0707	4.149286e-02	1.627560e-01	-3.824772e+00	1.398180e+00	-3.395545e+00	4.079220e-01	3.078871e-01	2.258199e-01	1.183762e-01	1.731090e-01	8.318499e-01	7.671100e+00	
7  26.5613	4.149286e-02	5.998797e-02	-4.203129e+00	1.355095e+00	-3.646940e+00	3.742211e-01	3.688965e-01	1.460343e-01	7.079022e-02	1.614892e-01	8.318499e-01	7.671100e+00	
105  26.693	4.149286e-02	2.621808e-01	-4.056311e+00	1.254217e+00	-3.530029e+00	3.610116e-01	3.439496e-01	1.816585e-01	1.241711e-01	3.523790e-03	8.318499e-01	7.671100e+00	
70  25.2981	4.149286e-02	1.894332e-01	-3.728749e+00	1.233709e+00	-3.194838e+00	3.086750e-01	3.950782e-01	1.961376e-01	9.647105e-02	1.881576e-01	8.318499e-01	7.671100e+00	
2  26.3921	4.149286e-02	1.565319e-01	-2.635226e+00	1.304799e+00	-1.905835e+00	3.528517e-01	4.139574e-01	2.370827e-01	7.057228e-02	1.230853e-01	8.318499e-01	7.671100e+00	
4  26.3328	4.149286e-02	1.677953e-01	-3.044572e+00	1.297086e+00	-2.212996e+00	3.958761e-01	4.135976e-01	1.849715e-01	5.413708e-02	4.774090e-01	8.318499e-01	7.671100e+00	
22  26.3138	4.149286e-02	1.385333e-02	-3.420019e+00	1.464004e+00	-2.174524e+00	3.777314e-01	4.149337e-01	1.610391e-01	5.400274e-02	6.001025e-01	8.318499e-01	7.671100e+00	
44  25.8486	4.149286e-02	5.989132e-02	-3.531397e+00	1.397668e+00	-2.642588e+00	3.565426e-01	3.826578e-01	1.472492e-01	1.033527e-01	1.326060e-01	8.318499e-01	7.671100e+00	
9  26.2105	4.149286e-02	1.113700e-01	-3.730106e+00	1.312621e+00	-3.078982e+00	3.929024e-01	3.776076e-01	2.021101e-01	1.380647e-01	2.041474e-01	8.318499e-01	7.671100e+00	
6  26.1573	4.149286e-02	1.403462e-01	-2.835516e+00	1.262245e+00	-2.602395e+00	3.476699e-01	3.421898e-01	1.840462e-01	1.267243e-01	3.355504e-01	8.318499e-01	7.671100e+00	
94  24.3384	4.149286e-02	2.070454e-01	-2.715061e+00	1.282630e+00	-3.251048e+00	3.504112e-01	3.407137e-01	2.213174e-01	1.159533e-01	3.328481e-01	8.318499e-01	7.671100e+00	
56  25.2735	4.149286e-02	1.551592e-01	-3.295569e+00	1.338341e+00	-2.681421e+00	3.407893e-01	3.421554e-01	2.734809e-01	8.214688e-02	2.940033e-01	8.318499e-01	7.671100e+00	
31  25.7244	4.149286e-02	2.347735e-01	-3.157884e+00	1.351955e+00	-2.098269e+00	3.531039e-01	3.659060e-01	2.614416e-01	7.002232e-02	4.980777e-01	8.318499e-01	7.671100e+00	
22  25.0271	4.149286e-02	1.433197e-01	-2.630993e+00	1.344179e+00	-2.805476e+00	3.862829e-01	3.667656e-01	2.251605e-01	9.510451e-02	1.554205e-01	8.318499e-01	7.671100e+00	
17  24.3956	4.149286e-02	1.574555e-01	-1.455264e+00	1.329777e+00	-2.587335e+00	3.682324e-01	3.307127e-01	2.425042e-01	8.225786e-02	2.406238e-01	8.318499e-01	7.671100e+00	
54  26.4313	4.149286e-02	1.667275e-01	-1.016265e+00	1.380076e+00	-2.721174e+00	4.065813e-01	3.703939e-01	2.471916e-01	7.961189e-02	6.834145e-01	8.318499e-01	7.671100e+00	
32  26.3815	4.149286e-02	1.303558e-01	-1.649841e+00	1.418950e+00	-3.835681e+00	3.704801e-01	3.758129e-01	2.292079e-01	1.164577e-01	7.202682e-01	8.318499e-01	7.671100e+00	
38  25.2615	4.149286e-02	1.432321e-01	-6.961660e-01	1.413917e+00	-3.794861e+00	3.857170e-01	3.404320e-01	2.665049e-01	8.208807e-02	3.914693e-01	8.318499e-01	7.671100e+00	
7  29.598	4.149286e-02	3.372625e-01	-8.845487e-01	1.405366e+00	-3.855548e+00	3.447681e-01	2.875230e-01	1.910390e-01	6.774140e-02	5.653619e-01	8.318499e-01	7.671100e+00	
9  29.0848	4.149286e-02	1.567244e-01	-6.011644e-01	1.487380e+00	-3.215282e+00	3.242074e-01	3.457086e-01	1.778196e-01	3.218892e-02	7.075906e-01	8.318499e-01	7.671100e+00	
106  25.7454	4.149286e-02	1.791410e-01	-1.139747e+00	1.473451e+00	-3.407201e+00	3.718575e-01	3.681064e-01	2.580131e-01	7.564032e-02	6.117675e-01	8.318499e-01	7.671100e+00	
48  26.3286	4.149286e-02	9.021221e-02	1.382332e-01	1.495549e+00	-2.914861e+00	3.646651e-01	3.495233e-01	2.653112e-01	9.025097e-02	1.001031e-01	8.318499e-01	7.671100e+00	
16  27.4377	4.149286e-02	5.552338e-02	-3.610740e-01	1.465813e+00	-2.270168e+00	3.458044e-01	3.664579e-01	2.209577e-01	6.949713e-02	8.240168e-01	8.318499e-01	7.671100e+00	
72  26.9468	4.149286e-02	1.167585e-01	-6.418944e-01	1.397707e+00	-1.734273e+00	3.535312e-01	4.104757e-01	2.573273e-01	8.017258e-02	4.789127e-01	8.318499e-01	7.671100e+00	
68  26.9709	4.149286e-02	9.484418e-02	-4.205660e-01	1.327664e+00	-1.516760e+00	3.548181e-01	4.200980e-01	2.387316e-01	3.238147e-02	2.684269e-01	8.318499e-01	7.671100e+00	
20  27.4015	4.149286e-02	1.109481e-01	-5.820272e-01	1.310610e+00	-1.266463e+00	3.187539e-01	3.867955e-01	2.199121e-01	5.994888e-02	4.021297e-01	8.318499e-01	7.671100e+00	
64  30.6076	4.149286e-02	2.040377e-01	-1.099784e-01	1.358763e+00	-7.696931e-01	3.591535e-01	2.620807e-01	1.720121e-01	7.046410e-02	4.241285e-01	8.318499e-01	7.671100e+00	
20  31.4502	4.149286e-02	1.315966e-01	4.326486e-01	1.483230e+00	-8.709980e-01	4.107738e-01	2.652376e-01	1.900607e-01	6.776666e-02	1.100933e-01	8.318499e-01	7.671100e+00	
19  37.0364	4.149286e-02	1.274023e-01	8.347850e-01	1.472398e+00	-1.362486e+00	4.443303e-01	2.755451e-01	2.393294e-01	1.050714e-01	4.038891e-02	8.318499e-01	7.671100e+00	
1  35.8891	4.149286e-02	9.340823e-02	6.432410e-01	1.460409e+00	-1.718416e+00	4.758075e-01	3.286385e-01	2.463235e-01	1.202075e-01	2.686783e-01	8.318499e-01	7.671100e+00	
72  33.1578	4.149286e-02	7.098276e-02	6.702859e-01	1.415148e+00	-9.331782e-01	5.062942e-01	4.163093e-01	2.155857e-01	9.939830e-02	5.598299e-01	8.318499e-01	7.671100e+00	
12  30.5744	4.149286e-02	1.130342e-01	1.091619e+00	1.418464e+00	-1.247837e+00	4.924287e-01	3.745267e-01	2.313866e-01	1.097671e-01	9.747786e-01	8.318499e-01	7.671100e+00	
92  28.9797	4.149286e-02	1.017863e-01	2.274996e+00	1.408040e+00	-1.375804e+00	4.609085e-01	3.672421e-01	2.208061e-01	5.697898e-02	8.644591e-01	8.318499e-01	7.671100e+00	
26  28.9344	4.149286e-02	2.651606e-02	3.013815e+00	1.354398e+00	-1.842986e+00	4.634142e-01	3.775257e-01	2.131554e-01	7.820649e-02	9.419861e-01	8.318499e-01	7.671100e+00	
44  29.6332	4.149286e-02	3.863401e-02	1.595057e+00	1.377094e+00	-4.000341e+00	4.610433e-01	3.962771e-01	1.821435e-01	4.006846e-02	9.150787e-01	8.318499e-01	7.671100e+00	
14  29.6823	4.149286e-02	9.135274e-02	1.450878e+00	1.508582e+00	-3.522392e+00	4.507502e-01	3.969589e-01	1.619422e-01	3.602390e-02	2.801355e-01	8.318499e-01	7.671100e+00	
35  27.3673	4.149286e-02	1.296258e-01	1.934384e+00	1.483468e+00	-4.148232e+00	4.034325e-01	3.880393e-01	1.796056e-01	1.020421e-01	6.621377e-01	8.318499e-01	7.671100e+00	
35  25.9961	4.149286e-02	1.406987e-01	-1.591406e-01	1.366061e+00	-2.526495e+00	3.536908e-01	3.846856e-01	1.962326e-01	5.941929e-02	5.626527e-01	8.318499e-01	7.671100e+00	
20  26.0118	4.149286e-02	2.566701e-01	-1.218806e+00	1.400617e+00	-2.837261e+00	3.774097e-01	3.635852e-01	2.051388e-01	4.048130e-02	5.284928e-01	8.318499e-01	7.671100e+00	
667  24.731	4.149286e-02	1.542152e-02	-5.098725e-01	1.314763e+00	-3.252831e+00	3.646215e-01	4.068842e-01	2.079325e-01	8.156474e-02	2.377971e-01	8.318499e-01	7.671100e+00	
58  24.6848	4.149286e-02	1.166572e-01	-6.074298e-01	1.261467e+00	-3.911941e+00	3.530996e-01	4.078058e-01	2.172745e-01	7.905666e-02	1.413966e-01	8.318499e-01	7.671100e+00	
11  25.2651	4.149286e-02	1.200843e-01	2.987130e-01	1.331440e+00	-4.291940e+00	3.368901e-01	3.982595e-01	2.273087e-01	6.345108e-02	2.581647e-01	8.318499e-01	7.671100e+00	
108  26.8182	4.149286e-02	1.983184e-01	-2.256853e-01	1.367524e+00	-4.291598e+00	3.182524e-01	3.833773e-01	2.431096e-01	5.349525e-02	2.822727e-01	8.318499e-01	7.671100e+00	
77  27.7836	4.149286e-02	1.127696e-01	-1.044891e-01	1.410652e+00	-3.568971e+00	3.481475e-01	4.182439e-01	2.735869e-01	1.544445e-01	6.245601e-01	8.318499e-01	7.671100e+00	
216  25.3846	4.149286e-02	4.794945e-02	9.772036e-01	1.440406e+00	-2.853277e+00	3.937412e-01	4.059885e-01	2.443927e-01	4.416775e-02	4.299778e-01	8.318499e-01	7.671100e+00	
67  25.7599	4.149286e-02	1.148347e-01	-2.940727e-01	1.584840e+00	-2.023369e+00	3.990471e-01	3.597922e-01	2.186809e-01	2.786952e-02	4.156183e-01	8.318499e-01	7.671100e+00	
25  26.4266	4.149286e-02	5.475032e-02	-1.252354e+00	1.695223e+00	-2.324132e+00	4.229756e-01	4.268083e-01	2.172430e-01	7.672070e-02	7.713998e-01	8.318499e-01	7.671100e+00	
69  26.3234	4.149286e-02	4.287768e-02	-8.040356e-01	1.657307e+00	-2.225032e+00	3.592835e-01	3.977168e-01	2.579254e-01	2.950807e-02	6.959692e-01	8.318499e-01	7.671100e+00	
24  25.5348	4.149286e-02	9.837392e-02	-1.715447e+00	1.504861e+00	-2.822177e+00	3.342281e-01	3.627345e-01	2.472073e-01	4.625064e-02	3.746178e-01	8.318499e-01	7.671100e+00	
37  25.2659	4.149286e-02	3.691198e-02	-2.044294e+00	1.488459e+00	-2.979372e+00	3.886476e-01	4.136486e-01	1.954693e-01	4.205372e-02	8.338639e-02	8.318499e-01	7.671100e+00	
5  25.4926	4.149286e-02	3.275396e-02	-1.619529e+00	1.355756e+00	-3.917188e+00	3.585137e-01	3.767605e-01	1.704460e-01	5.181508e-02	2.088245e-01	8.318499e-01	7.671100e+00	
28  26.265	4.149286e-02	2.780347e-02	3.509500e-02	1.367307e+00	-2.482030e+00	3.816530e-01	3.229429e-01	1.991599e-01	8.806501e-02	3.631298e-01	8.318499e-01	7.671100e+00	
159  24.5687	4.149286e-02	4.934793e-02	5.232544e-01	1.383863e+00	-2.672699e+00	3.530920e-01	3.744112e-01	1.924023e-01	1.147280e-01	8.435224e-02	8.318499e-01	7.671100e+00	
188  24.0391	4.149286e-02	3.302161e-02	-4.605170e-01	1.393732e+00	-2.616125e+00	3.402921e-01	3.316030e-01	2.191827e-01	5.238162e-02	1.170504e-02	8.318499e-01	7.671100e+00	
28  26.3204	4.149286e-02	1.954689e-01	-1.287060e+00	1.266816e+00	-2.457842e+00	3.482959e-01	3.759776e-01	1.895040e-01	9.764161e-02	4.842920e-01	8.318499e-01	7.671100e+00	
120  25.8643	4.149286e-02	2.136653e-02	-1.343528e+00	1.369875e+00	-2.238104e+00	3.628240e-01	3.631366e-01	1.987881e-01	1.361909e-01	1.278240e-01	8.318499e-01	7.671100e+00	
102  26.2521	4.149286e-02	1.686106e-01	-1.881939e+00	1.576799e+00	-2.021948e+00	3.477852e-01	3.403658e-01	2.244766e-01	9.269412e-02	4.447764e-01	8.318499e-01	7.671100e+00	
86  25.7507	4.149286e-02	1.505725e-02	-1.214094e+00	1.565592e+00	-3.421460e+00	3.480128e-01	4.087542e-01	2.524885e-01	9.960294e-02	5.129813e-01	8.318499e-01	7.671100e+00	
16  27.0597	4.149286e-02	3.236306e-01	-1.275360e+00	1.529803e+00	-3.606183e+00	3.605911e-01	3.563474e-01	2.223826e-01	3.407656e-02	5.116232e-01	8.318499e-01	7.671100e+00	
14  26.5282	4.149286e-02	1.386952e-01	2.224722e-02	1.671758e+00	-4.831814e+00	3.719230e-01	4.120926e-01	2.686331e-01	6.194628e-02	6.999602e-01	8.318499e-01	7.671100e+00	
260  25.4638	4.149286e-02	9.605337e-02	1.528199e-01	1.662107e+00	-4.493289e+00	3.874310e-01	3.280054e-01	2.748408e-01	8.770217e-02	1.805026e-01	8.318499e-01	7.671100e+00	
150  25.4017	4.149286e-02	4.738866e-02	-5.460743e-01	1.623045e+00	-4.834633e+00	4.385321e-01	3.953482e-01	2.702083e-01	8.673840e-02	4.728799e-01	8.318499e-01	7.671100e+00	
335  25.0734	4.149286e-02	1.903315e-02	4.931194e-01	1.630441e+00	-4.565451e+00	4.270906e-01	4.270177e-01	1.926843e-01	8.858349e-02	5.641152e-01	8.318499e-01	7.671100e+00	
169  26.1717	4.149286e-02	1.008519e-01	2.112790e-01	1.579780e+00	-3.859934e+00	3.784681e-01	4.271399e-01	1.922173e-01	5.943288e-02	6.494551e-01	8.318499e-01	7.671100e+00	
27  28.4744	4.149286e-02	1.447563e-01	2.501121e-01	1.577099e+00	-4.552627e+00	3.472215e-01	4.023519e-01	1.786557e-01	9.411678e-02	5.916772e-03	8.318499e-01	7.671100e+00	
10  27.9795	4.149286e-02	6.729800e-02	4.365157e-01	1.635055e+00	-2.564596e+00	3.087833e-01	3.446855e-01	1.777325e-01	1.011566e-01	4.479530e-01	8.318499e-01	7.671100e+00	
4  26.0237	4.149286e-02	1.150076e-01	-1.830738e-04	1.569373e+00	-3.499711e+00	3.398022e-01	3.465859e-01	1.748764e-01	1.261763e-01	3.671788e-01	8.318499e-01	7.671100e+00	
221  24.5678	4.149286e-02	4.702614e-02	3.537711e-02	1.497053e+00	-3.391652e+00	3.538497e-01	3.167598e-01	1.878549e-01	1.364088e-01	8.240220e-02	8.318499e-01	7.671100e+00	
71  25.4873	4.149286e-02	7.547954e-02	5.223652e-01	1.506128e+00	-4.447211e+00	3.712048e-01	3.602411e-01	1.544745e-01	5.465580e-02	2.458665e-01	8.318499e-01	7.671100e+00	
17  32.9431	4.149286e-02	3.146902e-01	1.246035e+00	1.492237e+00	-4.131388e+00	3.744129e-01	3.536136e-01	1.363323e-01	4.368875e-02	7.311854e-01	8.318499e-01	7.671100e+00	
6  29.7913	4.149286e-02	1.013771e-01	5.616735e-01	1.637203e+00	-4.209330e+00	4.164405e-01	3.367766e-01	1.724812e-01	7.573974e-02	9.764859e-01	8.318499e-01	7.671100e+00	
20  25.5665	4.149286e-02	1.757203e-01	2.164303e+00	1.505147e+00	-3.700081e+00	3.832014e-01	3.033741e-01	1.522833e-01	6.367998e-02	4.491485e-02	8.318499e-01	7.671100e+00	
30  27.259	4.149286e-02	1.406812e-01	2.758304e+00	1.681628e+00	-3.657308e+00	3.379618e-01	3.271630e-01	1.805728e-01	6.658532e-02	5.187546e-01	8.318499e-01	7.671100e+00	
