19  42.5429	5.000000e-01	2.684884e-01	-3.649929e+00	1.413301e+00	-1.972029e+00	3.144334e-01	2.330677e-01	1.939193e-01	9.119917e-02	5.968093e-01	8.303554e-01	7.671100e+00	
2  33.968	5.000000e-01	4.048000e-01	-3.248660e+00	1.417735e+00	-2.618643e+00	3.422438e-01	2.575593e-01	1.844264e-01	4.886472e-02	3.381228e-01	8.303554e-01	7.671100e+00	
3  29.7192	5.000000e-01	3.103715e-01	-3.469440e+00	1.463754e+00	-2.693367e+00	3.616532e-01	2.718188e-01	1.621872e-01	1.209673e-01	4.706669e-01	8.303554e-01	7.671100e+00	
36  27.6533	5.000000e-01	4.775161e-01	-4.340011e+00	1.541743e+00	-3.262089e+00	3.627294e-01	2.633068e-01	1.526722e-01	7.839007e-02	1.146047e-01	8.303554e-01	7.671100e+00	
108  22.5216	3.427110e-02	4.775161e-01	-4.340011e+00	1.541743e+00	-3.262089e+00	3.627294e-01	2.633068e-01	1.526722e-01	7.839007e-02	1.146047e-01	8.236137e-01	7.671100e+00	
84  20.5472	3.427110e-02	4.929624e-01	-3.945343e+00	1.561221e+00	-3.022468e+00	3.862985e-01	3.025767e-01	1.813440e-01	3.852160e-02	2.012317e-01	8.236137e-01	7.671100e+00	
363  17.0949	3.427110e-02	5.428253e-01	-3.918839e+00	1.552519e+00	-2.513259e+00	3.598485e-01	2.812248e-01	2.069964e-01	3.242019e-02	1.041101e-01	8.236137e-01	7.671100e+00	
72  19.2594	3.427110e-02	8.841058e-01	-1.988836e+00	1.395216e+00	-2.871570e+00	3.532572e-01	2.633309e-01	2.098858e-01	8.735315e-02	2.214542e-01	8.236137e-01	7.671100e+00	
2  21.0036	3.427110e-02	6.471000e-01	-2.122148e+00	1.382026e+00	-1.835853e+00	3.154941e-01	3.085769e-01	2.099901e-01	1.135176e-01	3.253037e-01	8.236137e-01	7.671100e+00	
145  20.3375	3.427110e-02	8.179827e-01	-2.245584e+00	1.371489e+00	-2.197799e+00	3.365080e-01	2.699008e-01	2.141575e-01	1.349983e-01	2.163697e-01	8.236137e-01	7.671100e+00	
41  18.6987	3.427110e-02	8.860446e-01	-3.250738e+00	1.317199e+00	-1.847946e+00	3.351535e-01	3.191427e-01	2.199513e-01	7.604027e-02	3.040822e-01	8.236137e-01	7.671100e+00	
80  20.6838	3.427110e-02	1.213066e+00	-2.756177e+00	1.351417e+00	-6.224910e-01	3.922124e-01	3.592890e-01	2.507839e-01	9.253275e-02	4.825600e-01	8.236137e-01	7.671100e+00	
2  21.4161	3.427110e-02	1.236224e+00	-4.282113e+00	1.306010e+00	-5.256406e-01	4.333186e-01	3.689187e-01	2.656056e-01	1.114963e-01	6.677246e-01	8.236137e-01	7.671100e+00	
42  21.0861	3.427110e-02	1.515523e+00	-4.537091e+00	1.209496e+00	-6.910199e-01	4.632629e-01	4.159641e-01	2.876345e-01	7.819955e-02	7.543985e-01	8.236137e-01	7.671100e+00	
143  22.2893	3.427110e-02	1.076596e+00	-4.986114e+00	1.105369e+00	-1.822363e-01	4.644988e-01	3.949606e-01	2.910851e-01	1.039113e-01	5.302758e-01	8.236137e-01	7.671100e+00	
20  22.9134	3.427110e-02	1.438801e+00	-4.113277e+00	1.094444e+00	3.589339e-01	4.739685e-01	3.885326e-01	2.671961e-01	9.388092e-02	4.050322e-01	8.236137e-01	7.671100e+00	
51  25.03	3.427110e-02	1.639686e+00	-4.423294e+00	1.116103e+00	1.708729e+00	4.547084e-01	3.897413e-01	2.030877e-01	6.065929e-02	7.999262e-01	8.236137e-01	7.671100e+00	
25  24.3613	3.427110e-02	1.765411e+00	-4.037547e+00	1.136263e+00	1.166062e+00	4.779629e-01	3.491434e-01	2.598087e-01	5.066534e-02	4.797281e-01	8.236137e-01	7.671100e+00	
69  24.3573	3.427110e-02	1.373986e+00	-3.106731e+00	1.067557e+00	8.384915e-01	4.901812e-01	3.624434e-01	2.349008e-01	5.242117e-02	4.687158e-01	8.236137e-01	7.671100e+00	
58  24.6833	3.427110e-02	1.474973e+00	-3.355455e+00	1.057366e+00	4.162960e-01	4.741230e-01	3.377223e-01	3.023069e-01	8.074922e-02	3.547112e-01	8.236137e-01	7.671100e+00	
17  22.8748	3.427110e-02	1.112677e+00	-4.168265e+00	1.161664e+00	1.639051e+00	4.498742e-01	3.850101e-01	2.690371e-01	3.813178e-02	8.662868e-01	8.236137e-01	7.671100e+00	
1  23.3241	3.427110e-02	1.651956e+00	-4.685126e+00	1.086417e+00	1.721200e+00	3.995113e-01	4.189355e-01	2.636514e-01	3.597631e-02	5.901889e-01	8.236137e-01	7.671100e+00	
29  23.1583	3.427110e-02	1.140456e+00	-3.462830e+00	1.189372e+00	2.758869e+00	3.761066e-01	4.201609e-01	2.153534e-01	8.021933e-02	5.465196e-01	8.236137e-01	7.671100e+00	
5  22.6439	3.427110e-02	1.416556e+00	-3.237906e+00	1.261806e+00	2.434561e+00	3.815233e-01	4.004215e-01	2.364293e-01	5.800995e-02	7.021666e-01	8.236137e-01	7.671100e+00	
18  22.5676	3.427110e-02	1.187734e+00	-2.538695e+00	1.251420e+00	3.661489e+00	3.934396e-01	3.550881e-01	2.767651e-01	1.032135e-01	6.572614e-01	8.236137e-01	7.671100e+00	
99  23.2537	3.427110e-02	1.294122e+00	-1.334644e+00	1.223163e+00	3.437074e+00	3.955434e-01	3.202901e-01	2.903589e-01	5.298246e-02	4.937628e-01	8.236137e-01	7.671100e+00	
60  23.3392	3.427110e-02	1.503719e+00	-3.087675e-01	1.182714e+00	3.496694e+00	4.037470e-01	3.711312e-01	2.758890e-01	4.620094e-02	3.819245e-01	8.236137e-01	7.671100e+00	
33  23.942	3.427110e-02	1.376184e+00	1.301923e+00	1.190331e+00	3.918605e+00	3.979742e-01	3.536632e-01	2.972857e-01	2.809995e-02	5.011863e-01	8.236137e-01	7.671100e+00	
16  23.9443	3.427110e-02	1.158864e+00	1.714644e+00	1.321080e+00	4.415928e+00	4.124155e-01	3.474868e-01	2.966200e-01	1.133069e-01	6.505731e-01	8.236137e-01	7.671100e+00	
61  25.0333	3.427110e-02	9.780495e-01	2.155899e+00	1.476101e+00	4.403357e+00	4.621057e-01	4.237504e-01	3.016887e-01	1.609470e-01	8.513765e-01	8.236137e-01	7.671100e+00	
8  24.4006	3.427110e-02	1.045955e+00	1.038460e+00	1.395360e+00	4.156225e+00	4.603428e-01	4.065297e-01	2.762854e-01	1.534469e-01	6.597202e-01	8.236137e-01	7.671100e+00	
46  24.9261	3.427110e-02	1.346850e+00	6.441470e-02	1.325359e+00	2.792880e+00	4.620305e-01	4.287076e-01	2.468937e-01	1.666185e-01	8.938168e-01	8.236137e-01	7.671100e+00	
7  25.7298	3.427110e-02	1.719844e+00	4.757188e-02	1.365931e+00	2.189472e+00	5.077250e-01	4.196023e-01	2.755087e-01	1.352251e-01	8.941235e-01	8.236137e-01	7.671100e+00	
36  29.4273	3.427110e-02	1.994835e+00	1.741214e-01	1.409305e+00	1.385425e+00	5.298676e-01	3.790800e-01	2.607634e-01	8.031156e-02	7.981554e-01	8.236137e-01	7.671100e+00	
18  26.4825	3.427110e-02	1.649476e+00	1.356533e-01	1.396837e+00	2.567755e+00	4.518247e-01	4.021997e-01	2.190241e-01	5.065375e-02	5.709850e-01	8.236137e-01	7.671100e+00	
3  26.2513	3.427110e-02	1.242189e+00	8.505323e-02	1.441290e+00	2.304173e+00	4.951598e-01	3.613969e-01	2.594113e-01	2.874276e-02	6.506736e-01	8.236137e-01	7.671100e+00	
22  25.5422	3.427110e-02	9.418173e-01	2.485946e-01	1.439062e+00	2.748878e+00	4.839138e-01	3.730103e-01	2.742726e-01	9.017725e-02	7.986625e-01	8.236137e-01	7.671100e+00	
3  23.6639	3.427110e-02	1.307265e+00	-5.493264e-01	1.491631e+00	3.630869e+00	4.630271e-01	4.012518e-01	3.025226e-01	1.255157e-01	4.784371e-01	8.236137e-01	7.671100e+00	
14  22.7484	3.427110e-02	1.011139e+00	-5.326713e-01	1.542260e+00	2.623595e+00	4.152450e-01	3.991524e-01	2.969245e-01	1.442662e-01	5.280336e-01	8.236137e-01	7.671100e+00	
32  22.9934	3.427110e-02	1.038416e+00	-1.032009e-01	1.523555e+00	2.863858e+00	3.826934e-01	4.298158e-01	2.870557e-01	1.268939e-01	8.743105e-01	8.236137e-01	7.671100e+00	
14  22.4673	3.427110e-02	1.102142e+00	-2.821339e-01	1.362949e+00	1.652070e+00	4.013652e-01	4.007285e-01	2.860692e-01	1.074865e-01	7.475946e-01	8.236137e-01	7.671100e+00	
2  22.6657	3.427110e-02	1.170671e+00	-5.161307e-01	1.312585e+00	1.757642e+00	3.964938e-01	4.279399e-01	2.409131e-01	8.260895e-02	7.573735e-01	8.236137e-01	7.671100e+00	
38  22.8264	3.427110e-02	1.165446e+00	4.373424e-02	1.487341e+00	1.721511e+00	3.884253e-01	4.267676e-01	2.203194e-01	6.375830e-02	5.738642e-01	8.236137e-01	7.671100e+00	
12  21.1904	3.427110e-02	1.346214e+00	-9.657079e-01	1.512065e+00	3.101478e+00	4.113617e-01	4.026869e-01	2.590978e-01	1.023292e-01	5.629069e-01	8.236137e-01	7.671100e+00	
20  21.24	3.427110e-02	6.885903e-01	-3.535118e-01	1.583994e+00	2.845088e+00	3.762445e-01	3.321271e-01	2.502837e-01	8.470534e-02	4.050828e-01	8.236137e-01	7.671100e+00	
4  20.7296	3.427110e-02	8.666232e-01	-1.679775e+00	1.576828e+00	3.069411e+00	3.719706e-01	2.913770e-01	2.408897e-01	6.411576e-02	3.917656e-01	8.236137e-01	7.671100e+00	
20  20.3696	3.427110e-02	1.073542e+00	-1.826080e+00	1.569494e+00	3.306642e+00	4.062647e-01	3.329644e-01	2.895509e-01	1.003799e-01	4.761880e-01	8.236137e-01	7.671100e+00	
34  19.9555	3.427110e-02	6.648163e-01	-3.061237e+00	1.495969e+00	3.213012e+00	3.569490e-01	3.412852e-01	2.653777e-01	9.061932e-02	3.243322e-01	8.236137e-01	7.671100e+00	
55  19.8214	3.427110e-02	9.347123e-01	-3.514676e+00	1.521345e+00	4.268064e+00	3.309325e-01	2.995215e-01	3.018348e-01	4.024630e-02	2.332783e-01	8.236137e-01	7.671100e+00	
26  19.7572	3.427110e-02	1.078054e+00	-3.733613e+00	1.499617e+00	3.583668e+00	3.720187e-01	2.769759e-01	2.085780e-01	1.083663e-01	2.383636e-01	8.236137e-01	7.671100e+00	
9  22.4871	3.427110e-02	1.352223e+00	-4.422330e+00	1.316071e+00	4.476588e+00	3.872808e-01	3.635579e-01	2.520856e-01	1.413774e-01	3.893693e-01	8.236137e-01	7.671100e+00	
41  22.2451	3.427110e-02	1.581116e+00	-2.324104e+00	1.338913e+00	4.522222e+00	4.297592e-01	3.639853e-01	2.454248e-01	1.522153e-01	4.468749e-01	8.236137e-01	7.671100e+00	
141  20.7611	3.427110e-02	1.095654e+00	-2.467257e+00	1.280772e+00	4.803643e+00	4.349341e-01	3.637043e-01	3.041206e-01	1.098656e-01	5.159515e-01	8.236137e-01	7.671100e+00	
46  20.6591	3.427110e-02	1.390878e+00	-1.801041e+00	1.234438e+00	4.509341e+00	4.533570e-01	3.697174e-01	2.830433e-01	5.738328e-02	4.835415e-01	8.236137e-01	7.671100e+00	
18  22.3119	3.427110e-02	1.098385e+00	-2.005678e+00	1.244086e+00	3.894954e+00	4.457399e-01	4.113973e-01	2.820744e-01	1.191723e-01	5.779201e-01	8.236137e-01	7.671100e+00	
86  22.7621	3.427110e-02	1.280435e+00	-2.492604e+00	1.403066e+00	3.735965e+00	4.457630e-01	3.757436e-01	2.850705e-01	1.799198e-01	8.327412e-01	8.236137e-01	7.671100e+00	
54  21.6377	3.427110e-02	1.325454e+00	-1.970031e+00	1.396652e+00	4.071111e+00	4.296021e-01	3.723690e-01	2.587604e-01	1.891618e-01	4.929443e-01	8.236137e-01	7.671100e+00	
49  23.9618	3.427110e-02	1.186507e+00	-1.071328e-01	1.417045e+00	4.431636e+00	4.720432e-01	3.698533e-01	2.937881e-01	1.893229e-01	7.004059e-01	8.236137e-01	7.671100e+00	
20  22.4039	3.427110e-02	1.709469e+00	-7.154446e-01	1.462141e+00	4.111889e+00	4.498679e-01	3.988989e-01	3.041313e-01	1.884232e-01	5.503295e-01	8.236137e-01	7.671100e+00	
43  22.5997	3.427110e-02	1.124044e+00	-1.689873e+00	1.393068e+00	4.300977e+00	4.228262e-01	4.040467e-01	3.035539e-01	1.761912e-01	9.045689e-01	8.236137e-01	7.671100e+00	
1  21.7741	3.427110e-02	1.148751e+00	-2.595448e+00	1.421046e+00	4.564935e+00	4.315117e-01	3.926093e-01	2.594190e-01	1.932164e-01	4.973982e-01	8.236137e-01	7.671100e+00	
38  21.1127	3.427110e-02	1.186053e+00	-3.403343e+00	1.428417e+00	4.294931e+00	4.074198e-01	3.566479e-01	2.532165e-01	1.508074e-01	5.792338e-01	8.236137e-01	7.671100e+00	
92  20.7506	3.427110e-02	1.145688e+00	-4.702738e+00	1.452123e+00	4.077033e+00	3.739965e-01	3.341230e-01	2.804071e-01	1.764838e-01	3.976291e-01	8.236137e-01	7.671100e+00	
9  21.8282	3.427110e-02	1.062355e+00	-3.648048e+00	1.559503e+00	4.427065e+00	3.842639e-01	3.045322e-01	2.644819e-01	1.716268e-01	1.299888e-01	8.236137e-01	7.671100e+00	
79  21.5426	3.427110e-02	1.027479e+00	-3.189015e+00	1.425393e+00	3.653123e+00	3.532192e-01	3.238956e-01	2.755556e-01	1.602024e-01	3.987921e-01	8.236137e-01	7.671100e+00	
49  22.5446	3.427110e-02	1.086839e+00	-2.880633e+00	1.512137e+00	3.516101e+00	3.331138e-01	3.140817e-01	2.793189e-01	1.828768e-01	2.848978e-01	8.236137e-01	7.671100e+00	
40  22.4487	3.427110e-02	5.464916e-01	-3.773545e+00	1.524951e+00	3.354025e+00	3.329434e-01	3.029362e-01	2.004703e-01	1.948184e-01	3.994761e-02	8.236137e-01	7.671100e+00	
5  22.0732	3.427110e-02	6.471583e-01	-3.520339e+00	1.574223e+00	3.293515e+00	3.385196e-01	2.783456e-01	2.039363e-01	1.632257e-01	8.159335e-02	8.236137e-01	7.671100e+00	
50  22.7665	3.427110e-02	9.561153e-01	-3.666173e+00	1.480985e+00	3.113204e+00	3.956216e-01	2.659470e-01	2.111733e-01	1.786121e-01	2.353720e-01	8.236137e-01	7.671100e+00	
47  20.6815	3.427110e-02	8.639915e-01	-3.591373e+00	1.405132e+00	4.196481e+00	3.413569e-01	2.510450e-01	2.842554e-01	1.779936e-01	2.032426e-01	8.236137e-01	7.671100e+00	
134  21.7389	3.427110e-02	7.101081e-01	-4.305346e+00	1.381009e+00	3.729500e+00	3.414093e-01	2.403645e-01	2.311390e-01	1.436589e-01	2.563632e-01	8.236137e-01	7.671100e+00	
79  19.3337	3.427110e-02	6.096134e-01	-3.507117e+00	1.429415e+00	3.479206e+00	3.259197e-01	2.155043e-01	2.428015e-01	1.240403e-01	6.898749e-03	8.236137e-01	7.671100e+00	
478  17.4833	3.427110e-02	7.495345e-01	-3.643230e+00	1.434252e+00	3.552881e+00	3.483207e-01	2.495991e-01	2.475317e-01	1.026243e-01	2.287141e-01	8.236137e-01	7.671100e+00	
298  19.2802	3.427110e-02	1.077412e+00	-4.316789e+00	1.470753e+00	3.121168e+00	3.597784e-01	2.786858e-01	2.637065e-01	7.915873e-02	3.032839e-01	8.236137e-01	7.671100e+00	
378  19.3117	3.427110e-02	5.289377e-01	-3.542455e+00	1.457782e+00	2.572188e+00	3.664925e-01	2.974503e-01	2.335413e-01	3.011074e-02	2.013608e-01	8.236137e-01	7.671100e+00	
217  20.0526	3.427110e-02	9.977083e-01	-3.495807e+00	1.381899e+00	4.717873e+00	4.272739e-01	2.716129e-01	2.602014e-01	7.518133e-02	2.075413e-01	8.236137e-01	7.671100e+00	
39  21.9523	3.427110e-02	5.593234e-01	-4.628189e+00	1.463709e+00	4.701967e+00	3.529263e-01	3.212117e-01	2.901016e-01	5.694423e-02	1.381056e-01	8.236137e-01	7.671100e+00	
20  20.8901	3.427110e-02	7.848910e-01	-4.164704e+00	1.469402e+00	4.022135e+00	3.839811e-01	3.849880e-01	2.935657e-01	2.823138e-02	4.276828e-01	8.236137e-01	7.671100e+00	
75  20.44	3.427110e-02	1.051879e+00	-4.359700e+00	1.505351e+00	4.200347e+00	3.677207e-01	3.812340e-01	2.936255e-01	7.027269e-02	4.857247e-01	8.236137e-01	7.671100e+00	
298  19.3321	3.427110e-02	1.015079e+00	-3.940934e+00	1.561886e+00	3.723107e+00	3.694083e-01	3.567361e-01	2.766126e-01	6.458779e-02	4.163896e-01	8.236137e-01	7.671100e+00	
90  19.0632	3.427110e-02	9.980301e-01	-3.886651e+00	1.594410e+00	3.733958e+00	3.621977e-01	3.245919e-01	2.739763e-01	8.406229e-02	2.576424e-01	8.236137e-01	7.671100e+00	
58  22.2063	3.427110e-02	1.090819e+00	-4.297576e+00	1.667487e+00	2.907947e+00	3.322067e-01	3.729457e-01	2.992305e-01	1.273529e-01	3.219892e-01	8.236137e-01	7.671100e+00	
13  22.3733	3.427110e-02	8.414194e-01	-2.986363e+00	1.678814e+00	2.906459e+00	4.005828e-01	3.628387e-01	3.069010e-01	1.243023e-01	3.901380e-01	8.236137e-01	7.671100e+00	
46  22.7809	3.427110e-02	9.854182e-01	-3.805756e+00	1.673650e+00	2.880261e+00	4.180469e-01	3.753441e-01	2.572511e-01	1.512532e-01	6.049242e-01	8.236137e-01	7.671100e+00	
10  21.6611	3.427110e-02	9.952373e-01	-4.248036e+00	1.578413e+00	2.873567e+00	4.253716e-01	3.997919e-01	2.654804e-01	1.261997e-01	6.865292e-01	8.236137e-01	7.671100e+00	
24  20.5809	3.427110e-02	1.329046e+00	-4.697487e+00	1.506706e+00	4.219422e+00	4.431595e-01	3.994591e-01	2.964215e-01	1.036854e-01	4.684081e-01	8.236137e-01	7.671100e+00	
19  22.2856	3.427110e-02	1.607693e+00	-4.389589e+00	1.359406e+00	3.325405e+00	4.822329e-01	3.621749e-01	3.066980e-01	1.221665e-01	8.637777e-01	8.236137e-01	7.671100e+00	
71  21.3123	3.427110e-02	1.180855e+00	-4.307194e+00	1.363179e+00	3.978698e+00	4.429636e-01	3.885914e-01	2.998297e-01	1.028307e-01	9.757075e-01	8.236137e-01	7.671100e+00	
79  20.8577	3.427110e-02	1.552113e+00	-4.816971e+00	1.248389e+00	3.968427e+00	4.380813e-01	4.294573e-01	2.745652e-01	9.065096e-02	8.757129e-01	8.236137e-01	7.671100e+00	
5  21.2739	3.427110e-02	1.280638e+00	-4.118137e+00	1.120483e+00	3.905822e+00	4.102197e-01	4.094530e-01	2.595361e-01	4.717646e-02	6.317753e-01	8.236137e-01	7.671100e+00	
201  21.6459	3.427110e-02	1.555227e+00	-4.428099e+00	1.185310e+00	4.434681e+00	4.308736e-01	4.179300e-01	2.569680e-01	3.790614e-02	8.650910e-01	8.236137e-01	7.671100e+00	
5  22.6199	3.427110e-02	1.828900e+00	-3.999648e+00	1.236126e+00	3.479085e+00	4.535064e-01	3.658750e-01	2.937049e-01	3.757598e-02	7.846653e-01	8.236137e-01	7.671100e+00	
23  23.1877	3.427110e-02	1.914183e+00	-4.506263e+00	1.308067e+00	4.794186e+00	4.679254e-01	3.461821e-01	2.561285e-01	4.620848e-02	5.706054e-01	8.236137e-01	7.671100e+00	
1  26.3722	3.427110e-02	1.802816e+00	-3.861885e+00	1.410121e+00	4.323806e+00	5.029211e-01	4.240318e-01	2.359956e-01	1.077564e-01	3.187853e-01	8.236137e-01	7.671100e+00	
35  24.5309	3.427110e-02	1.363501e+00	-3.025339e+00	1.357160e+00	3.960284e+00	5.081277e-01	4.219911e-01	2.174213e-01	1.333384e-01	6.790608e-01	8.236137e-01	7.671100e+00	
11  23.1452	3.427110e-02	1.158454e+00	-2.612657e+00	1.348991e+00	4.759141e+00	4.748836e-01	3.971069e-01	2.622226e-01	1.275766e-01	9.285193e-01	8.236137e-01	7.671100e+00	
7  22.3031	3.427110e-02	1.425191e+00	-2.188948e+00	1.393069e+00	3.420269e+00	4.927587e-01	3.943555e-01	3.004422e-01	1.344539e-01	7.459149e-01	8.236137e-01	7.671100e+00	
28  22.6419	3.427110e-02	1.436728e+00	-2.695520e+00	1.242986e+00	3.871161e+00	5.177028e-01	4.006394e-01	3.091141e-01	1.367692e-01	7.568600e-01	8.236137e-01	7.671100e+00	
31  22.802	3.427110e-02	1.632517e+00	-2.095664e+00	1.284823e+00	3.209589e+00	4.986219e-01	3.868582e-01	2.949094e-01	1.250097e-01	6.312790e-01	8.236137e-01	7.671100e+00	
44  22.4821	3.427110e-02	1.327389e+00	-2.308752e+00	1.283785e+00	2.077646e+00	4.825631e-01	3.992653e-01	2.399717e-01	4.350404e-02	7.222934e-01	8.236137e-01	7.671100e+00	
11  21.2171	3.427110e-02	1.488776e+00	-2.937509e+00	1.244753e+00	2.055399e+00	4.570032e-01	3.990635e-01	2.584609e-01	5.735027e-02	7.494777e-01	8.236137e-01	7.671100e+00	
1  24.9083	3.427110e-02	1.743924e+00	-3.326184e+00	1.242626e+00	8.741697e-01	4.530359e-01	3.917744e-01	2.552281e-01	7.856905e-02	4.273997e-01	8.236137e-01	7.671100e+00	
19  27.2093	3.427110e-02	1.702658e+00	-3.387657e+00	1.135776e+00	3.789412e-01	5.191326e-01	3.750742e-01	2.220579e-01	5.068925e-02	7.705124e-01	8.236137e-01	7.671100e+00	
14  27.1363	3.427110e-02	1.030901e+00	-4.122812e+00	1.165372e+00	7.205579e-01	4.680874e-01	3.661437e-01	1.711502e-01	5.475489e-02	5.713171e-01	8.236137e-01	7.671100e+00	
69  25.3742	3.427110e-02	1.427429e+00	-4.221823e+00	1.258559e+00	-3.035881e-01	4.211735e-01	3.316747e-01	1.684858e-01	3.406862e-02	3.228976e-01	8.236137e-01	7.671100e+00	
6  26.6846	3.427110e-02	1.367186e+00	-3.883486e+00	1.323723e+00	-1.838001e+00	3.958262e-01	3.500952e-01	2.036514e-01	6.938849e-02	7.528827e-01	8.236137e-01	7.671100e+00	
6  27.3344	3.427110e-02	1.031024e+00	-4.457966e+00	1.278935e+00	-2.987115e+00	3.947966e-01	3.695306e-01	2.154327e-01	6.856288e-02	8.524710e-01	8.236137e-01	7.671100e+00	
6  28.6856	3.427110e-02	1.180351e+00	-4.066034e+00	1.319968e+00	-2.115513e+00	3.994096e-01	3.455735e-01	1.849821e-01	1.027893e-01	7.821831e-01	8.236137e-01	7.671100e+00	
6  25.8986	3.427110e-02	5.459492e-01	-4.055172e+00	1.320430e+00	-2.845791e+00	3.811771e-01	4.098910e-01	2.119327e-01	1.413746e-01	3.787124e-01	8.236137e-01	7.671100e+00	
58  27.3319	2.840442e-01	5.459492e-01	-4.055172e+00	1.320430e+00	-2.845791e+00	3.811771e-01	4.098910e-01	2.119327e-01	1.413746e-01	3.787124e-01	8.292058e-01	7.671100e+00	
57  29.2834	2.840442e-01	2.647027e-01	-3.193818e+00	1.156181e+00	-4.053637e+00	3.807168e-01	3.893415e-01	2.052172e-01	6.927309e-02	8.539526e-01	8.292058e-01	7.671100e+00	
3  28.0675	2.840442e-01	3.595833e-01	-3.398276e+00	1.194299e+00	-4.463336e+00	3.878042e-01	4.024469e-01	2.108421e-01	8.198598e-02	7.159804e-01	8.292058e-01	7.671100e+00	
53  26.0748	2.840442e-01	6.009142e-01	-4.375143e+00	1.184479e+00	-4.313152e+00	3.570769e-01	3.993104e-01	2.158301e-01	8.901543e-02	6.272478e-01	8.292058e-01	7.671100e+00	
33  25.5567	2.840442e-01	7.264587e-01	-3.805049e+00	1.303269e+00	-3.876848e+00	3.774722e-01	3.615927e-01	1.807988e-01	7.267519e-02	7.706756e-02	8.292058e-01	7.671100e+00	
2  26.9434	2.840442e-01	7.705078e-01	-3.936481e+00	1.203100e+00	-4.059215e+00	3.940267e-01	3.487526e-01	2.737721e-01	8.790179e-02	2.747206e-01	8.292058e-01	7.671100e+00	
213  23.3706	2.840442e-01	5.945582e-01	-3.692100e+00	1.221032e+00	-4.369987e+00	3.696989e-01	3.669242e-01	2.717109e-01	7.845012e-02	6.980471e-01	8.292058e-01	7.671100e+00	
13  25.8413	2.840442e-01	5.588998e-01	-4.391387e+00	1.142309e+00	-4.360546e+00	3.533175e-01	3.519437e-01	2.634022e-01	3.503879e-02	8.927532e-01	8.292058e-01	7.671100e+00	
4  28.1545	2.840442e-01	6.645836e-01	-4.199592e+00	1.164532e+00	-4.015832e+00	4.096061e-01	3.750554e-01	3.087086e-01	3.732241e-02	7.504036e-01	8.292058e-01	7.671100e+00	
29  26.1902	2.840442e-01	9.446709e-01	-3.988808e+00	1.297746e+00	-4.562038e+00	3.710333e-01	3.637976e-01	2.805594e-01	5.218270e-02	6.531728e-01	8.292058e-01	7.671100e+00	
115  25.3003	2.840442e-01	7.815093e-01	-4.485157e+00	1.200458e+00	-4.439020e+00	3.961220e-01	3.965432e-01	2.846493e-01	7.160186e-02	7.529388e-01	8.292058e-01	7.671100e+00	
164  27.1484	3.068305e-01	7.815093e-01	-4.485157e+00	1.200458e+00	-4.439020e+00	3.961220e-01	3.965432e-01	2.846493e-01	7.160186e-02	7.529388e-01	8.251642e-01	7.671100e+00	
60  24.4539	3.068305e-01	3.464582e-01	-4.908536e+00	1.296132e+00	-3.907319e+00	3.899307e-01	4.014363e-01	2.937858e-01	9.822361e-02	9.637973e-01	8.251642e-01	7.671100e+00	
13  24.5684	3.068305e-01	9.349357e-01	-4.319044e+00	1.266237e+00	-3.547507e+00	3.673021e-01	3.506491e-01	2.592794e-01	9.670576e-02	4.900545e-01	8.251642e-01	7.671100e+00	
9  24.2718	3.068305e-01	2.496439e-01	-3.930679e+00	1.195053e+00	-3.516177e+00	3.602145e-01	3.700128e-01	2.904181e-01	9.724576e-02	8.773182e-01	8.251642e-01	7.671100e+00	
84  23.7902	3.068305e-01	6.083661e-01	-2.505778e+00	1.148722e+00	-1.757319e+00	3.618521e-01	3.839748e-01	2.608038e-01	1.066256e-01	7.899612e-01	8.251642e-01	7.671100e+00	
68  23.4888	3.046307e-01	6.083661e-01	-2.505778e+00	1.148722e+00	-1.757319e+00	3.618521e-01	3.839748e-01	2.608038e-01	1.066256e-01	7.899612e-01	8.233118e-01	7.671100e+00	
69  24.0376	3.046307e-01	5.244780e-01	-3.003857e+00	1.281779e+00	-1.873501e+00	3.811567e-01	3.966404e-01	2.668987e-01	8.870441e-02	5.010443e-01	8.233118e-01	7.671100e+00	
192  24.1024	3.046307e-01	3.413499e-01	-2.244383e+00	1.256279e+00	-9.864858e-01	3.714924e-01	4.012785e-01	2.543113e-01	9.977015e-02	7.642946e-01	8.233118e-01	7.671100e+00	
33  26.3422	3.046307e-01	6.917336e-01	-1.707485e+00	1.250632e+00	-4.832719e-01	3.443748e-01	3.427956e-01	2.494911e-01	6.413025e-02	5.746787e-01	8.233118e-01	7.671100e+00	
15  24.3215	3.046307e-01	8.812072e-01	-3.786612e+00	1.353357e+00	-1.941521e+00	3.562368e-01	3.373050e-01	1.911452e-01	8.831841e-02	2.835333e-01	8.233118e-01	7.671100e+00	
6  26.8406	3.046307e-01	5.048641e-01	-4.140723e+00	1.561534e+00	-2.936114e+00	3.767804e-01	3.651548e-01	1.603681e-01	8.812050e-02	7.552319e-01	8.233118e-01	7.671100e+00	
23  26.7939	3.046307e-01	1.565406e-01	-4.497957e+00	1.492122e+00	-3.196616e+00	3.990957e-01	3.979141e-01	1.884635e-01	4.941533e-02	7.370166e-01	8.233118e-01	7.671100e+00	
128  24.8707	3.046307e-01	2.841686e-01	-4.945068e+00	1.590799e+00	-2.969260e+00	3.917799e-01	4.291066e-01	2.139676e-01	6.048540e-02	6.208284e-01	8.233118e-01	7.671100e+00	
16  25.1904	3.046307e-01	5.498527e-01	-4.809073e+00	1.561220e+00	-1.797205e+00	3.759434e-01	3.876433e-01	1.789890e-01	3.359558e-02	5.118135e-01	8.233118e-01	7.671100e+00	
28  24.9876	3.244181e-01	5.498527e-01	-4.809073e+00	1.561220e+00	-1.797205e+00	3.759434e-01	3.876433e-01	1.789890e-01	3.359558e-02	5.118135e-01	8.293006e-01	7.671100e+00	
1  26.4549	3.244181e-01	5.205988e-01	-4.030483e+00	1.608512e+00	-3.412983e+00	4.346242e-01	3.834603e-01	2.121001e-01	6.134192e-02	2.569661e-01	8.293006e-01	7.671100e+00	
11  25.3651	3.244181e-01	5.262459e-01	-3.752676e+00	1.568189e+00	-2.974413e+00	3.965779e-01	4.274809e-01	2.525732e-01	6.776341e-02	6.534069e-01	8.293006e-01	7.671100e+00	
39  25.5306	1.741316e-01	5.262459e-01	-3.752676e+00	1.568189e+00	-2.974413e+00	3.965779e-01	4.274809e-01	2.525732e-01	6.776341e-02	6.534069e-01	8.283523e-01	7.671100e+00	
19  25.2853	1.741316e-01	3.044618e-01	-3.379613e+00	1.633563e+00	-3.904965e+00	3.981914e-01	4.117928e-01	2.233535e-01	1.236447e-01	9.234440e-01	8.283523e-01	7.671100e+00	
33  22.1525	1.741316e-01	3.087358e-01	-2.347503e+00	1.568100e+00	-3.190928e+00	4.017153e-01	3.341851e-01	2.467642e-01	9.929367e-02	8.848151e-01	8.283523e-01	7.671100e+00	
40  26.0433	1.741316e-01	2.201356e-01	-3.249980e+00	1.579171e+00	-3.875419e+00	4.115085e-01	3.119422e-01	2.738299e-01	1.638759e-01	9.324702e-01	8.283523e-01	7.671100e+00	
205  23.4304	1.741316e-01	7.742592e-01	-1.202747e+00	1.519122e+00	-4.654848e+00	4.117534e-01	2.958109e-01	2.595480e-01	1.540766e-01	7.541111e-01	8.283523e-01	7.671100e+00	
28  23.3526	1.741316e-01	6.876134e-01	-1.362823e+00	1.530138e+00	-4.518934e+00	4.243981e-01	3.233154e-01	2.814266e-01	1.519932e-01	7.072916e-01	8.283523e-01	7.671100e+00	
206  23.9222	1.741316e-01	1.007890e+00	-8.608247e-01	1.599876e+00	-4.922200e+00	4.310718e-01	2.659994e-01	2.832797e-01	1.183680e-01	9.522331e-01	8.283523e-01	7.671100e+00	
24  23.9334	2.233876e-01	1.007890e+00	-8.608247e-01	1.599876e+00	-4.922200e+00	4.310718e-01	2.659994e-01	2.832797e-01	1.183680e-01	9.522331e-01	8.293829e-01	7.671100e+00	
38  23.9353	2.233876e-01	6.379368e-01	-1.512662e+00	1.607691e+00	-4.824445e+00	4.829077e-01	2.633431e-01	2.638189e-01	1.085698e-01	9.517821e-01	8.293829e-01	7.671100e+00	
15  26.6063	2.233876e-01	6.579399e-01	-1.907590e+00	1.556910e+00	-4.512849e+00	4.083432e-01	2.914096e-01	2.953315e-01	1.222772e-01	4.821463e-01	8.293829e-01	7.671100e+00	
2  24.449	2.233876e-01	7.034845e-01	-2.455355e+00	1.597971e+00	-2.866898e+00	4.245911e-01	3.054498e-01	2.475705e-01	1.012062e-01	4.523825e-01	8.293829e-01	7.671100e+00	
68  21.2902	2.233876e-01	8.881117e-01	-3.311605e+00	1.521654e+00	-3.337885e+00	4.123786e-01	2.857233e-01	2.364289e-01	1.124391e-01	5.349632e-01	8.293829e-01	7.671100e+00	
40  22.1339	2.233876e-01	9.874908e-01	-1.940378e+00	1.506625e+00	-3.573548e+00	4.005139e-01	2.840106e-01	2.020345e-01	1.037638e-01	9.765282e-01	8.293829e-01	7.671100e+00	
30  22.2296	2.233876e-01	1.008739e+00	-2.795728e+00	1.478717e+00	-2.591261e+00	3.861397e-01	2.897455e-01	2.382822e-01	1.136195e-01	7.668467e-01	8.293829e-01	7.671100e+00	
606  20.7332	2.233876e-01	5.169463e-01	-2.117695e+00	1.553435e+00	-4.070423e+00	4.042349e-01	3.068315e-01	2.666164e-01	7.597035e-02	9.281017e-01	8.293829e-01	7.671100e+00	
39  26.1843	2.233876e-01	9.241855e-01	-1.659730e+00	1.483359e+00	-3.766097e+00	4.247547e-01	3.017266e-01	2.690471e-01	4.923376e-02	5.766829e-01	8.293829e-01	7.671100e+00	
17  25.438	2.233876e-01	8.413429e-01	-1.812799e+00	1.324346e+00	-3.698701e+00	3.993736e-01	2.873618e-01	2.727858e-01	6.925990e-02	9.804365e-01	8.293829e-01	7.671100e+00	
306  22.4618	2.233876e-01	8.719058e-01	-1.439697e+00	1.336202e+00	-3.915879e+00	3.742513e-01	2.926213e-01	2.617965e-01	5.261372e-02	9.481741e-01	8.293829e-01	7.671100e+00	
6  23.7597	2.233876e-01	1.088325e+00	-2.337803e+00	1.386331e+00	-3.297315e+00	3.980669e-01	3.355757e-01	2.431310e-01	9.596146e-02	6.409143e-01	8.293829e-01	7.671100e+00	
115  24.0345	2.233876e-01	8.586614e-01	-2.265326e+00	1.442101e+00	-4.198723e+00	4.215793e-01	3.463701e-01	2.490912e-01	8.628959e-02	6.910587e-01	8.293829e-01	7.671100e+00	
155  24.5431	2.233876e-01	1.037184e+00	-2.825939e+00	1.481604e+00	-4.499583e+00	4.286414e-01	3.315319e-01	2.512819e-01	5.587517e-02	7.680677e-01	8.293829e-01	7.671100e+00	
82  22.9596	2.233876e-01	6.055543e-01	-3.362786e+00	1.467765e+00	-4.825949e+00	3.759389e-01	3.582797e-01	2.745320e-01	9.284250e-02	7.698567e-01	8.293829e-01	7.671100e+00	
109  22.6392	2.233876e-01	9.755885e-01	-3.179101e+00	1.463331e+00	-4.716430e+00	4.007145e-01	2.953997e-01	2.771228e-01	1.334379e-01	6.923932e-01	8.293829e-01	7.671100e+00	
500  20.4628	2.233876e-01	8.182930e-01	-3.660687e+00	1.361338e+00	-3.789975e+00	3.857015e-01	3.285230e-01	2.514767e-01	1.130030e-01	5.475312e-01	8.293829e-01	7.671100e+00	
286  20.6943	2.233876e-01	5.801825e-01	-3.951841e+00	1.555515e+00	-4.134934e+00	3.983076e-01	3.101621e-01	2.736310e-01	4.851671e-02	8.705757e-01	8.293829e-01	7.671100e+00	
285  22.1939	2.233876e-01	8.162753e-01	-4.953586e+00	1.485929e+00	-4.788958e+00	4.116048e-01	3.170546e-01	2.897221e-01	6.109377e-02	9.232635e-01	8.293829e-01	7.671100e+00	
104  20.8066	2.233876e-01	9.905747e-01	-4.938243e+00	1.548137e+00	-3.991833e+00	4.180133e-01	2.949190e-01	2.622114e-01	6.907969e-02	5.106582e-01	8.293829e-01	7.671100e+00	
134  22.0942	2.233876e-01	7.301118e-01	-4.853966e+00	1.627373e+00	-3.921662e+00	4.121939e-01	3.131794e-01	2.152785e-01	4.201570e-02	8.891919e-01	8.293829e-01	7.671100e+00	
72  21.8831	2.233876e-01	1.153883e+00	-4.405870e+00	1.621710e+00	-3.195812e+00	4.303793e-01	2.956046e-01	2.147964e-01	4.637609e-02	8.047869e-01	8.293829e-01	7.671100e+00	
104  21.8803	2.233876e-01	1.048871e+00	-4.119896e+00	1.695940e+00	-4.161575e+00	4.339766e-01	2.761987e-01	2.115778e-01	6.158930e-02	8.915589e-01	8.293829e-01	7.671100e+00	
1  22.4875	2.233876e-01	8.743277e-01	-3.811095e+00	1.665872e+00	-4.571296e+00	4.002432e-01	2.885406e-01	2.185490e-01	1.042187e-01	4.540853e-01	8.293829e-01	7.671100e+00	
50  23.4033	2.233876e-01	9.485861e-01	-2.947236e+00	1.654385e+00	-4.075884e+00	4.560014e-01	3.061860e-01	2.127449e-01	9.122726e-02	5.902173e-01	8.293829e-01	7.671100e+00	
15  23.4051	2.233876e-01	1.088046e+00	-3.816052e+00	1.620522e+00	-4.052956e+00	4.550587e-01	3.125496e-01	2.029955e-01	9.532951e-02	7.026676e-01	8.293829e-01	7.671100e+00	
20  25.0777	2.233876e-01	1.407505e+00	-3.848281e+00	1.571547e+00	-3.653816e+00	4.338774e-01	3.624470e-01	1.996848e-01	1.212906e-01	7.382350e-01	8.293829e-01	7.671100e+00	
41  22.512	2.233876e-01	1.473099e+00	-4.346125e+00	1.575617e+00	-3.031155e+00	4.369184e-01	3.622161e-01	1.881681e-01	7.821472e-02	9.437972e-01	8.293829e-01	7.671100e+00	
96  22.71	2.233876e-01	1.382451e+00	-4.326705e+00	1.641428e+00	-2.855415e+00	4.490627e-01	3.537393e-01	2.121232e-01	1.023989e-01	8.220452e-01	8.293829e-01	7.671100e+00	
28  22.1353	1.615509e-01	1.382451e+00	-4.326705e+00	1.641428e+00	-2.855415e+00	4.490627e-01	3.537393e-01	2.121232e-01	1.023989e-01	8.220452e-01	8.250696e-01	7.671100e+00	
481  22.6531	1.615509e-01	1.657728e+00	-4.410388e+00	1.590059e+00	-2.100076e+00	5.138982e-01	3.752640e-01	2.079851e-01	6.900429e-02	9.543430e-01	8.250696e-01	7.671100e+00	
2  22.9071	1.615509e-01	7.731796e-01	-4.283091e+00	1.556580e+00	-2.232000e+00	4.143751e-01	3.945102e-01	1.934078e-01	7.372641e-02	6.428437e-01	8.250696e-01	7.671100e+00	
41  22.605	1.615509e-01	7.416979e-01	-3.269565e+00	1.464355e+00	-1.541194e+00	3.983064e-01	3.621501e-01	1.988579e-01	9.274424e-02	7.660013e-01	8.250696e-01	7.671100e+00	
45  22.6947	1.615509e-01	1.066271e+00	-3.015868e+00	1.365103e+00	-2.084761e+00	4.179065e-01	3.712537e-01	2.703387e-01	1.333890e-01	8.333526e-01	8.250696e-01	7.671100e+00	
30  27.706	1.615509e-01	1.151619e+00	-1.684365e+00	1.196732e+00	-3.231924e+00	4.211745e-01	3.719081e-01	2.377171e-01	1.464325e-01	5.176691e-01	8.250696e-01	7.671100e+00	
3  26.1035	1.615509e-01	1.416052e+00	-1.083512e+00	1.228886e+00	-3.574017e+00	3.863429e-01	3.801363e-01	2.827215e-01	9.786946e-02	9.361011e-01	8.250696e-01	7.671100e+00	
23  24.1985	7.065417e-02	1.416052e+00	-1.083512e+00	1.228886e+00	-3.574017e+00	3.863429e-01	3.801363e-01	2.827215e-01	9.786946e-02	9.361011e-01	8.266436e-01	7.671100e+00	
109  24.6115	7.065417e-02	1.179734e+00	-1.101595e+00	1.152822e+00	-2.829065e+00	3.754244e-01	3.924107e-01	2.704848e-01	1.508966e-01	7.593786e-01	8.266436e-01	7.671100e+00	
14  24.2938	7.065417e-02	1.033310e+00	-1.755519e+00	1.122156e+00	-2.327012e+00	3.754492e-01	3.954504e-01	2.676397e-01	7.955815e-02	5.487282e-01	8.266436e-01	7.671100e+00	
38  23.7665	7.065417e-02	1.315235e+00	-1.676010e+00	1.078161e+00	-2.124828e+00	3.753375e-01	4.125294e-01	2.973846e-01	1.214342e-01	8.788748e-01	8.266436e-01	7.671100e+00	
262  23.5811	7.065417e-02	1.222003e+00	-2.179112e+00	1.077935e+00	-3.320592e+00	3.961731e-01	4.265275e-01	3.025692e-01	8.615059e-02	9.552455e-01	8.266436e-01	7.671100e+00	
23  25.6508	7.065417e-02	1.075770e+00	-2.245538e+00	1.050277e+00	-1.706902e+00	4.242106e-01	4.167637e-01	3.058546e-01	7.455219e-02	4.439005e-01	8.266436e-01	7.671100e+00	
22  23.4616	7.065417e-02	1.120310e+00	-2.719540e+00	1.105798e+00	-1.812968e+00	3.991132e-01	3.766135e-01	2.835698e-01	4.993729e-02	8.003663e-01	8.266436e-01	7.671100e+00	
353  23.383	7.065417e-02	1.276298e+00	-2.686889e+00	1.018020e+00	-1.157947e+00	3.896558e-01	4.020887e-01	2.946315e-01	7.424333e-02	9.731345e-01	8.266436e-01	7.671100e+00	
24  23.3878	7.065417e-02	1.224829e+00	-1.273046e+00	1.167046e+00	-1.636303e+00	3.952896e-01	4.284620e-01	2.739193e-01	3.970966e-02	9.441625e-01	8.266436e-01	7.671100e+00	
41  23.0384	7.065417e-02	1.243076e+00	-2.063364e+00	1.295885e+00	-1.825562e+00	3.695345e-01	4.176878e-01	2.875653e-01	7.774406e-02	9.697293e-01	8.266436e-01	7.671100e+00	
9  23.4907	7.065417e-02	6.469111e-01	-2.303104e+00	1.232791e+00	-2.311179e+00	3.541356e-01	4.109708e-01	3.096132e-01	6.760199e-02	8.018135e-01	8.266436e-01	7.671100e+00	
27  24.2511	7.065417e-02	6.267443e-01	-1.833605e+00	1.304761e+00	-2.121152e+00	3.504386e-01	4.023165e-01	2.709383e-01	8.128358e-02	9.703656e-01	8.266436e-01	7.671100e+00	
169  21.1948	7.065417e-02	8.440275e-01	-8.352078e-01	1.335294e+00	-2.467888e+00	3.541274e-01	3.329678e-01	2.778575e-01	1.024130e-01	9.196283e-01	8.266436e-01	7.671100e+00	
260  23.3963	7.065417e-02	1.003647e+00	6.627544e-01	1.308162e+00	-3.386337e+00	3.618940e-01	3.048030e-01	2.558608e-01	7.182083e-02	9.393409e-01	8.266436e-01	7.671100e+00	
52  23.888	7.065417e-02	5.769587e-01	7.041306e-01	1.324887e+00	-4.609377e+00	3.664795e-01	3.585005e-01	2.935459e-01	1.228152e-01	8.285987e-01	8.266436e-01	7.671100e+00	
29  24.918	7.065417e-02	8.209658e-01	1.678393e-01	1.398468e+00	-4.388785e+00	3.867707e-01	4.054417e-01	3.001601e-01	1.604561e-01	7.440167e-01	8.266436e-01	7.671100e+00	
28  26.4204	7.065417e-02	1.014342e+00	9.454358e-01	1.425231e+00	-4.672387e+00	3.866591e-01	3.414747e-01	2.822391e-01	1.571462e-01	6.352670e-01	8.266436e-01	7.671100e+00	
236  22.7145	7.065417e-02	5.365357e-01	1.946436e+00	1.426624e+00	-4.150942e+00	4.229593e-01	3.360847e-01	2.837586e-01	1.347634e-01	8.492788e-01	8.266436e-01	7.671100e+00	
10  23.8082	7.065417e-02	5.358790e-01	1.693574e+00	1.508517e+00	-4.753476e+00	4.247456e-01	3.402113e-01	2.939642e-01	1.631423e-01	8.358056e-01	8.266436e-01	7.671100e+00	
23  28.6455	7.065417e-02	6.539551e-01	2.254753e+00	1.456716e+00	-4.619722e+00	4.392419e-01	3.605832e-01	2.904235e-01	1.675516e-01	6.001872e-01	8.266436e-01	7.671100e+00	
88  25.1238	7.065417e-02	3.596151e-01	2.606572e+00	1.420233e+00	-4.909193e+00	4.482662e-01	3.673398e-01	2.619308e-01	1.726899e-01	9.975291e-01	8.266436e-01	7.671100e+00	
586  25.2325	1.975565e-01	3.596151e-01	2.606572e+00	1.420233e+00	-4.909193e+00	4.482662e-01	3.673398e-01	2.619308e-01	1.726899e-01	9.975291e-01	8.276067e-01	7.671100e+00	
114  26.3698	1.975565e-01	5.728134e-01	3.824225e+00	1.483817e+00	-4.226656e+00	4.407921e-01	3.210023e-01	2.055437e-01	8.507554e-02	9.848886e-01	8.276067e-01	7.671100e+00	
298  25.0318	1.428139e-01	5.728134e-01	3.824225e+00	1.483817e+00	-4.226656e+00	4.407921e-01	3.210023e-01	2.055437e-01	8.507554e-02	9.848886e-01	8.246076e-01	7.671100e+00	
55  25.7679	1.428139e-01	4.402628e-01	4.467009e+00	1.549294e+00	-3.470440e+00	4.817711e-01	2.967663e-01	2.124821e-01	1.606286e-01	9.476951e-01	8.246076e-01	7.671100e+00	
191  22.812	1.428139e-01	3.903426e-01	4.712140e+00	1.559052e+00	-3.880969e+00	4.226737e-01	2.904038e-01	2.275743e-01	8.994383e-02	9.935616e-01	8.246076e-01	7.671100e+00	
256  22.3513	1.428139e-01	4.517959e-01	4.511393e+00	1.504063e+00	-3.607720e+00	4.382193e-01	3.121475e-01	2.193255e-01	7.088008e-02	9.990327e-01	8.246076e-01	7.671100e+00	
190  23.2173	5.189635e-02	4.517959e-01	4.511393e+00	1.504063e+00	-3.607720e+00	4.382193e-01	3.121475e-01	2.193255e-01	7.088008e-02	9.990327e-01	8.150558e-01	7.671100e+00	
196  23.735	1.405282e-01	4.517959e-01	4.511393e+00	1.504063e+00	-3.607720e+00	4.382193e-01	3.121475e-01	2.193255e-01	7.088008e-02	9.990327e-01	8.243658e-01	7.671100e+00	
13  24.7079	1.405282e-01	8.051696e-01	3.797259e+00	1.556767e+00	-1.560201e+00	3.683432e-01	3.043086e-01	1.692654e-01	8.646395e-02	7.866411e-01	8.243658e-01	7.671100e+00	
166  24.5887	1.405282e-01	8.788276e-01	3.658144e+00	1.640096e+00	-1.839923e+00	3.780526e-01	3.047615e-01	2.055757e-01	9.219006e-02	7.705378e-01	8.243658e-01	7.671100e+00	
866  24.5902	1.405282e-01	7.929654e-01	3.752814e+00	1.681798e+00	-2.351598e+00	3.520722e-01	2.806938e-01	1.727728e-01	9.823108e-02	8.966383e-01	8.243658e-01	7.671100e+00	
19  24.2647	1.405282e-01	8.193842e-01	4.229505e+00	1.687528e+00	-1.365422e+00	3.602182e-01	3.086383e-01	1.901462e-01	5.215801e-02	8.547895e-01	8.243658e-01	7.671100e+00	
250  24.7388	1.529372e-01	8.193842e-01	4.229505e+00	1.687528e+00	-1.365422e+00	3.602182e-01	3.086383e-01	1.901462e-01	5.215801e-02	8.547895e-01	8.272821e-01	7.671100e+00	
72  24.7442	6.529214e-02	8.193842e-01	4.229505e+00	1.687528e+00	-1.365422e+00	3.602182e-01	3.086383e-01	1.901462e-01	5.215801e-02	8.547895e-01	8.296686e-01	7.671100e+00	
5  26.2054	6.529214e-02	6.429862e-01	2.222095e+00	1.566033e+00	-2.601683e+00	4.077544e-01	3.300955e-01	1.714092e-01	4.880712e-02	7.269493e-01	8.296686e-01	7.671100e+00	
66  24.7313	6.529214e-02	3.571773e-01	1.453220e+00	1.577584e+00	-2.765254e+00	3.807442e-01	3.304735e-01	1.667970e-01	9.658224e-02	8.991424e-01	8.296686e-01	7.671100e+00	
30  24.5301	6.529214e-02	3.428383e-01	1.875789e+00	1.626925e+00	-2.153741e+00	3.887695e-01	3.500584e-01	1.695107e-01	7.624097e-02	8.695469e-01	8.296686e-01	7.671100e+00	
17  23.9706	6.529214e-02	4.107211e-01	1.563438e+00	1.597282e+00	-2.021102e+00	3.591267e-01	2.851238e-01	1.724389e-01	4.508603e-02	9.599438e-01	8.296686e-01	7.671100e+00	
153  23.9005	2.102681e-01	4.107211e-01	1.563438e+00	1.597282e+00	-2.021102e+00	3.591267e-01	2.851238e-01	1.724389e-01	4.508603e-02	9.599438e-01	8.251726e-01	7.671100e+00	
236  23.0652	2.102681e-01	5.006096e-01	9.796320e-01	1.634295e+00	-1.842764e+00	4.011885e-01	3.122253e-01	1.807053e-01	5.347678e-02	7.908284e-01	8.251726e-01	7.671100e+00	
