# inv_M_wdm_keV	 log10sigmaovermass	 T0a	 T0s	 gamma_a	 gamma_s	 Fz1	 Fz2	 Fz3	 Fz4	 F_UV	 sigma8	 z_reio	
#Error_equiv	 6.837908e-03	 -5.306088e+00	 1.685761e+00	 -1.169979e+00	 1.323170e+00	 3.724388e+00	 4.649294e-01	 3.084116e-01	 2.725015e-01	 7.229840e-02	 6.174288e-01	 9.139550e-01	 7.671100e+00	
#Error_equiv	 1.099408e-02	 -7.020933e+00	 1.303598e+00	 -2.259681e-01	 1.283841e+00	 2.144777e+00	 3.897031e-01	 3.658756e-01	 2.094301e-01	 6.399702e-02	 2.617529e-01	 8.282475e-01	 7.671100e+00	
#Error_cosmo	 2.463899e-03	 -3.653403e+00	 1.781314e+00	 -2.706128e+00	 1.284925e+00	 4.441664e+00	 4.649062e-01	 3.475765e-01	 2.250434e-01	 7.658801e-02	 6.037846e-01	 2.257193e+00	 7.671100e+00	
#Error_kneff	 3.169957e-02	 -4.437242e+00	 9.211485e-01	 -2.999948e+00	 1.508928e+00	 -2.086452e+00	 3.538331e-01	 3.238809e-01	 2.655787e-01	 7.415206e-02	 8.057509e-02	 8.181806e-01	 7.671100e+00	
 1.236198e-02	 -3.862134e+00	 9.302641e-01	 -3.037408e+00	 1.393599e+00	 -4.240687e+00	 3.641037e-01	 3.573954e-01	 2.227165e-01	 3.730070e-02	 9.310390e-02	 8.540532e-01	 7.671100e+00	
#Error_cosmo	 2.575418e-03	 -4.169650e+00	 1.352351e+00	 -4.237089e+00	 1.578442e+00	 -3.687359e+00	 3.599974e-01	 3.254655e-01	 2.970036e-01	 4.593178e-02	 1.645453e-01	 1.989095e+00	 7.671100e+00	
#Error_cosmo	 2.662761e-04	 -3.949302e+00	 1.881823e+00	 -3.893022e+00	 1.551083e+00	 2.048246e+00	 4.910209e-01	 4.180107e-01	 2.874520e-01	 8.697372e-02	 5.925753e-01	 1.699718e+02	 7.671100e+00	
 2.425091e-02	 -6.590450e+00	 1.496119e+00	 -2.242459e+00	 1.610876e+00	 3.301519e+00	 4.067853e-01	 3.477217e-01	 2.398807e-01	 5.550942e-02	 3.223858e-01	 8.275616e-01	 7.671100e+00	
 1.318157e-02	 -5.101015e+00	 1.726082e+00	 -9.791824e-01	 1.388888e+00	 1.893319e+00	 4.004929e-01	 3.717094e-01	 2.995851e-01	 1.453758e-01	 7.921748e-01	 8.260324e-01	 7.671100e+00	
 2.541711e-02	 -3.152480e+00	 1.627399e+00	 -9.737357e-01	 1.415779e+00	 1.858042e+00	 3.978886e-01	 3.669873e-01	 2.966367e-01	 1.408947e-01	 7.693443e-01	 8.306004e-01	 7.671100e+00	
#Error_equiv	 5.357654e-03	 -3.950299e+00	 1.063718e+00	 -2.611532e+00	 1.338051e+00	 -1.609144e-01	 3.641886e-01	 3.040600e-01	 2.448724e-01	 9.982699e-02	 4.005635e-01	 9.371416e-01	 7.671100e+00	
 2.505980e-02	 -6.491361e+00	 1.095229e+00	 -2.663339e+00	 1.307333e+00	 -6.008890e-01	 3.650700e-01	 3.084288e-01	 2.444751e-01	 1.059512e-01	 4.370027e-01	 8.163487e-01	 7.671100e+00	
#Error_equiv	 1.889651e-02	 -4.003752e+00	 1.200411e+00	 8.941343e-02	 1.594807e+00	 4.200335e+00	 3.995330e-01	 3.839344e-01	 3.067384e-01	 5.545250e-02	 5.361265e-01	 8.389123e-01	 7.671100e+00	
 2.504396e-02	 -5.522317e+00	 1.234576e+00	 6.550717e-02	 1.575763e+00	 4.014087e+00	 4.004566e-01	 3.868276e-01	 3.071703e-01	 5.906816e-02	 5.568511e-01	 8.200563e-01	 7.671100e+00	
#Error_equiv	 8.463229e-03	 -6.341362e+00	 1.564709e+00	 -4.424731e+00	 1.291407e+00	 -1.780664e+00	 3.948316e-01	 3.275293e-01	 2.729033e-01	 6.333201e-02	 9.643181e-01	 8.351798e-01	 7.671100e+00	
#Error_equiv	 8.511468e-03	 -4.129668e+00	 1.403611e+00	 -1.528783e+00	 1.117275e+00	 2.084109e+00	 4.007107e-01	 4.049371e-01	 3.030762e-01	 6.053397e-02	 8.659096e-01	 8.476463e-01	 7.671100e+00	
 2.635065e-02	 -5.077875e+00	 1.416618e+00	 -3.833014e-01	 1.140186e+00	 6.073734e-02	 4.433954e-01	 3.791514e-01	 2.987065e-01	 5.883305e-02	 8.179284e-01	 8.279853e-01	 7.671100e+00	
#Error_equiv	 7.592106e-03	 -5.787230e+00	 1.704915e+00	 -1.472685e+00	 1.505639e+00	 9.874801e-01	 4.163050e-01	 4.072670e-01	 2.243983e-01	 4.293750e-02	 8.134988e-01	 8.824868e-01	 7.671100e+00	
 1.964293e-02	 -5.624782e+00	 1.155747e+00	 1.014442e+00	 1.287394e+00	 1.039625e+00	 4.315835e-01	 3.854243e-01	 2.945666e-01	 4.672838e-02	 6.364701e-01	 8.154549e-01	 7.671100e+00	
#Error_equiv	 1.023787e-02	 -6.623777e+00	 1.327602e+00	 3.858218e-01	 1.623356e+00	 2.197779e-01	 4.074255e-01	 3.698857e-01	 2.706718e-01	 3.781525e-02	 9.388009e-01	 8.648077e-01	 7.671100e+00	
#Error_equiv	 9.307313e-03	 -3.307888e+00	 7.057056e-01	 -4.166703e+00	 1.412412e+00	 4.124848e-01	 3.245107e-01	 3.576491e-01	 2.603008e-01	 7.401129e-02	 2.160874e-01	 8.427707e-01	 7.671100e+00	
#Error_equiv	 7.514264e-03	 -4.683286e+00	 8.570374e-01	 -2.681355e-01	 1.517522e+00	 3.127550e+00	 3.693816e-01	 3.681515e-01	 2.301057e-01	 5.264912e-02	 8.567008e-01	 9.486969e-01	 7.671100e+00	
#Error_equiv	 7.652947e-03	 -3.135263e+00	 1.629624e+00	 -3.245071e+00	 1.551440e+00	 4.713685e+00	 4.059164e-01	 4.155704e-01	 2.862748e-01	 5.367492e-02	 8.157723e-01	 8.463419e-01	 7.671100e+00	
 2.415260e-02	 -3.595768e+00	 1.726273e+00	 -3.945588e+00	 1.592392e+00	 3.899972e+00	 4.499411e-01	 4.070579e-01	 2.180637e-01	 7.957101e-02	 8.508082e-01	 8.269751e-01	 7.671100e+00	
#Error_equiv	 9.001943e-03	 -4.951186e+00	 1.228254e+00	 -2.936557e+00	 1.546294e+00	 4.707513e+00	 3.682632e-01	 3.053442e-01	 2.823596e-01	 3.446621e-02	 5.411884e-02	 8.401918e-01	 7.671100e+00	
 1.106701e-02	 -3.528760e+00	 1.475286e+00	 -3.322778e+00	 1.661101e+00	 3.964530e+00	 3.993133e-01	 3.386881e-01	 2.298590e-01	 3.841213e-02	 7.846458e-01	 8.508506e-01	 7.671100e+00	
 3.507286e-02	 -3.397514e+00	 1.973524e+00	 -3.723556e+00	 1.613366e+00	 -3.603275e+00	 4.270948e-01	 4.133513e-01	 2.615244e-01	 1.299136e-01	 8.112089e-01	 8.372298e-01	 7.671100e+00	
 2.746086e-02	 -6.818122e+00	 1.805737e+00	 -3.028316e-01	 1.389732e+00	 1.005537e+00	 4.157437e-01	 4.188587e-01	 3.072164e-01	 6.602481e-02	 9.243177e-01	 8.227463e-01	 7.671100e+00	
 3.501663e-02	 -6.846851e+00	 1.365279e+00	 -3.116198e-02	 1.429663e+00	 3.193018e+00	 3.950929e-01	 3.489765e-01	 2.554272e-01	 4.593798e-02	 7.119040e-01	 8.346746e-01	 7.671100e+00	
#Error_cosmo	 1.562949e-03	 -5.177511e+00	 1.505896e+00	 -2.672069e+00	 1.555010e+00	 4.284408e+00	 4.005527e-01	 3.444532e-01	 2.949899e-01	 4.630285e-02	 7.790365e-01	 4.780871e+00	 7.671100e+00	
#Error_equiv	 2.052010e-02	 -3.840882e+00	 1.298395e+00	 -4.519412e+00	 1.458545e+00	 1.010409e-01	 3.563289e-01	 3.792342e-01	 2.258655e-01	 4.256210e-02	 6.024726e-01	 8.394446e-01	 7.671100e+00	
#Error_cosmo	 1.739040e-03	 -3.630300e+00	 1.244654e+00	 -4.600157e+00	 1.599157e+00	 4.388596e+00	 3.939181e-01	 3.359609e-01	 2.332485e-01	 7.068123e-02	 2.549517e-01	 3.558940e+00	 7.671100e+00	
 2.021952e-02	 -4.058356e+00	 1.425995e+00	 -3.653429e+00	 1.644947e+00	 -6.470388e-01	 4.097955e-01	 3.651583e-01	 1.730755e-01	 5.788227e-02	 8.174554e-01	 8.551208e-01	 7.671100e+00	
#Error_kneff	 1.877017e-02	 -5.995030e+00	 1.494519e+00	 1.991188e-01	 1.325831e+00	 2.932205e+00	 4.088685e-01	 3.794928e-01	 2.777269e-01	 1.365711e-01	 7.182846e-01	 8.080406e-01	 7.671100e+00	
#Error_cosmo	 2.102789e-03	 -5.696398e+00	 1.599509e+00	 7.029468e-01	 1.153932e+00	 4.780231e+00	 4.602020e-01	 3.026134e-01	 2.802097e-01	 4.711027e-02	 6.171570e-01	 2.358398e+00	 7.671100e+00	
#Error_equiv	 1.022093e-02	 -3.579238e+00	 1.207887e+00	 -3.613482e+00	 1.196610e+00	 8.606875e-01	 4.068365e-01	 3.719199e-01	 2.528767e-01	 1.863012e-01	 7.940172e-01	 8.679283e-01	 7.671100e+00	
#Error_cosmo	 8.401347e-04	 -6.014999e+00	 1.351231e+00	 -4.737653e+00	 1.246757e+00	 -5.512702e-01	 3.902924e-01	 3.069199e-01	 2.444762e-01	 1.534906e-01	 4.945348e-01	 2.408151e+01	 7.671100e+00	
#Error_kneff	 3.605867e-02	 -6.120629e+00	 1.030564e+00	 -3.564054e+00	 1.554711e+00	 1.009412e+00	 3.696849e-01	 3.738842e-01	 2.477441e-01	 4.852881e-02	 2.510849e-01	 8.283093e-01	 7.671100e+00	
 3.069638e-02	 -4.665191e+00	 1.062951e+00	 -4.284697e+00	 1.498836e+00	 1.546113e+00	 3.727456e-01	 3.765006e-01	 2.677465e-01	 6.531252e-02	 1.708327e-01	 8.358423e-01	 7.671100e+00	
 2.319772e-02	 -7.627391e+00	 7.720427e-01	 -4.988244e-01	 1.556554e+00	 -2.818780e+00	 4.877006e-01	 4.081004e-01	 2.679772e-01	 1.297593e-01	 9.036233e-01	 8.379972e-01	 7.671100e+00	
#Error_equiv	 1.134734e-02	 -7.437322e+00	 1.235761e+00	 -3.677988e+00	 1.596545e+00	 8.858066e-01	 4.751212e-01	 4.005704e-01	 2.927857e-01	 9.057468e-02	 5.235170e-01	 8.432371e-01	 7.671100e+00	
 1.698067e-02	 -4.459250e+00	 1.511872e+00	 1.755357e+00	 1.424615e+00	 1.252631e+00	 4.315610e-01	 3.687202e-01	 2.999458e-01	 5.817801e-02	 1.151479e-01	 8.270903e-01	 7.671100e+00	
#Error_cosmo	 2.592499e-03	 -5.828842e+00	 1.598748e+00	 -9.730475e-01	 1.397873e+00	 7.305372e-01	 4.325834e-01	 3.606741e-01	 2.969134e-01	 8.049009e-02	 1.003710e-01	 1.586920e+00	 7.671100e+00	
#Error_equiv	 4.835918e-03	 -4.708914e+00	 1.762178e+00	 -2.812397e+00	 1.280170e+00	 4.799772e+00	 4.448353e-01	 3.990036e-01	 2.620312e-01	 5.222517e-02	 8.308102e-01	 1.033725e+00	 7.671100e+00	
#Error_equiv	 1.742233e-02	 -5.134376e+00	 1.440077e+00	 -2.241931e-01	 1.219149e+00	 3.330281e+00	 4.412033e-01	 4.074729e-01	 2.760008e-01	 9.278662e-02	 3.191176e-01	 8.173278e-01	 7.671100e+00	
#Error_equiv	 1.087827e-02	 -5.082923e+00	 1.441211e+00	 -1.380104e+00	 1.167974e+00	 2.750923e+00	 4.078231e-01	 4.101057e-01	 2.732892e-01	 1.264057e-01	 3.890556e-01	 8.437325e-01	 7.671100e+00	
 2.658987e-02	 -4.471337e+00	 1.532083e+00	 -6.119188e-01	 1.122244e+00	 4.121238e+00	 4.183906e-01	 3.630417e-01	 2.708971e-01	 1.520244e-01	 2.503136e-01	 8.191466e-01	 7.671100e+00	
#Error_kneff	 1.897853e-02	 -4.497672e+00	 1.380666e+00	 -4.262929e+00	 1.127767e+00	 -8.459347e-01	 3.919878e-01	 4.261441e-01	 2.921634e-01	 1.228932e-01	 2.165105e-01	 8.191219e-01	 7.671100e+00	
#Error_cosmo	 2.462513e-03	 -5.409926e+00	 1.533417e+00	 -2.067313e+00	 1.049093e+00	 1.652165e+00	 4.243715e-01	 4.224176e-01	 3.045805e-01	 6.818340e-02	 8.982250e-02	 2.641118e+00	 7.671100e+00	
#Error_kneff	 1.784264e-02	 -4.157968e+00	 1.623017e+00	 -3.799763e+00	 1.076325e+00	 3.787797e+00	 4.427338e-01	 3.759038e-01	 2.615552e-01	 5.462437e-02	 1.576687e-01	 8.281393e-01	 7.671100e+00	
 2.925626e-02	 -3.784178e+00	 1.277580e+00	 -3.102164e+00	 1.052720e+00	 3.882168e+00	 4.060444e-01	 3.495281e-01	 2.536648e-01	 8.184479e-02	 5.873814e-02	 8.275455e-01	 7.671100e+00	
#Error_cosmo	 2.621011e-03	 -3.565503e+00	 1.579826e+00	 -3.926339e+00	 1.160910e+00	 2.977544e+00	 4.304609e-01	 3.476841e-01	 2.724532e-01	 7.549481e-02	 1.361169e-01	 1.770393e+00	 7.671100e+00	
#Error_cosmo	 2.305734e-03	 -4.101628e+00	 7.048640e-01	 -3.154523e+00	 1.562605e+00	 4.536722e+00	 4.040251e-01	 3.203701e-01	 3.063296e-01	 2.732641e-02	 8.303746e-01	 2.639184e+00	 7.671100e+00	
 2.525687e-02	 -3.126534e+00	 8.041044e-01	 -4.469995e+00	 1.471917e+00	 -8.570262e-01	 3.894758e-01	 3.353625e-01	 2.644411e-01	 3.907421e-02	 4.451125e-01	 8.377678e-01	 7.671100e+00	
 3.445489e-02	 -3.703725e+00	 7.903033e-01	 -4.404843e+00	 1.468854e+00	 -1.365154e+00	 3.883756e-01	 3.316924e-01	 2.598018e-01	 3.808036e-02	 5.002779e-01	 8.349505e-01	 7.671100e+00	
#Error_equiv	 2.447827e-02	 -4.686263e+00	 8.997387e-01	 -4.582521e+00	 1.498387e+00	 -3.041095e+00	 3.909364e-01	 3.483162e-01	 2.661912e-01	 2.941453e-02	 5.378542e-01	 8.170097e-01	 7.671100e+00	
#Error_kneff	 3.561397e-02	 -4.293013e+00	 8.466603e-01	 -1.102153e+00	 1.617357e+00	 1.022047e+00	 3.880429e-01	 3.307697e-01	 2.709839e-01	 5.694494e-02	 5.370870e-01	 8.382781e-01	 7.671100e+00	
 2.635079e-02	 -4.397454e+00	 1.326222e+00	 -4.125285e+00	 1.532720e+00	 4.373527e+00	 4.113786e-01	 3.238434e-01	 2.456184e-01	 1.247773e-01	 8.269040e-01	 8.196462e-01	 7.671100e+00	
#Error_cosmo	 1.053119e-03	 -4.924494e+00	 1.377019e+00	 -2.175860e+00	 1.287570e+00	 3.876372e+00	 3.991953e-01	 3.363266e-01	 1.855423e-01	 2.640104e-02	 6.010624e-01	 1.456029e+01	 7.671100e+00	
#Error_equiv	 7.664961e-03	 -5.772252e+00	 1.732170e+00	 -4.618629e+00	 1.513319e+00	 7.927549e-01	 4.307870e-01	 3.985952e-01	 2.433703e-01	 5.110183e-02	 3.764654e-01	 8.909785e-01	 7.671100e+00	
#Error_equiv	 1.113442e-02	 -5.137583e+00	 1.754945e+00	 -1.459722e+00	 1.632046e+00	 -1.081244e+00	 4.473132e-01	 3.511616e-01	 2.500809e-01	 7.369409e-02	 5.922925e-01	 8.377400e-01	 7.671100e+00	
#Error_equiv	 8.400023e-03	 -4.323952e+00	 1.168100e+00	 -2.786938e+00	 1.383719e+00	 -3.987481e+00	 3.785780e-01	 3.122423e-01	 2.331896e-01	 1.036143e-01	 8.172727e-01	 8.207680e-01	 7.671100e+00	
#Error_equiv	 1.776354e-02	 -5.477731e+00	 1.997474e+00	 -3.709623e+00	 1.665771e+00	 -4.284834e+00	 5.289682e-01	 3.658010e-01	 2.431727e-01	 1.701469e-01	 8.900554e-01	 8.475615e-01	 7.671100e+00	
#Error_kneff	 2.185830e-02	 -4.904922e+00	 1.990245e+00	 -4.946703e+00	 1.611981e+00	 -4.705003e+00	 5.363991e-01	 4.039585e-01	 3.006803e-01	 1.409515e-01	 7.043481e-01	 8.255504e-01	 7.671100e+00	
 2.812275e-02	 -3.669380e+00	 1.866450e+00	 -4.818738e+00	 1.615756e+00	 -4.679003e+00	 5.315071e-01	 4.024881e-01	 3.019155e-01	 1.345119e-01	 6.934189e-01	 8.318706e-01	 7.671100e+00	
 2.011677e-02	 -4.105957e+00	 1.946599e+00	 -4.973840e+00	 1.607734e+00	 -4.532602e+00	 5.344828e-01	 4.045808e-01	 3.024466e-01	 1.356543e-01	 6.776014e-01	 8.475343e-01	 7.671100e+00	
#Error_equiv	 2.514285e-02	 -4.006345e+00	 1.686251e+00	 -4.904776e+00	 1.534621e+00	 -4.049835e+00	 5.134114e-01	 3.701584e-01	 2.573270e-01	 1.237507e-01	 9.084986e-01	 8.213810e-01	 7.671100e+00	
#Error_equiv	 3.484688e-03	 -5.151723e+00	 1.216721e+00	 -4.022446e+00	 1.362210e+00	 -2.557370e+00	 4.140472e-01	 3.750059e-01	 2.329465e-01	 5.260692e-02	 6.040345e-01	 1.347467e+00	 7.671100e+00	
 2.311774e-02	 -5.014789e+00	 1.020857e+00	 -2.192484e+00	 1.485591e+00	 -2.586801e+00	 4.183151e-01	 3.078150e-01	 2.298813e-01	 6.803890e-02	 5.668370e-01	 8.271199e-01	 7.671100e+00	
#Error_equiv	 1.718908e-02	 -4.320109e+00	 1.108093e+00	 -3.089585e+00	 1.343448e+00	 -1.273548e+00	 3.971056e-01	 3.093025e-01	 2.157552e-01	 9.286275e-02	 1.092331e-01	 8.270692e-01	 7.671100e+00	
#Error_kneff	 2.991506e-02	 -4.738176e+00	 1.283266e+00	 -4.686916e+00	 1.563405e+00	 -1.590543e+00	 3.928157e-01	 3.286096e-01	 2.066163e-01	 7.869183e-02	 1.685991e-01	 8.155060e-01	 7.671100e+00	
 1.482745e-02	 -4.836832e+00	 1.247199e+00	 -4.157833e+00	 1.630329e+00	 -3.233892e-02	 4.070084e-01	 3.427399e-01	 2.435912e-01	 5.781900e-02	 3.241169e-01	 8.262494e-01	 7.671100e+00	
#Error_equiv	 4.095391e-03	 -7.721126e+00	 1.802427e+00	 -4.971693e+00	 1.145733e+00	 4.920335e+00	 4.878709e-01	 3.800111e-01	 2.369598e-01	 1.131994e-01	 7.567513e-01	 1.198179e+00	 7.671100e+00	
#Error_equiv	 3.878839e-03	 -4.167697e+00	 1.671457e+00	 -4.931882e+00	 1.264040e+00	 4.328597e+00	 4.931013e-01	 4.000111e-01	 2.467303e-01	 8.840972e-02	 6.393710e-01	 1.071055e+00	 7.671100e+00	
#Error_equiv	 1.720646e-02	 -6.009291e+00	 1.713523e+00	 -4.692651e+00	 1.284584e+00	 3.681054e+00	 4.955131e-01	 3.960475e-01	 2.411034e-01	 1.024411e-01	 7.326630e-01	 8.509715e-01	 7.671100e+00	
#Error_equiv	 1.469379e-02	 -6.639910e+00	 1.453744e+00	 -1.545859e+00	 1.525071e+00	 2.559324e+00	 4.248142e-01	 3.642882e-01	 2.630955e-01	 5.342562e-02	 8.282377e-01	 8.552028e-01	 7.671100e+00	
#Error_equiv	 1.222620e-02	 -7.423240e+00	 1.470266e+00	 -3.135989e+00	 1.111975e+00	 2.322353e+00	 4.231393e-01	 3.771766e-01	 2.470278e-01	 6.000436e-02	 4.823041e-01	 8.362015e-01	 7.671100e+00	
 4.861852e-02	 -5.601671e+00	 1.305190e+00	 -4.795906e+00	 1.311380e+00	 3.247659e+00	 3.945236e-01	 3.871164e-01	 2.309681e-01	 6.140527e-02	 2.548081e-01	 8.225643e-01	 7.671100e+00	
#Error_equiv	 1.299605e-02	 -5.226002e+00	 1.423528e+00	 -2.499679e+00	 1.642085e+00	 2.311927e+00	 4.075035e-01	 4.274696e-01	 2.522267e-01	 1.247994e-01	 7.991265e-01	 8.224368e-01	 7.671100e+00	
 3.446585e-02	 -5.913182e+00	 1.612549e+00	 -1.885872e+00	 1.318984e+00	 4.989556e+00	 4.348682e-01	 3.502880e-01	 2.936495e-01	 5.439564e-02	 5.153032e-01	 8.251157e-01	 7.671100e+00	
 2.437652e-02	 -3.835534e+00	 1.488732e+00	 -4.140441e+00	 1.663647e+00	 -1.989437e+00	 4.744989e-01	 3.698573e-01	 2.388932e-01	 1.210392e-01	 5.802567e-02	 8.385252e-01	 7.671100e+00	
#Error_equiv	 1.067620e-02	 -3.067811e+00	 1.802972e+00	 -4.453681e+00	 1.672627e+00	 -1.159064e+00	 4.739048e-01	 3.747801e-01	 2.622881e-01	 8.115315e-02	 3.515113e-01	 8.336735e-01	 7.671100e+00	
#Error_equiv	 6.725511e-03	 -6.771950e+00	 1.643061e+00	 -3.232741e+00	 1.399927e+00	 4.701073e+00	 4.465927e-01	 4.088163e-01	 3.016273e-01	 1.171631e-01	 5.378596e-01	 8.020426e-01	 7.671100e+00	
 2.119756e-02	 -5.029287e+00	 8.449301e-01	 2.493133e-01	 1.354681e+00	 4.076109e+00	 4.332580e-01	 4.064130e-01	 3.017302e-01	 7.489287e-02	 8.969428e-01	 8.414656e-01	 7.671100e+00	
#Error_equiv	 3.415910e-03	 -4.217914e+00	 1.152685e+00	 -3.979929e+00	 1.197276e+00	 5.645279e-01	 3.697415e-01	 3.936631e-01	 2.316525e-01	 8.750142e-02	 2.134772e-01	 1.427491e+00	 7.671100e+00	
#Error_equiv	 2.679140e-03	 -4.606457e+00	 1.219732e+00	 -2.243696e+00	 1.041357e+00	 3.072698e+00	 3.834066e-01	 3.195686e-01	 2.085624e-01	 6.603032e-02	 3.451029e-02	 1.324100e+00	 7.671100e+00	
#Error_equiv	 7.547598e-03	 -6.164574e+00	 1.300501e+00	 -2.400316e+00	 1.345449e+00	 7.332839e-01	 3.867779e-01	 3.525906e-01	 1.944989e-01	 7.463906e-02	 4.869253e-02	 9.381900e-01	 7.671100e+00	
 2.838412e-02	 -6.363556e+00	 1.102091e+00	 -3.859545e+00	 1.373326e+00	 1.202385e+00	 4.054477e-01	 3.245031e-01	 2.101788e-01	 3.670677e-02	 2.462814e-01	 8.444071e-01	 7.671100e+00	
#Error_cosmo	 2.138059e-03	 -7.906839e+00	 1.521620e+00	 -3.708083e+00	 1.249123e+00	 2.982039e-01	 4.065589e-01	 3.773118e-01	 2.244885e-01	 9.490233e-02	 4.521978e-01	 2.231552e+00	 7.671100e+00	
 2.393139e-02	 -5.132051e+00	 1.195048e+00	 -3.274158e+00	 1.266520e+00	 1.491108e-01	 3.939095e-01	 3.719117e-01	 2.259724e-01	 8.195115e-02	 4.538965e-01	 8.214894e-01	 7.671100e+00	
 1.664034e-02	 -7.086711e+00	 1.306694e+00	 -2.212497e+00	 1.039587e+00	 7.946433e-01	 4.832083e-01	 3.580694e-01	 2.437765e-01	 8.662562e-02	 6.762104e-01	 8.332486e-01	 7.671100e+00	
 3.086068e-02	 -6.751642e+00	 1.427863e+00	 -3.385792e+00	 1.480367e+00	 -1.770760e+00	 3.996786e-01	 4.195718e-01	 2.700480e-01	 1.260271e-01	 6.447951e-01	 8.301298e-01	 7.671100e+00	
#Error_equiv	 1.639598e-02	 -3.712394e+00	 1.030895e+00	 -4.560777e+00	 1.506795e+00	 -4.439979e+00	 3.938127e-01	 4.218241e-01	 2.920859e-01	 7.439564e-02	 3.662984e-01	 8.213040e-01	 7.671100e+00	
 3.277111e-02	 -4.301290e+00	 1.577141e+00	 -2.026657e+00	 1.642750e+00	 -2.530636e+00	 3.936394e-01	 4.248185e-01	 2.990749e-01	 3.020317e-02	 5.349376e-01	 8.232385e-01	 7.671100e+00	
#Error_equiv	 2.902494e-02	 -6.000572e+00	 1.111063e+00	 -2.958534e+00	 1.668164e+00	 -2.096095e+00	 3.776040e-01	 3.348528e-01	 1.909508e-01	 1.070842e-01	 1.095361e-01	 8.113925e-01	 7.671100e+00	
#Error_kneff	 2.391060e-02	 -3.243117e+00	 1.519115e+00	 -4.019255e+00	 1.504548e+00	 -2.679085e+00	 4.150206e-01	 3.556933e-01	 2.929064e-01	 7.107260e-02	 4.477219e-01	 8.313567e-01	 7.671100e+00	
#Error_equiv	 1.474117e-02	 -4.015463e+00	 1.198555e+00	 -4.418497e+00	 1.364599e+00	 -2.316387e+00	 4.031257e-01	 3.571362e-01	 2.880710e-01	 8.936983e-02	 5.407803e-01	 8.307391e-01	 7.671100e+00	
 1.582000e-02	 -6.308986e+00	 1.050670e+00	 -9.031437e-01	 1.491992e+00	 -1.490523e+00	 3.348690e-01	 3.093234e-01	 2.108005e-01	 1.124913e-01	 1.525208e-01	 8.125639e-01	 7.671100e+00	
#Error_equiv	 1.147960e-02	 -3.341659e+00	 1.080369e+00	 -3.613688e+00	 1.472033e+00	 -9.956245e-01	 3.928055e-01	 3.358163e-01	 2.221894e-01	 9.210206e-02	 4.531871e-01	 8.520666e-01	 7.671100e+00	
#Error_equiv	 1.369398e-02	 -3.118489e+00	 1.002244e+00	 -3.970515e+00	 1.340539e+00	 4.282460e-01	 3.721253e-01	 3.205565e-01	 2.043706e-01	 7.106074e-02	 1.715423e-01	 8.593649e-01	 7.671100e+00	
#Error_kneff	 2.094704e-02	 -6.144183e+00	 8.997835e-01	 -3.245475e+00	 1.440549e+00	 -1.852329e+00	 3.530832e-01	 3.162042e-01	 1.956992e-01	 6.891810e-02	 2.401412e-01	 8.276340e-01	 7.671100e+00	
 3.565524e-02	 -3.297123e+00	 1.210821e+00	 -3.940401e+00	 1.470458e+00	 1.076337e+00	 4.036672e-01	 3.869222e-01	 2.966571e-01	 5.975353e-02	 3.392175e-01	 8.159433e-01	 7.671100e+00	
#Error_kneff	 2.563052e-02	 -4.959947e+00	 8.208270e-01	 -1.719403e+00	 1.517186e+00	 3.583706e+00	 3.802183e-01	 3.374881e-01	 2.577012e-01	 3.610684e-02	 2.278052e-01	 8.148767e-01	 7.671100e+00	
 3.083428e-02	 -4.838140e+00	 6.781110e-01	 2.915080e+00	 1.604714e+00	 2.017109e-01	 3.600456e-01	 4.124980e-01	 2.943871e-01	 4.528544e-02	 1.385617e-01	 8.233403e-01	 7.671100e+00	
#Error_kneff	 2.568123e-02	 -3.643715e+00	 1.087818e+00	 -3.978399e+00	 1.633535e+00	 3.869539e+00	 3.666719e-01	 3.613189e-01	 2.992278e-01	 8.645516e-02	 1.335157e-01	 8.272658e-01	 7.671100e+00	
 2.960016e-02	 -5.835356e+00	 9.429056e-01	 -1.317422e+00	 1.694233e+00	 2.531618e+00	 3.214341e-01	 3.909220e-01	 2.675867e-01	 9.876051e-02	 3.998552e-01	 8.374458e-01	 7.671100e+00	
#Error_cosmo	 2.792265e-03	 -4.195594e+00	 1.003561e+00	 4.996478e-01	 1.592440e+00	 3.504963e+00	 3.350611e-01	 4.291167e-01	 3.026354e-01	 1.019076e-01	 1.445568e-01	 1.630830e+00	 7.671100e+00	
 1.684764e-02	 -5.350863e+00	 9.536658e-01	 -3.668547e+00	 1.636665e+00	 9.220506e-02	 3.349385e-01	 3.505089e-01	 2.030233e-01	 5.653506e-02	 1.283629e-01	 8.156117e-01	 7.671100e+00	
#Error_equiv	 2.223914e-02	 -5.682860e+00	 1.577007e+00	 -3.308759e+00	 1.588208e+00	 -3.255923e+00	 4.244563e-01	 3.257914e-01	 3.006262e-01	 9.274537e-02	 9.968588e-01	 8.245292e-01	 7.671100e+00	
#Error_equiv	 1.126902e-02	 -4.255331e+00	 1.020025e+00	 -2.033021e+00	 1.624976e+00	 2.189959e+00	 3.586048e-01	 3.539903e-01	 1.965204e-01	 3.855630e-02	 9.898919e-02	 8.449605e-01	 7.671100e+00	
#Error_equiv	 1.084428e-02	 -4.473380e+00	 8.720214e-01	 -2.332515e+00	 1.494051e+00	 -2.945053e+00	 3.532231e-01	 2.892014e-01	 2.753789e-01	 7.173125e-02	 3.573937e-01	 8.137621e-01	 7.671100e+00	
 2.374236e-02	 -4.867720e+00	 9.952673e-01	 1.150086e+00	 1.478917e+00	 2.207077e+00	 3.414917e-01	 3.842554e-01	 3.059188e-01	 5.147918e-02	 2.320853e-01	 8.330216e-01	 7.671100e+00	
#Error_kneff	 3.661811e-02	 -4.501909e+00	 5.335832e-01	 -4.298988e+00	 1.374850e+00	 -3.267299e-01	 3.378839e-01	 3.034004e-01	 2.497689e-01	 8.229331e-02	 2.576416e-01	 8.405592e-01	 7.671100e+00	
#Error_cosmo	 1.461614e-03	 -5.886157e+00	 1.330619e+00	 -3.372469e+00	 1.621579e+00	 -2.023073e+00	 4.650676e-01	 3.357459e-01	 2.855741e-01	 9.011846e-02	 5.264772e-01	 7.445298e+00	 7.671100e+00	
#Error_cosmo	 5.766517e-04	 -6.887031e+00	 1.098301e+00	 -3.713456e+00	 1.463669e+00	 -3.893122e+00	 3.751957e-01	 2.933801e-01	 2.529984e-01	 1.109715e-01	 3.608704e-01	 3.678612e+01	 7.671100e+00	
#Error_equiv	 1.116847e-02	 -4.825676e+00	 8.682247e-01	 -3.031843e+00	 1.480380e+00	 -3.633411e+00	 3.627002e-01	 2.811375e-01	 2.848422e-01	 1.582594e-01	 2.972829e-01	 8.416069e-01	 7.671100e+00	
#Error_equiv	 1.013504e-02	 -7.913544e+00	 1.107552e+00	 -4.020618e+00	 1.599479e+00	 -4.747407e+00	 4.002344e-01	 2.409948e-01	 2.532848e-01	 6.627321e-02	 3.199121e-01	 8.802868e-01	 7.671100e+00	
 2.673092e-02	 -5.966205e+00	 1.066818e+00	 -4.627449e+00	 1.390777e+00	 -1.348009e+00	 3.987274e-01	 3.592159e-01	 2.863592e-01	 8.321818e-02	 8.637549e-01	 8.216540e-01	 7.671100e+00	
#Error_equiv	 1.377032e-02	 -6.654158e+00	 9.712513e-01	 -4.742232e+00	 1.300593e+00	 -4.717415e-01	 3.819745e-01	 2.473314e-01	 2.041431e-01	 7.164356e-02	 2.721995e-01	 8.287841e-01	 7.671100e+00	
#Error_equiv	 1.946364e-02	 -6.332913e+00	 9.839403e-01	 -3.918105e+00	 1.236137e+00	 1.519623e-01	 3.551109e-01	 2.462906e-01	 1.852432e-01	 2.782253e-02	 2.166232e-01	 8.350328e-01	 7.671100e+00	
#Error_equiv	 1.592172e-02	 -4.856016e+00	 9.832280e-01	 -3.747027e+00	 1.433649e+00	 -8.829341e-01	 3.754013e-01	 2.687210e-01	 1.933325e-01	 3.257411e-02	 2.871816e-01	 8.273219e-01	 7.671100e+00	
#Error_equiv	 1.456172e-02	 -7.692228e+00	 8.729854e-01	 -4.512863e+00	 1.392248e+00	 -9.797035e-01	 3.467253e-01	 3.283972e-01	 2.009928e-01	 5.764987e-02	 3.554894e-01	 8.662312e-01	 7.671100e+00	
#Error_equiv	 2.988677e-03	 -4.871621e+00	 9.126110e-01	 -4.520868e+00	 1.349631e+00	 -1.614868e-01	 3.489433e-01	 3.382160e-01	 2.042962e-01	 6.304613e-02	 3.244128e-01	 1.374648e+00	 7.671100e+00	
#Error_cosmo	 3.090001e-03	 -6.792784e+00	 1.158815e+00	 -4.860894e+00	 1.311416e+00	 -1.576053e+00	 3.922032e-01	 2.877228e-01	 2.391083e-01	 8.882750e-02	 2.135535e-01	 1.505433e+00	 7.671100e+00	
 2.111891e-02	 -4.391415e+00	 1.015869e+00	 -4.913362e+00	 1.282658e+00	 -2.309796e+00	 3.622756e-01	 2.741784e-01	 2.381340e-01	 1.030311e-01	 4.337231e-02	 8.252376e-01	 7.671100e+00	
#Error_equiv	 7.073831e-03	 -7.493892e+00	 1.064000e+00	 -4.809561e+00	 1.345069e+00	 -3.071602e+00	 3.682057e-01	 2.693561e-01	 2.432842e-01	 9.933146e-02	 1.300346e-01	 8.754170e-01	 7.671100e+00	
#Error_cosmo	 7.032065e-04	 -5.012953e+00	 8.700164e-01	 -1.168869e+00	 1.351395e+00	 2.775738e-01	 3.374207e-01	 3.508140e-01	 2.017611e-01	 2.858482e-02	 2.708845e-01	 3.137555e+01	 7.671100e+00	
 2.559790e-02	 -4.478477e+00	 8.274249e-01	 -4.630293e+00	 1.412440e+00	 -4.264389e+00	 3.913926e-01	 2.520294e-01	 2.310658e-01	 9.608910e-02	 6.387317e-02	 8.383595e-01	 7.671100e+00	
#Error_equiv	 9.151732e-03	 -7.051755e+00	 8.551990e-01	 -1.462466e+00	 1.332924e+00	 1.022891e+00	 3.505077e-01	 3.391251e-01	 1.810553e-01	 3.244272e-02	 2.939873e-01	 8.711872e-01	 7.671100e+00	
#Error_equiv	 8.502262e-03	 -7.405170e+00	 8.860045e-01	 -4.518727e+00	 1.473546e+00	 -4.963181e+00	 3.981891e-01	 2.483391e-01	 2.371861e-01	 9.292032e-02	 1.531644e-01	 8.628101e-01	 7.671100e+00	
 2.092828e-02	 -5.519252e+00	 8.434273e-01	 -4.595620e+00	 1.433353e+00	 -4.520165e+00	 3.933688e-01	 2.504024e-01	 2.327797e-01	 9.484450e-02	 9.286306e-02	 8.339827e-01	 7.671100e+00	
 2.521692e-02	 -6.910274e+00	 9.467614e-01	 -2.026240e+00	 1.314822e+00	 1.025125e-01	 3.686696e-01	 3.530294e-01	 2.089013e-01	 4.132734e-02	 2.790412e-01	 8.257214e-01	 7.671100e+00	
#Error_equiv	 1.156902e-02	 -6.356292e+00	 7.508873e-01	 -3.183036e+00	 1.568551e+00	 -1.929502e+00	 3.501160e-01	 2.534620e-01	 2.059764e-01	 4.982416e-02	 1.562036e-01	 8.462434e-01	 7.671100e+00	
#Error_kneff	 3.096578e-02	 -5.778183e+00	 7.882173e-01	 -3.421651e+00	 1.522219e+00	 -1.050741e+00	 3.415340e-01	 3.415927e-01	 2.436115e-01	 3.709905e-02	 3.270640e-01	 8.241691e-01	 7.671100e+00	
#Error_equiv	 2.481818e-02	 -6.146892e+00	 8.100200e-01	 -3.508548e+00	 1.443227e+00	 -1.834010e+00	 3.648067e-01	 2.560112e-01	 2.080388e-01	 4.558413e-02	 1.729672e-01	 8.218787e-01	 7.671100e+00	
#Error_cosmo	 1.359938e-03	 -4.718146e+00	 8.122529e-01	 -2.936455e+00	 1.436338e+00	 -1.648357e+00	 3.590395e-01	 2.819744e-01	 1.944932e-01	 8.790149e-02	 2.362131e-01	 8.073994e+00	 7.671100e+00	
#Error_equiv	 1.203877e-02	 -6.765962e+00	 8.046645e-01	 -3.902643e+00	 1.567683e+00	 -2.500594e+00	 4.008941e-01	 2.747682e-01	 1.933417e-01	 7.472155e-02	 2.242185e-01	 8.121848e-01	 7.671100e+00	
#Error_equiv	 9.424015e-03	 -4.542616e+00	 7.774394e-01	 -3.798076e+00	 1.462077e+00	 -2.294524e+00	 3.815883e-01	 2.740658e-01	 1.991101e-01	 8.029601e-02	 7.773268e-02	 8.779507e-01	 7.671100e+00	
#Error_kneff	 3.226515e-02	 -6.902184e+00	 7.054351e-01	 -3.357958e+00	 1.545941e+00	 -3.149318e+00	 3.719140e-01	 2.529027e-01	 1.827483e-01	 7.614198e-02	 8.394962e-02	 8.205249e-01	 7.671100e+00	
#Error_equiv	 9.008592e-03	 -7.733739e+00	 8.027553e-01	 -3.270142e+00	 1.567792e+00	 -3.051286e+00	 3.793911e-01	 2.640078e-01	 1.951400e-01	 6.962658e-02	 2.396008e-01	 8.660632e-01	 7.671100e+00	
#Error_equiv	 3.001648e-03	 -6.525054e+00	 8.342242e-01	 -3.085235e+00	 1.559684e+00	 -1.977891e+00	 3.999088e-01	 2.793512e-01	 2.152657e-01	 7.378728e-02	 3.094921e-01	 1.457250e+00	 7.671100e+00	
#Error_equiv	 1.148020e-02	 -4.229395e+00	 8.051665e-01	 -3.155250e+00	 1.514614e+00	 -1.404320e+00	 3.961192e-01	 2.833467e-01	 2.120827e-01	 7.668462e-02	 2.491185e-01	 8.393086e-01	 7.671100e+00	
#Error_equiv	 1.943224e-02	 -5.686815e+00	 7.779360e-01	 -3.158111e+00	 1.535490e+00	 -1.837275e+00	 3.943566e-01	 2.778330e-01	 2.097288e-01	 7.373165e-02	 2.613102e-01	 8.461204e-01	 7.671100e+00	
#Error_kneff	 2.252625e-02	 -5.503761e+00	 6.335495e-01	 -3.030078e+00	 1.507262e+00	 -2.573389e+00	 4.006683e-01	 2.904176e-01	 2.247835e-01	 7.554017e-02	 1.756915e-01	 8.207273e-01	 7.671100e+00	
#Error_equiv	 1.397420e-02	 -5.794024e+00	 6.677894e-01	 -4.867772e+00	 1.560114e+00	 -2.500760e+00	 4.125600e-01	 3.178540e-01	 2.355445e-01	 3.971207e-02	 1.331620e-01	 8.415392e-01	 7.671100e+00	
 1.886964e-02	 -5.460634e+00	 7.085143e-01	 -4.303268e+00	 1.481551e+00	 -3.384131e+00	 4.133051e-01	 2.947832e-01	 2.401421e-01	 3.831642e-02	 1.767745e-01	 8.398839e-01	 7.671100e+00	
#Error_equiv	 4.798512e-03	 -4.930704e+00	 7.567116e-01	 -4.262563e+00	 1.480447e+00	 -3.169009e+00	 4.174407e-01	 2.992840e-01	 2.446657e-01	 4.032374e-02	 1.942545e-01	 1.021088e+00	 7.671100e+00	
#Error_equiv	 8.939792e-03	 -7.856204e+00	 1.551146e+00	 -2.462711e+00	 1.675170e+00	 -1.704415e-01	 4.664390e-01	 3.762631e-01	 2.982711e-01	 1.000853e-01	 9.479182e-01	 8.967391e-01	 7.671100e+00	
#Error_kneff	 1.985973e-02	 -7.232526e+00	 7.778343e-01	 -3.005818e+00	 1.424658e+00	 -5.996139e-01	 3.071016e-01	 3.284446e-01	 2.795535e-01	 7.762723e-02	 1.324798e-01	 8.464936e-01	 7.671100e+00	
#Error_equiv	 4.859589e-03	 -7.602114e+00	 1.968061e+00	 -3.715295e+00	 1.523295e+00	 4.272133e+00	 4.686445e-01	 4.055584e-01	 2.858994e-01	 1.563504e-01	 2.500784e-01	 1.008293e+00	 7.671100e+00	
#Error_kneff	 3.398447e-02	 -7.108031e+00	 1.134034e+00	 -1.451834e+00	 1.562392e+00	 -2.147480e+00	 4.377741e-01	 3.273363e-01	 2.271338e-01	 4.245230e-02	 5.678810e-01	 8.125063e-01	 7.671100e+00	
#Error_equiv	 1.929348e-02	 -4.340941e+00	 1.549609e+00	 -2.854505e+00	 1.605202e+00	 1.272522e+00	 4.422408e-01	 3.047625e-01	 2.440209e-01	 1.022855e-01	 9.417325e-01	 8.170353e-01	 7.671100e+00	
#Error_kneff	 2.589303e-02	 -4.261932e+00	 1.066090e+00	 -5.125879e-02	 1.588554e+00	 4.961019e+00	 3.224824e-01	 3.418284e-01	 2.769351e-01	 9.137969e-02	 2.980842e-01	 8.288009e-01	 7.671100e+00	
#Error_equiv	 1.179940e-02	 -6.973546e+00	 9.679986e-01	 7.531950e-01	 1.590054e+00	 2.046787e+00	 3.321157e-01	 3.455749e-01	 2.792217e-01	 6.485561e-02	 2.441245e-01	 8.147097e-01	 7.671100e+00	
#Error_equiv	 1.204788e-02	 -4.487016e+00	 8.839446e-01	 7.794087e-01	 1.622495e+00	 2.211180e+00	 3.298760e-01	 3.403200e-01	 2.772873e-01	 5.901637e-02	 2.121179e-01	 8.435163e-01	 7.671100e+00	
 2.025653e-02	 -6.255182e+00	 1.501118e+00	 -2.053472e+00	 1.599833e+00	 3.095406e+00	 3.958978e-01	 3.850656e-01	 2.692737e-01	 8.677936e-02	 1.909062e-01	 8.244672e-01	 7.671100e+00	
 2.834843e-02	 -4.651082e+00	 8.592318e-01	 -4.865941e+00	 1.375833e+00	 -2.381198e+00	 3.789682e-01	 3.377435e-01	 2.450164e-01	 4.869642e-02	 9.257100e-02	 8.218433e-01	 7.671100e+00	
 2.814931e-02	 -6.172460e+00	 1.113701e+00	 -3.994519e+00	 1.201030e+00	 -1.680682e+00	 4.091792e-01	 3.484377e-01	 2.713858e-01	 8.038233e-02	 3.401610e-01	 8.326760e-01	 7.671100e+00	
#Error_equiv	 5.963222e-03	 -5.002222e+00	 1.222691e+00	 -4.076423e+00	 1.292039e+00	 -1.677154e+00	 4.068237e-01	 3.701323e-01	 2.814605e-01	 9.430023e-02	 4.541830e-01	 1.052556e+00	 7.671100e+00	
#Error_kneff	 3.812841e-02	 -3.213608e+00	 1.857538e+00	 3.072636e-01	 1.558828e+00	 2.027287e+00	 3.867107e-01	 4.236701e-01	 2.794466e-01	 6.326572e-02	 4.097874e-01	 8.276924e-01	 7.671100e+00	
 1.895688e-02	 -5.852423e+00	 1.375248e+00	 -4.734009e+00	 1.327036e+00	 -4.251504e+00	 4.104120e-01	 3.600745e-01	 2.770902e-01	 1.103250e-01	 3.537160e-01	 8.504281e-01	 7.671100e+00	
 2.406872e-02	 -4.353650e+00	 1.357728e+00	 -4.778217e+00	 1.297856e+00	 -3.874850e+00	 4.080703e-01	 3.627777e-01	 2.751511e-01	 1.122519e-01	 3.151299e-01	 8.315717e-01	 7.671100e+00	
#Error_equiv	 7.844615e-03	 -5.162493e+00	 1.021658e+00	 -4.262918e-01	 1.491725e+00	 -2.346767e+00	 4.480308e-01	 4.083679e-01	 2.814912e-01	 8.551910e-02	 8.703954e-01	 8.357268e-01	 7.671100e+00	
 2.780150e-02	 -6.261723e+00	 1.025290e+00	 -2.711759e+00	 1.401294e+00	 -1.143175e+00	 4.209178e-01	 3.970430e-01	 3.050627e-01	 8.879539e-02	 8.161937e-01	 8.345794e-01	 7.671100e+00	
 1.767636e-02	 -3.936011e+00	 9.968007e-01	 -3.026470e+00	 1.327860e+00	 -1.658115e+00	 3.857889e-01	 4.020089e-01	 2.874955e-01	 7.117161e-02	 5.072429e-01	 8.363218e-01	 7.671100e+00	
#Error_equiv	 1.185080e-02	 -5.538102e+00	 1.581310e+00	 -2.612829e+00	 1.490596e+00	 4.440144e+00	 4.026922e-01	 3.347167e-01	 2.581212e-01	 4.535603e-02	 2.326195e-01	 8.309909e-01	 7.671100e+00	
#Error_equiv	 2.495632e-03	 -3.420428e+00	 1.683012e+00	 -4.359955e+00	 1.619201e+00	 1.610969e+00	 4.422725e-01	 3.421165e-01	 1.880843e-01	 8.914075e-02	 9.876732e-01	 1.252782e+00	 7.671100e+00	
 3.066204e-02	 -4.449687e+00	 1.146741e+00	 -4.138399e+00	 1.225369e+00	 -7.128526e-01	 3.787489e-01	 3.436465e-01	 2.524728e-01	 7.835144e-02	 3.776638e-01	 8.221693e-01	 7.671100e+00	
 2.118083e-02	 -3.711622e+00	 1.160623e+00	 -7.363513e-01	 1.401753e+00	 3.903702e+00	 3.695522e-01	 3.198360e-01	 2.630384e-01	 4.487028e-02	 3.321476e-01	 8.161516e-01	 7.671100e+00	
#Error_kneff	 2.718534e-02	 -6.718542e+00	 1.533080e+00	 -4.704041e+00	 1.248204e+00	 -1.197076e+00	 4.762141e-01	 3.638802e-01	 2.722570e-01	 4.424440e-02	 2.706806e-01	 8.239194e-01	 7.671100e+00	
 3.273268e-02	 -4.504100e+00	 1.576558e+00	 -4.776476e+00	 1.186633e+00	 -3.353496e-01	 4.873612e-01	 3.765186e-01	 2.962719e-01	 3.926155e-02	 2.147080e-01	 8.335949e-01	 7.671100e+00	
 3.328061e-02	 -6.606824e+00	 1.574694e+00	 -4.741843e+00	 1.223091e+00	 -9.036218e-01	 4.882334e-01	 3.710027e-01	 2.964599e-01	 3.591344e-02	 2.537118e-01	 8.295357e-01	 7.671100e+00	
#Error_kneff	 2.365418e-02	 -5.263478e+00	 1.607661e+00	 -4.731057e+00	 1.205182e+00	 -4.927021e-01	 4.905760e-01	 3.765976e-01	 2.993831e-01	 3.882707e-02	 2.469762e-01	 8.147740e-01	 7.671100e+00	
#Error_equiv	 1.247615e-02	 -6.563992e+00	 9.381767e-01	 -3.209670e+00	 1.622435e+00	 -3.803666e+00	 4.363763e-01	 3.303015e-01	 2.479977e-01	 6.170520e-02	 8.069423e-01	 8.899020e-01	 7.671100e+00	
#Error_kneff	 3.025406e-02	 -5.114086e+00	 1.149666e+00	 -3.401745e+00	 1.250639e+00	 -4.461815e-01	 4.219046e-01	 4.139263e-01	 2.942967e-01	 1.312267e-01	 4.809886e-01	 8.217182e-01	 7.671100e+00	
#Error_equiv	 7.703053e-03	 -4.001804e+00	 1.226907e+00	 -3.341084e+00	 1.244270e+00	 -3.069673e-02	 4.284020e-01	 4.218141e-01	 3.015004e-01	 1.348567e-01	 5.039902e-01	 8.816733e-01	 7.671100e+00	
#Error_equiv	 1.372809e-02	 -5.829711e+00	 1.048337e+00	 -4.601287e+00	 1.393356e+00	 -1.332392e+00	 3.654382e-01	 3.856218e-01	 3.046714e-01	 4.608696e-02	 7.979111e-01	 8.199402e-01	 7.671100e+00	
#Error_equiv	 1.135208e-02	 -5.113201e+00	 1.881056e+00	 -4.011360e+00	 1.271769e+00	 1.028476e+00	 4.318266e-01	 4.183835e-01	 2.854672e-01	 6.511737e-02	 9.425113e-01	 8.332334e-01	 7.671100e+00	
 2.241960e-02	 -4.075478e+00	 9.018083e-01	 -4.268031e+00	 1.309104e+00	 -6.525083e-01	 3.785664e-01	 3.388973e-01	 3.093100e-01	 3.128514e-02	 5.108925e-02	 8.209262e-01	 7.671100e+00	
 1.617804e-02	 -7.602483e+00	 9.257280e-01	 -4.530537e+00	 1.656248e+00	 -3.579816e+00	 3.904514e-01	 3.667635e-01	 2.935682e-01	 7.308298e-02	 2.617277e-01	 8.040087e-01	 7.671100e+00	
#Error_equiv	 4.381870e-03	 -6.603064e+00	 1.572563e+00	 -2.080423e+00	 1.163620e+00	 4.168286e+00	 4.863243e-01	 3.825906e-01	 2.879152e-01	 7.366426e-02	 5.972378e-01	 1.037631e+00	 7.671100e+00	
 2.386178e-02	 -5.170536e+00	 1.505826e+00	 -2.174457e+00	 1.127264e+00	 4.452976e+00	 4.795240e-01	 3.819160e-01	 2.812740e-01	 7.428733e-02	 5.317520e-01	 8.288724e-01	 7.671100e+00	
 1.978576e-02	 -6.034735e+00	 9.762776e-01	 -3.702289e+00	 1.503845e+00	 -3.863378e-01	 3.964408e-01	 3.039251e-01	 2.653757e-01	 5.325681e-02	 4.695049e-01	 8.372297e-01	 7.671100e+00	
 2.461555e-02	 -4.620270e+00	 1.082542e+00	 -2.201721e+00	 1.438708e+00	 4.128455e+00	 3.893786e-01	 3.414472e-01	 2.458189e-01	 1.042327e-01	 5.713600e-01	 8.560544e-01	 7.671100e+00	
 2.406262e-02	 -3.456446e+00	 1.435669e+00	 -1.723653e+00	 1.399069e+00	 -2.494425e+00	 4.459636e-01	 3.665361e-01	 2.667764e-01	 1.076741e-01	 5.488377e-01	 8.382909e-01	 7.671100e+00	
 2.602485e-02	 -5.489787e+00	 9.887716e-01	 -3.020269e+00	 1.210192e+00	 4.312586e+00	 4.241841e-01	 3.798294e-01	 2.791930e-01	 8.705406e-02	 6.612043e-01	 8.301467e-01	 7.671100e+00	
 2.135541e-02	 -5.999481e+00	 1.557044e+00	 -1.655488e+00	 1.548538e+00	 -2.536011e+00	 4.426062e-01	 3.538529e-01	 2.988534e-01	 1.287676e-01	 8.779200e-01	 8.176691e-01	 7.671100e+00	
 1.500741e-02	 -6.013185e+00	 1.207665e+00	 -3.552231e+00	 1.304848e+00	 4.938833e+00	 4.492295e-01	 3.092742e-01	 2.284231e-01	 1.264978e-01	 9.826814e-01	 8.327370e-01	 7.671100e+00	
 1.851799e-02	 -6.471398e+00	 1.436441e+00	 -4.656397e+00	 1.220558e+00	 -2.888091e+00	 3.989500e-01	 4.006142e-01	 2.916126e-01	 1.168699e-01	 1.935074e-01	 8.790141e-01	 7.671100e+00	
 2.636206e-02	 -5.144347e+00	 1.454467e+00	 -4.851448e+00	 1.116708e+00	 2.547592e-03	 4.793741e-01	 3.911294e-01	 2.555601e-01	 1.376405e-01	 8.437770e-01	 8.342950e-01	 7.671100e+00	
 4.020657e-02	 -5.700190e+00	 6.517315e-01	 1.295682e+00	 1.422927e+00	 -1.863641e+00	 3.710736e-01	 2.974001e-01	 2.503335e-01	 5.014061e-02	 9.631484e-01	 8.438374e-01	 7.671100e+00	
 2.839981e-02	 -5.599151e+00	 6.805209e-01	 1.311562e+00	 1.422804e+00	 -1.695912e+00	 3.718160e-01	 2.977795e-01	 2.516608e-01	 4.981042e-02	 9.596387e-01	 8.345311e-01	 7.671100e+00	
#Error_equiv	 3.811951e-03	 -5.711886e+00	 1.769942e+00	 -3.497861e+00	 1.635214e+00	 -2.511259e+00	 4.740411e-01	 3.888294e-01	 2.721290e-01	 1.384371e-01	 6.261257e-01	 1.244934e+00	 7.671100e+00	
#Error_equiv	 1.768159e-02	 -5.846614e+00	 7.076431e-01	 3.211730e+00	 1.684115e+00	 3.403806e+00	 3.715358e-01	 3.115152e-01	 1.898040e-01	 1.461289e-01	 9.561171e-01	 8.163083e-01	 7.671100e+00	
#Error_equiv	 1.419047e-02	 -7.707078e+00	 7.795415e-01	 3.196260e+00	 1.659439e+00	 3.325850e+00	 3.734447e-01	 3.156129e-01	 1.916446e-01	 1.504719e-01	 9.794471e-01	 8.428490e-01	 7.671100e+00	
#Error_equiv	 4.468073e-03	 -5.531200e+00	 1.729314e+00	 -4.288162e+00	 1.586095e+00	 2.302029e+00	 3.964651e-01	 3.268442e-01	 1.932379e-01	 5.735077e-02	 6.113949e-01	 1.059222e+00	 7.671100e+00	
#Error_equiv	 5.441020e-03	 -4.242239e+00	 7.943493e-01	 4.267804e+00	 1.683734e+00	 2.865634e+00	 3.900672e-01	 3.228267e-01	 2.069932e-01	 1.410226e-01	 9.342145e-01	 9.863762e-01	 7.671100e+00	
 1.516222e-02	 -5.924515e+00	 1.883692e+00	 -3.782506e+00	 1.483402e+00	 -6.994411e-01	 4.504254e-01	 4.155512e-01	 2.637961e-01	 8.395882e-02	 6.655207e-01	 8.395421e-01	 7.671100e+00	
 2.567589e-02	 -3.806127e+00	 7.245792e-01	 4.247088e+00	 1.691887e+00	 2.619285e+00	 3.882504e-01	 3.208919e-01	 2.042517e-01	 1.401573e-01	 9.323755e-01	 8.312696e-01	 7.671100e+00	
#Error_equiv	 1.114745e-02	 -4.963536e+00	 1.527965e+00	 -3.362437e+00	 1.240999e+00	 3.567086e+00	 4.150384e-01	 3.321589e-01	 2.127199e-01	 1.146400e-01	 5.994072e-01	 8.250528e-01	 7.671100e+00	
#Error_equiv	 5.014510e-03	 -6.700755e+00	 1.545992e+00	 -2.020404e+00	 1.157940e+00	 4.031781e+00	 4.192727e-01	 3.506095e-01	 2.473491e-01	 1.315186e-01	 8.085765e-01	 9.654212e-01	 7.671100e+00	
#Error_cosmo	 1.363071e-03	 -6.322104e+00	 1.065961e+00	 -3.191694e-01	 1.580667e+00	 -3.477567e+00	 4.673108e-01	 3.697926e-01	 2.754334e-01	 8.987038e-02	 7.957477e-01	 1.011015e+01	 7.671100e+00	
#Error_cosmo	 6.510896e-04	 -6.835331e+00	 1.554482e+00	 -2.051286e+00	 1.365491e+00	 3.018732e+00	 4.103799e-01	 3.265611e-01	 2.719510e-01	 6.861152e-02	 6.048704e-01	 3.292729e+01	 7.671100e+00	
 1.279465e-02	 -7.091029e+00	 1.512886e+00	 -2.089923e+00	 1.362918e+00	 2.887302e+00	 4.067107e-01	 3.231941e-01	 2.680119e-01	 6.719585e-02	 5.859418e-01	 8.316326e-01	 7.671100e+00	
 4.085001e-02	 -5.837994e+00	 7.376043e-01	 -6.005915e-01	 1.542451e+00	 -3.242790e+00	 4.357721e-01	 3.227065e-01	 2.602258e-01	 7.943335e-02	 7.642454e-01	 8.285118e-01	 7.671100e+00	
 4.052064e-02	 -5.932266e+00	 6.649649e-01	 4.515489e+00	 1.530907e+00	 3.020098e+00	 3.698160e-01	 3.220661e-01	 2.143453e-01	 1.324016e-01	 9.224424e-01	 8.314525e-01	 7.671100e+00	
#Error_cosmo	 1.060774e-03	 -5.402373e+00	 8.828326e-01	 2.870283e+00	 1.549788e+00	 3.402278e+00	 4.082889e-01	 2.992408e-01	 2.194883e-01	 1.438933e-01	 7.912032e-01	 1.081159e+01	 7.671100e+00	
#Error_kneff	 3.143877e-02	 -6.812987e+00	 1.418653e+00	 -2.922817e+00	 1.381238e+00	 -1.271711e+00	 4.104739e-01	 3.817487e-01	 2.615087e-01	 1.455609e-01	 9.379120e-01	 8.237496e-01	 7.671100e+00	
#Error_equiv	 4.750217e-03	 -6.643300e+00	 1.510073e+00	 -2.831080e+00	 1.393755e+00	 -1.088347e+00	 4.187326e-01	 3.881425e-01	 2.702346e-01	 1.480562e-01	 9.869892e-01	 9.820700e-01	 7.671100e+00	
 2.636484e-02	 -6.171757e+00	 9.225147e-01	 1.894235e+00	 1.407428e+00	 4.480512e+00	 4.145700e-01	 3.263179e-01	 2.070356e-01	 1.466592e-01	 7.386436e-01	 8.409850e-01	 7.671100e+00	
 3.002761e-02	 -6.756092e+00	 1.536171e+00	 -3.871972e+00	 1.643841e+00	 -1.674671e+00	 4.204073e-01	 4.255499e-01	 2.395844e-01	 8.287254e-02	 7.619836e-01	 8.191299e-01	 7.671100e+00	
#Error_equiv	 7.557819e-03	 -7.530303e+00	 1.422400e+00	 -3.363887e+00	 1.559854e+00	 -3.028997e+00	 4.228139e-01	 3.390145e-01	 2.236614e-01	 1.144511e-01	 4.580856e-01	 8.429143e-01	 7.671100e+00	
#Error_equiv	 1.573971e-02	 -7.860195e+00	 1.043597e+00	 -3.988487e+00	 1.452329e+00	 -2.411753e+00	 3.811470e-01	 2.710280e-01	 2.160110e-01	 1.116127e-01	 2.588509e-01	 8.390616e-01	 7.671100e+00	
#Error_equiv	 1.715755e-02	 -7.085194e+00	 1.014719e+00	 -4.180666e+00	 1.495327e+00	 -3.284595e+00	 4.040209e-01	 2.775934e-01	 2.535747e-01	 9.141573e-02	 3.386111e-01	 8.346918e-01	 7.671100e+00	
#Error_equiv	 3.360125e-03	 -6.980382e+00	 1.079774e+00	 -1.079921e+00	 1.562201e+00	 3.761980e+00	 3.668334e-01	 3.266108e-01	 2.505749e-01	 6.964055e-02	 5.091072e-01	 1.427840e+00	 7.671100e+00	
 2.503859e-02	 -5.080827e+00	 9.014645e-01	 -4.653110e+00	 1.512071e+00	 -3.841468e+00	 3.990609e-01	 2.548748e-01	 2.499369e-01	 9.156917e-02	 1.513536e-01	 8.263784e-01	 7.671100e+00	
#Error_equiv	 5.413557e-03	 -6.635019e+00	 1.001258e+00	 -2.761191e+00	 1.537807e+00	 -2.772375e+00	 4.030187e-01	 2.452081e-01	 2.622067e-01	 8.420450e-02	 1.632562e-01	 1.048875e+00	 7.671100e+00	
#Error_equiv	 1.172125e-02	 -5.886833e+00	 1.020319e+00	 -1.078738e+00	 1.577475e+00	 3.721816e+00	 3.652664e-01	 3.238857e-01	 2.487425e-01	 6.713741e-02	 4.965737e-01	 8.305743e-01	 7.671100e+00	
#Error_cosmo	 2.631217e-03	 -6.881189e+00	 9.081435e-01	 -4.310132e+00	 1.563432e+00	 -3.515092e+00	 4.120260e-01	 2.491377e-01	 2.752006e-01	 9.323033e-02	 1.413301e-01	 1.762027e+00	 7.671100e+00	
 1.823547e-02	 -7.904583e+00	 1.078047e+00	 -4.526159e+00	 1.562017e+00	 -2.896893e+00	 4.114188e-01	 2.660932e-01	 2.865030e-01	 1.088660e-01	 2.498961e-01	 8.276041e-01	 7.671100e+00	
#Error_equiv	 1.926244e-02	 -3.612545e+00	 1.215659e+00	 -2.574504e+00	 1.571553e+00	 -6.730111e-01	 4.165120e-01	 3.111387e-01	 2.558927e-01	 4.278654e-02	 9.311041e-01	 8.337897e-01	 7.671100e+00	
#Error_kneff	 3.212635e-02	 -7.429509e+00	 9.142331e-01	 -4.483692e+00	 1.509296e+00	 -3.253535e+00	 3.635468e-01	 2.593089e-01	 2.617657e-01	 6.741363e-02	 1.120277e-01	 8.176402e-01	 7.671100e+00	
#Error_equiv	 2.571690e-02	 -6.828513e+00	 1.005176e+00	 -4.724493e+00	 1.370428e+00	 -2.601644e+00	 3.737426e-01	 2.766642e-01	 2.696785e-01	 8.606939e-02	 6.563339e-02	 8.276408e-01	 7.671100e+00	
 1.790651e-02	 -5.775097e+00	 9.210882e-01	 -4.616649e+00	 1.488704e+00	 -2.628448e+00	 3.725743e-01	 2.517407e-01	 2.759553e-01	 9.801249e-02	 1.787045e-01	 8.176875e-01	 7.671100e+00	
#Error_equiv	 1.942451e-02	 -7.479672e+00	 9.302692e-01	 -4.108719e+00	 1.501359e+00	 -2.127561e+00	 3.578082e-01	 2.557098e-01	 2.588653e-01	 9.752062e-02	 2.083456e-01	 8.508468e-01	 7.671100e+00	
#Error_equiv	 1.942020e-02	 -5.908164e+00	 9.135016e-01	 -3.954756e+00	 1.366961e+00	 -2.673942e+00	 3.740856e-01	 2.932831e-01	 2.570181e-01	 8.507341e-02	 1.523184e-01	 8.421198e-01	 7.671100e+00	
#Error_kneff	 2.302423e-02	 -7.496619e+00	 6.482067e-01	 -4.094827e+00	 1.460362e+00	 -4.776644e+00	 3.724945e-01	 2.980035e-01	 2.753781e-01	 1.564798e-01	 1.086764e-01	 8.415641e-01	 7.671100e+00	
#Error_equiv	 1.901153e-02	 -6.287972e+00	 8.417128e-01	 -4.821596e+00	 1.536760e+00	 -4.108020e+00	 4.024164e-01	 3.096906e-01	 2.825924e-01	 1.729592e-01	 1.515645e-01	 8.334220e-01	 7.671100e+00	
 2.251044e-02	 -3.397252e+00	 1.141108e+00	 -1.692546e-01	 1.423978e+00	 -1.839536e+00	 4.009988e-01	 3.427729e-01	 2.959622e-01	 8.178133e-02	 8.630406e-01	 8.304634e-01	 7.671100e+00	
#Error_cosmo	 2.945659e-03	 -5.684092e+00	 9.351186e-01	 -4.505553e+00	 1.488369e+00	 -3.648107e+00	 3.784345e-01	 2.937334e-01	 2.741990e-01	 1.374399e-01	 1.418458e-01	 1.667898e+00	 7.671100e+00	
#Error_equiv	 6.217467e-03	 -7.680758e+00	 7.584110e-01	 -3.314402e+00	 1.575367e+00	 -2.240466e+00	 3.507716e-01	 2.798410e-01	 2.439101e-01	 1.461579e-01	 9.175857e-02	 8.578049e-01	 7.671100e+00	
#Error_equiv	 9.279244e-03	 -7.165827e+00	 7.322053e-01	 -4.843515e+00	 1.543108e+00	 -4.116951e+00	 3.108302e-01	 2.594187e-01	 2.585448e-01	 1.482854e-01	 7.236468e-02	 8.178824e-01	 7.671100e+00	
#Error_equiv	 5.302011e-03	 -6.764663e+00	 8.662275e-01	 -2.607457e+00	 1.337545e+00	 -9.207602e-01	 3.345118e-01	 2.852112e-01	 2.718918e-01	 6.987685e-02	 1.481886e-01	 1.005566e+00	 7.671100e+00	
 2.831863e-02	 -6.707566e+00	 1.259709e+00	 -3.792640e+00	 1.292177e+00	 -2.107657e+00	 3.601025e-01	 3.423096e-01	 2.985650e-01	 1.113053e-01	 2.702935e-01	 8.351948e-01	 7.671100e+00	
 1.735490e-02	 -6.429371e+00	 8.650819e-01	 -3.537080e+00	 1.352342e+00	 -3.179584e+00	 3.076318e-01	 3.400449e-01	 2.631797e-01	 1.018178e-01	 2.228478e-01	 8.220547e-01	 7.671100e+00	
#Error_equiv	 1.210229e-02	 -5.088072e+00	 1.316141e+00	 -2.337812e+00	 1.615493e+00	 1.029613e-01	 4.171745e-01	 4.011176e-01	 2.688487e-01	 6.036467e-02	 5.812925e-01	 9.103298e-01	 7.671100e+00	
#Error_equiv	 2.271036e-02	 -3.528362e+00	 1.275485e+00	 -9.174664e-01	 1.272819e+00	 2.760288e+00	 3.905046e-01	 3.374489e-01	 2.125113e-01	 5.933275e-02	 4.713669e-01	 8.363765e-01	 7.671100e+00	
#Error_equiv	 4.238442e-03	 -6.399986e+00	 1.125922e+00	 -2.838688e+00	 1.151752e+00	 -1.196394e+00	 3.984505e-01	 3.450693e-01	 2.804953e-01	 1.891407e-01	 5.601362e-01	 8.933414e-01	 7.671100e+00	
 2.497652e-02	 -3.086393e+00	 1.397685e+00	 -2.780833e+00	 1.302476e+00	 -2.016761e-01	 4.502101e-01	 3.480236e-01	 2.583330e-01	 1.687568e-01	 6.960302e-01	 8.360041e-01	 7.671100e+00	
 2.767299e-02	 -7.307004e+00	 1.599151e+00	 -1.391388e+00	 1.502408e+00	 4.764109e+00	 4.482845e-01	 4.126809e-01	 2.847086e-01	 1.594121e-01	 6.641547e-01	 8.301963e-01	 7.671100e+00	
#Error_equiv	 8.286312e-03	 -6.038425e+00	 1.565032e+00	 -2.826138e+00	 1.557730e+00	 1.318553e+00	 4.332729e-01	 3.940883e-01	 3.001300e-01	 9.166850e-02	 6.545433e-01	 8.737458e-01	 7.671100e+00	
#Error_equiv	 8.059846e-03	 -5.198131e+00	 1.204626e+00	 -4.213287e+00	 1.426086e+00	 3.071626e+00	 4.330635e-01	 3.220304e-01	 2.699490e-01	 6.862652e-02	 6.912372e-01	 8.742813e-01	 7.671100e+00	
#Error_equiv	 1.302863e-02	 -5.680846e+00	 1.291554e+00	 -3.444000e+00	 1.681878e+00	 4.316785e-01	 4.189196e-01	 3.616741e-01	 2.039646e-01	 7.477242e-02	 6.023855e-01	 8.338070e-01	 7.671100e+00	
#Error_equiv	 2.192146e-02	 -4.060896e+00	 1.586502e+00	 -3.156303e+00	 1.501357e+00	 1.239023e+00	 4.236198e-01	 3.836213e-01	 2.442023e-01	 8.269606e-02	 7.916213e-01	 8.224298e-01	 7.671100e+00	
#Error_equiv	 2.705425e-02	 -6.076239e+00	 1.383976e+00	 -6.035594e-01	 1.579978e+00	 3.960184e+00	 4.146315e-01	 3.640699e-01	 2.970072e-01	 1.397498e-01	 8.529076e-01	 8.369790e-01	 7.671100e+00	
#Error_kneff	 2.718376e-02	 -3.741035e+00	 8.268457e-01	 -2.767610e+00	 1.549454e+00	 -3.140060e+00	 4.835798e-01	 2.705505e-01	 2.495035e-01	 9.374319e-02	 9.399219e-01	 8.447622e-01	 7.671100e+00	
 2.023204e-02	 -3.263244e+00	 9.526750e-01	 -4.606758e+00	 1.451213e+00	 4.267447e+00	 3.835473e-01	 3.160836e-01	 2.909507e-01	 7.585201e-02	 9.527025e-01	 8.605771e-01	 7.671100e+00	
#Error_equiv	 3.740073e-03	 -4.886760e+00	 6.873993e-01	 -3.847488e-01	 1.626157e+00	 -2.924607e+00	 4.499015e-01	 3.172444e-01	 2.638712e-01	 1.180708e-01	 8.486358e-01	 1.179077e+00	 7.671100e+00	
 4.089224e-02	 -5.394094e+00	 1.102813e+00	 -4.258656e+00	 1.575167e+00	 2.720188e+00	 4.213364e-01	 3.589437e-01	 2.850800e-01	 6.973342e-02	 6.446308e-01	 8.432859e-01	 7.671100e+00	
#Error_cosmo	 7.153233e-04	 -5.599079e+00	 1.826117e+00	 -4.749633e+00	 1.688880e+00	 1.980728e+00	 3.987598e-01	 4.117485e-01	 3.048219e-01	 9.658932e-02	 9.998475e-01	 2.787247e+01	 7.671100e+00	
#Error_equiv	 1.358839e-02	 -4.450681e+00	 1.554074e+00	 -2.302913e+00	 1.565044e+00	 2.145093e+00	 4.457874e-01	 4.236529e-01	 2.969824e-01	 7.123369e-02	 7.906180e-01	 8.347089e-01	 7.671100e+00	
#Error_kneff	 3.526620e-02	 -4.013524e+00	 1.708589e+00	 -3.238054e+00	 1.430231e+00	 4.121270e+00	 4.502619e-01	 3.921511e-01	 2.657530e-01	 9.241124e-02	 9.591042e-01	 8.283829e-01	 7.671100e+00	
#Error_equiv	 4.330779e-03	 -6.330492e+00	 1.685855e+00	 -4.133809e+00	 1.516430e+00	 4.258685e+00	 4.528519e-01	 3.576481e-01	 2.631593e-01	 1.034123e-01	 8.644500e-01	 1.179150e+00	 7.671100e+00	
#Error_equiv	 1.407302e-02	 -5.745057e+00	 9.337909e-01	 -4.553401e+00	 1.389874e+00	 -2.308197e+00	 3.786483e-01	 3.263854e-01	 2.849901e-01	 1.013155e-01	 8.310129e-01	 8.448342e-01	 7.671100e+00	
 3.957395e-02	 -4.698543e+00	 1.339362e+00	 -2.487203e+00	 1.267608e+00	 3.040714e+00	 4.462664e-01	 3.438420e-01	 1.620641e-01	 9.232889e-02	 9.488072e-01	 8.263380e-01	 7.671100e+00	
#Error_cosmo	 3.069804e-03	 -4.967293e+00	 9.376988e-01	 -4.531310e+00	 1.398670e+00	 -2.105757e+00	 3.787292e-01	 3.252977e-01	 2.857034e-01	 9.940186e-02	 8.189300e-01	 1.538540e+00	 7.671100e+00	
#Error_equiv	 1.332787e-02	 -3.222888e+00	 1.225279e+00	 -3.470506e+00	 1.338275e+00	 2.906647e+00	 4.572016e-01	 3.367709e-01	 2.043117e-01	 6.255595e-02	 7.608644e-01	 8.454571e-01	 7.671100e+00	
 1.764463e-02	 -5.613160e+00	 1.257951e+00	 -2.826892e+00	 1.328920e+00	 2.105622e+00	 4.037289e-01	 3.150426e-01	 1.831285e-01	 7.459530e-02	 5.134489e-01	 8.316169e-01	 7.671100e+00	
#Error_equiv	 7.777671e-03	 -3.305296e+00	 1.192003e+00	 -3.688016e+00	 1.451088e+00	 -1.510260e+00	 4.292836e-01	 3.462440e-01	 2.181623e-01	 4.165553e-02	 5.224573e-01	 8.404722e-01	 7.671100e+00	
#Error_equiv	 6.571826e-03	 -3.526363e+00	 1.444074e+00	 -4.317828e+00	 1.578511e+00	 -1.158988e+00	 4.097689e-01	 3.586147e-01	 2.261901e-01	 6.312221e-02	 4.758313e-01	 8.869547e-01	 7.671100e+00	
#Error_equiv	 1.395465e-02	 -3.072971e+00	 6.556120e-01	 -3.646093e+00	 1.395883e+00	 -1.098806e+00	 3.749060e-01	 3.602321e-01	 2.996462e-01	 1.156716e-01	 8.446458e-01	 8.475643e-01	 7.671100e+00	
 1.800474e-02	 -5.087242e+00	 1.042247e+00	 -3.324563e+00	 1.617380e+00	 -3.034699e+00	 4.205347e-01	 3.028591e-01	 2.633720e-01	 6.584732e-02	 9.805024e-01	 8.615536e-01	 7.671100e+00	
 1.958298e-02	 -5.955210e+00	 9.064288e-01	 -3.275136e+00	 1.570227e+00	 -1.684413e+00	 3.979068e-01	 2.792687e-01	 2.181601e-01	 6.571084e-02	 9.555298e-01	 8.205668e-01	 7.671100e+00	
#Error_cosmo	 2.257498e-03	 -5.045155e+00	 1.097404e+00	 -2.524745e+00	 1.670337e+00	 1.679230e+00	 4.074891e-01	 3.890830e-01	 2.499025e-01	 1.956947e-01	 7.006708e-01	 2.278013e+00	 7.671100e+00	
#Error_equiv	 9.964638e-03	 -5.897141e+00	 1.359512e+00	 -2.961184e+00	 1.463371e+00	 -8.594836e-01	 4.306410e-01	 4.090229e-01	 2.335769e-01	 1.583180e-01	 7.524618e-01	 8.604421e-01	 7.671100e+00	
#Error_cosmo	 3.060236e-03	 -4.799207e+00	 1.393797e+00	 -3.045202e+00	 1.463194e+00	 -2.925361e-01	 4.329707e-01	 4.126685e-01	 2.291184e-01	 1.583758e-01	 8.201419e-01	 1.529994e+00	 7.671100e+00	
#Error_kneff	 2.843827e-02	 -5.833763e+00	 1.104284e+00	 -4.568647e+00	 1.343100e+00	 -1.331766e+00	 4.316853e-01	 3.967644e-01	 2.552506e-01	 1.207585e-01	 7.780643e-01	 8.253510e-01	 7.671100e+00	
#Error_kneff	 2.608970e-02	 -3.246267e+00	 9.700398e-01	 -4.117458e+00	 1.493740e+00	 -2.582007e+00	 3.925363e-01	 3.853844e-01	 2.602600e-01	 1.706579e-01	 9.303405e-01	 8.333186e-01	 7.671100e+00	
 3.097786e-02	 -4.218753e+00	 1.210825e+00	 -3.641207e+00	 1.327261e+00	 3.574764e+00	 4.331166e-01	 3.821061e-01	 2.423196e-01	 9.454740e-02	 6.275672e-01	 8.223496e-01	 7.671100e+00	
#Error_equiv	 6.246815e-03	 -6.621565e+00	 1.477459e+00	 -4.703429e+00	 1.488461e+00	 -3.707448e-01	 4.074559e-01	 3.101237e-01	 1.730992e-01	 8.007481e-02	 9.586817e-01	 9.487288e-01	 7.671100e+00	
