23  25.0138	3.432621e+00	-4.887239e+00	7.022880e-01	-2.235042e+00	1.272700e+00	9.668740e-01	3.712931e-01	3.142070e-01	1.930716e-01	3.549126e-02	3.594357e-01	8.316366e-01	7.671100e+00	
1  23.8336	3.432621e+00	-4.887239e+00	5.881343e-01	-2.251041e+00	1.267889e+00	6.696163e-01	3.790578e-01	3.253947e-01	1.828447e-01	6.962749e-02	4.615503e-01	8.316366e-01	7.671100e+00	
6  24.1325	3.432621e+00	-4.887239e+00	6.630265e-01	-1.942831e+00	1.326118e+00	7.597775e-01	3.902461e-01	3.248258e-01	1.695733e-01	6.486085e-02	3.426732e-01	8.316366e-01	7.671100e+00	
1  23.8875	3.432621e+00	-4.887239e+00	6.769752e-01	-2.252864e+00	1.225076e+00	5.499148e-02	3.989881e-01	3.537599e-01	1.832699e-01	5.706416e-02	3.978089e-01	8.316366e-01	7.671100e+00	
7  24.6716	3.432621e+00	-4.887239e+00	6.845637e-01	-2.404506e+00	1.273371e+00	-1.580187e-01	3.907338e-01	3.652164e-01	2.081965e-01	4.939727e-02	4.196815e-01	8.316366e-01	7.671100e+00	
18  24.1552	3.432621e+00	-4.887239e+00	5.120348e-01	-2.311231e+00	1.233784e+00	2.909607e-01	3.660745e-01	3.488021e-01	1.931452e-01	5.315341e-02	6.994279e-01	8.316366e-01	7.671100e+00	
3  25.8873	3.432621e+00	-4.887239e+00	3.900041e-01	-1.873075e+00	1.234461e+00	4.231991e-02	3.647285e-01	3.797391e-01	2.004852e-01	4.741203e-02	6.765447e-01	8.316366e-01	7.671100e+00	
11  26.0189	3.052613e+00	-4.504683e+00	3.900041e-01	-1.873075e+00	1.234461e+00	4.231991e-02	3.647285e-01	3.797391e-01	2.004852e-01	4.741203e-02	6.765447e-01	8.237142e-01	7.671100e+00	
17  25.9975	3.210463e+00	-4.702780e+00	3.900041e-01	-1.873075e+00	1.234461e+00	4.231991e-02	3.647285e-01	3.797391e-01	2.004852e-01	4.741203e-02	6.765447e-01	8.309436e-01	7.671100e+00	
16  25.5821	3.210463e+00	-4.702780e+00	6.046437e-01	-2.292849e+00	1.220057e+00	2.094778e-01	3.800614e-01	3.601681e-01	2.145460e-01	3.989286e-02	7.123163e-01	8.309436e-01	7.671100e+00	
2  25.8253	2.932509e+00	-5.362709e+00	6.046437e-01	-2.292849e+00	1.220057e+00	2.094778e-01	3.800614e-01	3.601681e-01	2.145460e-01	3.989286e-02	7.123163e-01	8.238105e-01	7.671100e+00	
31  24.1574	2.932509e+00	-5.362709e+00	6.371760e-01	-2.688301e+00	1.191574e+00	1.668346e-01	3.694807e-01	3.406914e-01	2.201115e-01	3.862891e-02	5.627922e-01	8.238105e-01	7.671100e+00	
4  23.7932	3.098217e+00	-5.174136e+00	6.371760e-01	-2.688301e+00	1.191574e+00	1.668346e-01	3.694807e-01	3.406914e-01	2.201115e-01	3.862891e-02	5.627922e-01	8.226464e-01	7.671100e+00	
13  25.1722	3.098217e+00	-5.174136e+00	5.843964e-01	-2.789141e+00	1.173645e+00	-3.194595e-01	3.613709e-01	3.414939e-01	2.125587e-01	6.272950e-02	5.554125e-01	8.226464e-01	7.671100e+00	
2  24.7418	3.098217e+00	-5.174136e+00	7.546243e-01	-3.112262e+00	1.192290e+00	-1.057855e+00	3.530458e-01	3.623240e-01	1.950173e-01	6.825674e-02	3.578169e-01	8.226464e-01	7.671100e+00	
4  23.0904	3.098217e+00	-5.174136e+00	6.592427e-01	-3.280214e+00	1.212803e+00	-1.323227e+00	3.655505e-01	3.328659e-01	1.955312e-01	7.762152e-02	3.683606e-01	8.226464e-01	7.671100e+00	
6  22.6424	3.098217e+00	-5.174136e+00	7.096610e-01	-3.129688e+00	1.213839e+00	-1.617493e+00	3.720071e-01	3.383879e-01	1.983273e-01	6.624803e-02	3.868658e-01	8.226464e-01	7.671100e+00	
1  24.0581	3.098217e+00	-5.174136e+00	7.406643e-01	-3.512627e+00	1.265146e+00	-1.677679e+00	3.447950e-01	3.337247e-01	1.891024e-01	8.045741e-02	4.053113e-01	8.226464e-01	7.671100e+00	
2  25.2676	3.098217e+00	-5.174136e+00	8.794685e-01	-3.972185e+00	1.266147e+00	-1.476515e+00	3.622308e-01	3.175069e-01	2.214387e-01	1.064838e-01	8.617090e-01	8.226464e-01	7.671100e+00	
7  22.3933	3.637080e+00	-4.618051e+00	8.794685e-01	-3.972185e+00	1.266147e+00	-1.476515e+00	3.622308e-01	3.175069e-01	2.214387e-01	1.064838e-01	8.617090e-01	8.267401e-01	7.671100e+00	
3  21.9469	3.637080e+00	-4.618051e+00	8.562349e-01	-3.641654e+00	1.239392e+00	-2.183910e+00	3.578730e-01	3.029445e-01	2.325315e-01	7.705229e-02	9.058950e-01	8.267401e-01	7.671100e+00	
8  20.7259	3.637080e+00	-4.618051e+00	6.599109e-01	-3.677694e+00	1.352673e+00	-2.031379e+00	3.597108e-01	3.197123e-01	2.569531e-01	5.624175e-02	6.903537e-01	8.267401e-01	7.671100e+00	
11  21.711	3.637080e+00	-4.618051e+00	6.303009e-01	-3.540388e+00	1.318898e+00	-1.903561e+00	3.615389e-01	3.237064e-01	2.412219e-01	6.014675e-02	4.383394e-01	8.267401e-01	7.671100e+00	
9  21.3156	3.637080e+00	-4.618051e+00	5.268247e-01	-3.982255e+00	1.357610e+00	-1.779625e+00	3.907337e-01	3.329924e-01	2.358964e-01	6.123729e-02	7.992744e-01	8.267401e-01	7.671100e+00	
21  23.3115	3.637080e+00	-4.618051e+00	2.665357e-01	-3.997837e+00	1.330579e+00	-9.105636e-01	4.074312e-01	3.536862e-01	2.128158e-01	5.173218e-02	9.678530e-01	8.267401e-01	7.671100e+00	
11  23.2538	3.637080e+00	-4.618051e+00	4.199246e-01	-4.059704e+00	1.329827e+00	-8.494654e-01	3.945520e-01	3.619694e-01	1.857962e-01	7.889891e-02	8.014886e-01	8.267401e-01	7.671100e+00	
13  22.8153	3.637080e+00	-4.618051e+00	6.505661e-01	-4.861562e+00	1.295624e+00	-8.390612e-01	3.851237e-01	3.753754e-01	1.948618e-01	8.865056e-02	6.774085e-01	8.267401e-01	7.671100e+00	
2  22.7992	3.637080e+00	-4.618051e+00	6.826929e-01	-4.032992e+00	1.334257e+00	-8.464788e-01	3.595425e-01	3.440074e-01	1.802635e-01	8.555943e-02	6.544176e-01	8.267401e-01	7.671100e+00	
1  22.5874	3.637080e+00	-4.618051e+00	8.429707e-01	-3.843150e+00	1.323820e+00	-6.608979e-01	3.577129e-01	3.428036e-01	1.689358e-01	8.044458e-02	1.776056e-01	8.267401e-01	7.671100e+00	
1  21.1385	3.637080e+00	-4.618051e+00	7.659767e-01	-3.329845e+00	1.306400e+00	-7.934296e-02	3.776789e-01	3.458999e-01	1.674650e-01	6.447218e-02	2.216941e-01	8.267401e-01	7.671100e+00	
82  19.5179	3.637080e+00	-4.618051e+00	8.429793e-01	-3.329003e+00	1.288219e+00	-2.242922e-01	3.774373e-01	3.130634e-01	1.619235e-01	6.777118e-02	1.008561e-01	8.267401e-01	7.671100e+00	
20  18.6295	3.637080e+00	-4.618051e+00	8.271838e-01	-3.930766e+00	1.280455e+00	-2.156914e-02	3.833249e-01	3.085011e-01	1.643138e-01	5.425869e-02	1.324505e-01	8.267401e-01	7.671100e+00	
25  19.9253	3.637080e+00	-4.618051e+00	7.890921e-01	-3.752992e+00	1.258015e+00	-8.240951e-02	3.804278e-01	3.127923e-01	1.686334e-01	6.597218e-02	2.020764e-01	8.267401e-01	7.671100e+00	
4  19.2256	3.637080e+00	-4.618051e+00	8.650375e-01	-3.936546e+00	1.255369e+00	1.365659e-01	3.718569e-01	3.169124e-01	1.700809e-01	6.976721e-02	5.193143e-02	8.267401e-01	7.671100e+00	
19  23.3755	3.637080e+00	-4.618051e+00	7.141065e-01	-4.336912e+00	1.266320e+00	2.169235e-01	3.486710e-01	3.483624e-01	2.052038e-01	5.220719e-02	5.917395e-01	8.267401e-01	7.671100e+00	
10  24.1517	3.637080e+00	-4.618051e+00	7.652273e-01	-4.120851e+00	1.254654e+00	5.943005e-01	3.471571e-01	3.324249e-01	1.985014e-01	5.570312e-02	4.357078e-01	8.267401e-01	7.671100e+00	
2  24.2308	3.637080e+00	-4.618051e+00	6.630653e-01	-4.284753e+00	1.239624e+00	3.756303e-01	3.543952e-01	3.241346e-01	1.806260e-01	6.937243e-02	5.514953e-01	8.267401e-01	7.671100e+00	
1  24.3769	3.637080e+00	-4.618051e+00	7.400936e-01	-4.610438e+00	1.291592e+00	7.841238e-02	3.395811e-01	3.118690e-01	2.015879e-01	6.238154e-02	4.232469e-01	8.267401e-01	7.671100e+00	
14  22.1093	3.637080e+00	-4.618051e+00	6.958553e-01	-4.251643e+00	1.294423e+00	7.257534e-01	3.727513e-01	2.964713e-01	2.082059e-01	6.159561e-02	4.436548e-01	8.267401e-01	7.671100e+00	
7  21.4053	3.648767e+00	-5.456420e+00	6.958553e-01	-4.251643e+00	1.294423e+00	7.257534e-01	3.727513e-01	2.964713e-01	2.082059e-01	6.159561e-02	4.436548e-01	8.284159e-01	7.671100e+00	
16  22.537	3.648767e+00	-5.456420e+00	5.270871e-01	-4.061503e+00	1.324593e+00	8.011476e-01	3.710754e-01	3.339022e-01	1.983131e-01	7.249244e-02	7.924232e-01	8.284159e-01	7.671100e+00	
2  21.9234	3.647937e+00	-5.165659e+00	5.270871e-01	-4.061503e+00	1.324593e+00	8.011476e-01	3.710754e-01	3.339022e-01	1.983131e-01	7.249244e-02	7.924232e-01	8.268619e-01	7.671100e+00	
24  22.8586	3.647937e+00	-5.165659e+00	3.496280e-01	-4.336614e+00	1.333184e+00	7.993284e-01	3.763629e-01	3.436771e-01	2.086236e-01	6.394798e-02	9.749739e-01	8.268619e-01	7.671100e+00	
7  22.6157	3.647937e+00	-5.165659e+00	2.902154e-01	-4.654088e+00	1.319236e+00	1.088452e+00	3.789805e-01	3.389569e-01	2.263454e-01	8.214409e-02	9.789662e-01	8.268619e-01	7.671100e+00	
23  24.8068	3.061474e+00	-5.996842e+00	2.902154e-01	-4.654088e+00	1.319236e+00	1.088452e+00	3.789805e-01	3.389569e-01	2.263454e-01	8.214409e-02	9.789662e-01	8.325053e-01	7.671100e+00	
19  23.7863	3.061474e+00	-5.996842e+00	3.111922e-01	-3.994629e+00	1.336616e+00	1.149371e+00	3.798590e-01	3.455408e-01	2.181804e-01	7.475744e-02	7.865907e-01	8.325053e-01	7.671100e+00	
18  22.8131	3.061474e+00	-5.996842e+00	4.621734e-01	-4.602532e+00	1.342493e+00	1.002220e+00	3.839456e-01	3.055066e-01	1.976607e-01	6.423078e-02	6.806930e-01	8.325053e-01	7.671100e+00	
3  22.2515	3.061474e+00	-5.996842e+00	4.321075e-01	-4.339934e+00	1.312999e+00	-2.662152e-01	3.752557e-01	3.354470e-01	2.015404e-01	9.335814e-02	7.395726e-01	8.325053e-01	7.671100e+00	
22  20.6325	3.061474e+00	-5.996842e+00	5.178944e-01	-4.343815e+00	1.375743e+00	-4.069691e-01	3.736535e-01	3.398387e-01	1.944433e-01	8.915706e-02	4.742603e-01	8.325053e-01	7.671100e+00	
8  20.5094	3.061474e+00	-5.996842e+00	7.667701e-01	-4.591516e+00	1.368586e+00	-6.827069e-01	3.735565e-01	3.228634e-01	1.764945e-01	7.976815e-02	4.179470e-02	8.325053e-01	7.671100e+00	
21  20.2229	3.061474e+00	-5.996842e+00	7.068521e-01	-4.622984e+00	1.331743e+00	-1.146621e+00	3.629231e-01	3.460239e-01	1.981719e-01	7.807156e-02	2.421963e-01	8.325053e-01	7.671100e+00	
34  20.4068	3.061474e+00	-5.996842e+00	5.675004e-01	-4.648575e+00	1.294955e+00	-8.808573e-01	3.682671e-01	3.350569e-01	2.144487e-01	9.248815e-02	5.491157e-01	8.325053e-01	7.671100e+00	
2  21.0237	3.061474e+00	-5.996842e+00	5.666260e-01	-4.128206e+00	1.285099e+00	-1.267224e+00	3.582849e-01	3.338903e-01	2.381722e-01	6.093870e-02	5.959669e-01	8.325053e-01	7.671100e+00	
37  19.8241	3.061474e+00	-5.996842e+00	7.062107e-01	-4.825081e+00	1.285497e+00	-1.298363e+00	3.700736e-01	3.213892e-01	2.245657e-01	5.454955e-02	4.150121e-01	8.325053e-01	7.671100e+00	
10  19.7053	3.545279e+00	-5.333316e+00	7.062107e-01	-4.825081e+00	1.285497e+00	-1.298363e+00	3.700736e-01	3.213892e-01	2.245657e-01	5.454955e-02	4.150121e-01	8.318669e-01	7.671100e+00	
4  20.3097	3.403802e+00	-5.125523e+00	7.062107e-01	-4.825081e+00	1.285497e+00	-1.298363e+00	3.700736e-01	3.213892e-01	2.245657e-01	5.454955e-02	4.150121e-01	8.321380e-01	7.671100e+00	
9  21.837	3.403802e+00	-5.125523e+00	6.869273e-01	-4.867350e+00	1.265778e+00	-2.093355e+00	3.646862e-01	3.131276e-01	2.465878e-01	5.226368e-02	7.184430e-01	8.321380e-01	7.671100e+00	
4  22.723	3.403802e+00	-5.125523e+00	9.804166e-01	-4.687893e+00	1.234413e+00	-2.021989e+00	3.672900e-01	3.129831e-01	2.462714e-01	7.142721e-02	6.501124e-01	8.321380e-01	7.671100e+00	
2  22.9907	3.403802e+00	-5.125523e+00	9.116989e-01	-4.399881e+00	1.290794e+00	-2.134516e+00	3.752068e-01	2.844923e-01	2.516475e-01	8.150060e-02	7.625899e-01	8.321380e-01	7.671100e+00	
4  24.2596	3.403802e+00	-5.125523e+00	7.280447e-01	-4.740121e+00	1.300266e+00	-1.801031e+00	3.994155e-01	2.963784e-01	2.151707e-01	6.428708e-02	2.499862e-01	8.321380e-01	7.671100e+00	
7  22.1206	2.945029e+00	-5.024385e+00	7.280447e-01	-4.740121e+00	1.300266e+00	-1.801031e+00	3.994155e-01	2.963784e-01	2.151707e-01	6.428708e-02	2.499862e-01	8.319792e-01	7.671100e+00	
7  22.1421	2.945029e+00	-5.024385e+00	6.104335e-01	-4.479986e+00	1.302081e+00	-1.246073e+00	3.869232e-01	3.061075e-01	2.150374e-01	6.486982e-02	4.625273e-01	8.319792e-01	7.671100e+00	
2  21.5878	2.945029e+00	-5.024385e+00	4.513529e-01	-4.120614e+00	1.339923e+00	-6.589927e-01	3.660577e-01	3.267496e-01	2.266360e-01	8.394932e-02	6.187870e-01	8.319792e-01	7.671100e+00	
6  19.2101	2.945029e+00	-5.024385e+00	6.633059e-01	-4.759222e+00	1.302887e+00	-9.562025e-01	3.827510e-01	3.267681e-01	1.983838e-01	7.854233e-02	3.347540e-01	8.319792e-01	7.671100e+00	
10  19.3237	2.914917e+00	-5.276757e+00	6.633059e-01	-4.759222e+00	1.302887e+00	-9.562025e-01	3.827510e-01	3.267681e-01	1.983838e-01	7.854233e-02	3.347540e-01	8.314943e-01	7.671100e+00	
22  19.2262	3.008439e+00	-5.731806e+00	6.633059e-01	-4.759222e+00	1.302887e+00	-9.562025e-01	3.827510e-01	3.267681e-01	1.983838e-01	7.854233e-02	3.347540e-01	8.292826e-01	7.671100e+00	
5  19.2007	3.373085e+00	-5.133575e+00	6.633059e-01	-4.759222e+00	1.302887e+00	-9.562025e-01	3.827510e-01	3.267681e-01	1.983838e-01	7.854233e-02	3.347540e-01	8.319954e-01	7.671100e+00	
28  21.186	3.373085e+00	-5.133575e+00	6.832133e-01	-4.231341e+00	1.288410e+00	-1.123451e+00	3.851206e-01	3.414121e-01	1.790668e-01	8.535659e-02	1.807896e-01	8.319954e-01	7.671100e+00	
9  21.2507	3.141921e+00	-5.755094e+00	6.832133e-01	-4.231341e+00	1.288410e+00	-1.123451e+00	3.851206e-01	3.414121e-01	1.790668e-01	8.535659e-02	1.807896e-01	8.319119e-01	7.671100e+00	
35  20.3324	3.141921e+00	-5.755094e+00	6.799578e-01	-4.175288e+00	1.292978e+00	-1.320190e+00	3.764577e-01	3.445119e-01	1.800655e-01	6.078866e-02	1.488583e-01	8.319119e-01	7.671100e+00	
36  20.4416	3.142117e+00	-5.240798e+00	6.799578e-01	-4.175288e+00	1.292978e+00	-1.320190e+00	3.764577e-01	3.445119e-01	1.800655e-01	6.078866e-02	1.488583e-01	8.322421e-01	7.671100e+00	
7  22.5207	3.142117e+00	-5.240798e+00	7.003488e-01	-4.402527e+00	1.275424e+00	-1.469557e+00	3.592084e-01	3.411895e-01	1.821039e-01	7.035223e-02	4.483929e-01	8.322421e-01	7.671100e+00	
20  21.8803	3.142117e+00	-5.240798e+00	6.117466e-01	-4.274012e+00	1.229865e+00	-1.754697e+00	3.892681e-01	3.292434e-01	1.954803e-01	7.797325e-02	3.278888e-01	8.322421e-01	7.671100e+00	
36  21.8998	3.142117e+00	-5.240798e+00	6.623171e-01	-4.395130e+00	1.231787e+00	-1.384945e+00	3.824068e-01	3.512074e-01	1.869847e-01	7.985220e-02	4.226296e-01	8.322421e-01	7.671100e+00	
1  22.414	3.265662e+00	-5.975286e+00	6.623171e-01	-4.395130e+00	1.231787e+00	-1.384945e+00	3.824068e-01	3.512074e-01	1.869847e-01	7.985220e-02	4.226296e-01	8.328498e-01	7.671100e+00	
33  21.4262	3.566103e+00	-5.975436e+00	6.623171e-01	-4.395130e+00	1.231787e+00	-1.384945e+00	3.824068e-01	3.512074e-01	1.869847e-01	7.985220e-02	4.226296e-01	8.310673e-01	7.671100e+00	
1  21.7962	3.346439e+00	-5.382462e+00	6.623171e-01	-4.395130e+00	1.231787e+00	-1.384945e+00	3.824068e-01	3.512074e-01	1.869847e-01	7.985220e-02	4.226296e-01	8.323500e-01	7.671100e+00	
65  20.5649	3.346439e+00	-5.382462e+00	7.861857e-01	-4.464568e+00	1.296507e+00	-1.417345e+00	3.693293e-01	3.583893e-01	2.003061e-01	7.288069e-02	2.320020e-01	8.323500e-01	7.671100e+00	
28  20.0718	3.241766e+00	-5.930136e+00	7.861857e-01	-4.464568e+00	1.296507e+00	-1.417345e+00	3.693293e-01	3.583893e-01	2.003061e-01	7.288069e-02	2.320020e-01	8.327204e-01	7.671100e+00	
13  22.2312	3.241766e+00	-5.930136e+00	7.835125e-01	-4.236262e+00	1.285097e+00	-1.551030e+00	3.856498e-01	3.601598e-01	2.290134e-01	9.997120e-02	2.684789e-01	8.327204e-01	7.671100e+00	
29  20.871	3.241766e+00	-5.930136e+00	7.426545e-01	-3.819946e+00	1.268663e+00	-1.388315e+00	3.818930e-01	3.501676e-01	2.020776e-01	9.546482e-02	3.808578e-01	8.327204e-01	7.671100e+00	
26  21.4911	3.241766e+00	-5.930136e+00	7.630312e-01	-3.329085e+00	1.285223e+00	-1.310784e+00	4.005835e-01	3.385780e-01	2.038762e-01	8.240738e-02	2.955179e-01	8.327204e-01	7.671100e+00	
26  21.8381	3.241766e+00	-5.930136e+00	8.862373e-01	-3.806504e+00	1.267962e+00	-1.171066e+00	3.639999e-01	3.365650e-01	2.261412e-01	7.022330e-02	3.028317e-01	8.327204e-01	7.671100e+00	
17  21.2205	3.241766e+00	-5.930136e+00	6.474665e-01	-3.746222e+00	1.265184e+00	-1.270574e+00	3.595457e-01	3.188402e-01	2.208622e-01	8.605435e-02	5.646024e-01	8.327204e-01	7.671100e+00	
4  21.6015	3.241766e+00	-5.930136e+00	8.828080e-01	-3.971266e+00	1.262614e+00	-9.526875e-01	3.691021e-01	2.957682e-01	1.965394e-01	8.939058e-02	2.573657e-01	8.327204e-01	7.671100e+00	
13  21.8357	3.189600e+00	-5.652527e+00	8.828080e-01	-3.971266e+00	1.262614e+00	-9.526875e-01	3.691021e-01	2.957682e-01	1.965394e-01	8.939058e-02	2.573657e-01	8.321990e-01	7.671100e+00	
25  22.4966	3.189600e+00	-5.652527e+00	8.617053e-01	-4.145232e+00	1.308961e+00	-8.637921e-01	3.722265e-01	3.255086e-01	1.662437e-01	9.462169e-02	1.520119e-01	8.321990e-01	7.671100e+00	
9  20.023	3.189600e+00	-5.652527e+00	7.743105e-01	-3.802022e+00	1.343666e+00	-1.240553e+00	3.839782e-01	3.015699e-01	1.982630e-01	8.915887e-02	2.450896e-01	8.321990e-01	7.671100e+00	
11  20.4013	3.189600e+00	-5.652527e+00	6.804479e-01	-4.283998e+00	1.371482e+00	-1.438594e+00	3.721821e-01	2.982972e-01	1.867012e-01	9.571890e-02	3.805008e-01	8.321990e-01	7.671100e+00	
5  21.9981	3.189600e+00	-5.652527e+00	8.048994e-01	-4.793188e+00	1.355720e+00	-8.765018e-01	3.801791e-01	3.245240e-01	1.704059e-01	9.803770e-02	3.524558e-01	8.321990e-01	7.671100e+00	
28  22.2884	3.189600e+00	-5.652527e+00	5.586373e-01	-4.582168e+00	1.335785e+00	-3.901338e-01	3.745368e-01	3.305135e-01	1.728468e-01	9.535637e-02	3.974725e-01	8.321990e-01	7.671100e+00	
28  22.0242	3.189600e+00	-5.652527e+00	6.604117e-01	-4.681124e+00	1.385170e+00	-1.620240e-01	3.669611e-01	3.410688e-01	2.150849e-01	8.735822e-02	3.955449e-01	8.321990e-01	7.671100e+00	
14  24.2074	3.189600e+00	-5.652527e+00	6.125225e-01	-4.608032e+00	1.326080e+00	-4.395664e-01	3.647757e-01	3.377375e-01	1.903647e-01	6.012010e-02	8.025104e-01	8.321990e-01	7.671100e+00	
2  22.5811	3.189600e+00	-5.652527e+00	4.597819e-01	-4.388811e+00	1.354577e+00	-1.827749e-01	3.562750e-01	3.676025e-01	2.078219e-01	7.400646e-02	6.489303e-01	8.321990e-01	7.671100e+00	
2  23.0801	3.189600e+00	-5.652527e+00	3.710670e-01	-4.148379e+00	1.383311e+00	-9.128954e-02	3.636769e-01	3.437558e-01	2.087380e-01	5.849750e-02	5.739259e-01	8.321990e-01	7.671100e+00	
3  22.7496	3.189600e+00	-5.652527e+00	3.466900e-01	-4.378500e+00	1.336158e+00	5.556852e-02	3.595911e-01	3.602602e-01	2.163728e-01	7.086184e-02	8.262221e-01	8.321990e-01	7.671100e+00	
53  22.7604	3.189600e+00	-5.652527e+00	2.273134e-01	-4.416404e+00	1.320716e+00	-4.799385e-01	3.902827e-01	3.672140e-01	1.985463e-01	6.764136e-02	8.888810e-01	8.321990e-01	7.671100e+00	
2  22.3784	3.189600e+00	-5.652527e+00	5.201804e-01	-4.242226e+00	1.317333e+00	-6.720873e-01	3.848956e-01	3.704004e-01	2.190693e-01	7.185519e-02	6.996314e-01	8.321990e-01	7.671100e+00	
5  23.0409	3.189600e+00	-5.652527e+00	5.306759e-01	-4.573747e+00	1.329696e+00	-1.009429e+00	3.972956e-01	3.490754e-01	2.012523e-01	9.807589e-02	4.853317e-01	8.321990e-01	7.671100e+00	
51  20.604	3.189600e+00	-5.652527e+00	6.143655e-01	-4.534026e+00	1.323096e+00	-9.913034e-01	3.787723e-01	3.385614e-01	2.299546e-01	8.259000e-02	4.269733e-01	8.321990e-01	7.671100e+00	
3  21.8168	3.189600e+00	-5.652527e+00	3.305519e-01	-3.921898e+00	1.379170e+00	-1.381426e+00	3.734399e-01	3.787882e-01	2.279373e-01	6.196487e-02	6.948504e-01	8.321990e-01	7.671100e+00	
5  22.0862	3.189600e+00	-5.652527e+00	4.246031e-01	-4.276381e+00	1.425146e+00	-1.541580e+00	3.656079e-01	3.886710e-01	2.297669e-01	3.976747e-02	6.232643e-01	8.321990e-01	7.671100e+00	
9  22.2109	3.189600e+00	-5.652527e+00	3.787968e-01	-4.793203e+00	1.434411e+00	-1.428221e+00	3.947276e-01	3.862511e-01	1.953183e-01	4.753223e-02	6.533516e-01	8.321990e-01	7.671100e+00	
5  21.8761	3.189600e+00	-5.652527e+00	4.576028e-01	-4.790544e+00	1.438206e+00	-1.720449e+00	3.607401e-01	3.858913e-01	2.002650e-01	6.989989e-02	5.021342e-01	8.321990e-01	7.671100e+00	
38  22.0138	3.189600e+00	-5.652527e+00	2.682359e-01	-4.095275e+00	1.477598e+00	-2.245085e+00	3.819263e-01	3.792753e-01	2.315284e-01	3.077991e-02	8.505502e-01	8.321990e-01	7.671100e+00	
4  22.0571	3.189600e+00	-5.652527e+00	4.247851e-01	-4.132154e+00	1.473260e+00	-1.706948e+00	3.861119e-01	3.804761e-01	2.204104e-01	2.522345e-02	5.783704e-01	8.321990e-01	7.671100e+00	
7  22.167	3.189600e+00	-5.652527e+00	5.062423e-01	-4.166332e+00	1.420707e+00	-1.380686e+00	3.953025e-01	3.657167e-01	2.178102e-01	4.553890e-02	4.109604e-01	8.321990e-01	7.671100e+00	
15  23.8804	3.189600e+00	-5.652527e+00	5.500572e-01	-4.173467e+00	1.413227e+00	-1.203835e+00	3.868585e-01	3.611879e-01	2.175709e-01	3.828777e-02	6.270271e-01	8.321990e-01	7.671100e+00	
29  22.449	3.189600e+00	-5.652527e+00	5.531514e-01	-4.396110e+00	1.505625e+00	-1.116136e+00	3.515182e-01	3.440303e-01	2.194855e-01	4.685916e-02	4.686148e-01	8.321990e-01	7.671100e+00	
27  21.7911	3.189600e+00	-5.652527e+00	3.970267e-01	-4.771761e+00	1.441633e+00	-1.639314e+00	3.535652e-01	3.223169e-01	2.124057e-01	5.914556e-02	8.453922e-01	8.321990e-01	7.671100e+00	
1  24.4436	3.189600e+00	-5.652527e+00	2.997616e-01	-4.832984e+00	1.462071e+00	-1.444918e+00	3.875441e-01	3.137471e-01	1.777591e-01	5.871398e-02	7.281101e-01	8.321990e-01	7.671100e+00	
9  24.0075	3.189600e+00	-5.652527e+00	5.182951e-01	-4.955282e+00	1.573582e+00	-2.174997e+00	3.905690e-01	3.234010e-01	2.085576e-01	4.786774e-02	8.433052e-01	8.321990e-01	7.671100e+00	
9  21.759	3.189600e+00	-5.652527e+00	5.419683e-01	-4.895647e+00	1.590671e+00	-2.315536e+00	4.248674e-01	3.013052e-01	2.028957e-01	5.531653e-02	6.471780e-01	8.321990e-01	7.671100e+00	
34  20.6468	3.189600e+00	-5.652527e+00	5.059039e-01	-4.919497e+00	1.606241e+00	-2.861657e+00	4.105526e-01	3.017053e-01	1.953102e-01	6.516844e-02	4.989676e-01	8.321990e-01	7.671100e+00	
46  20.3256	3.189600e+00	-5.652527e+00	5.666512e-01	-4.956904e+00	1.633590e+00	-2.115478e+00	3.942586e-01	3.234747e-01	2.143693e-01	6.028471e-02	4.621746e-01	8.321990e-01	7.671100e+00	
24  20.8056	3.189600e+00	-5.652527e+00	6.660386e-01	-4.963175e+00	1.584819e+00	-2.655841e+00	3.850211e-01	2.889750e-01	2.201702e-01	7.896213e-02	6.624958e-01	8.321990e-01	7.671100e+00	
26  20.4303	3.177152e+00	-5.669475e+00	6.660386e-01	-4.963175e+00	1.584819e+00	-2.655841e+00	3.850211e-01	2.889750e-01	2.201702e-01	7.896213e-02	6.624958e-01	8.223015e-01	7.671100e+00	
12  21.2039	3.177152e+00	-5.669475e+00	6.149186e-01	-4.662980e+00	1.593769e+00	-2.720592e+00	3.922645e-01	2.940400e-01	1.971980e-01	5.518347e-02	7.590754e-01	8.223015e-01	7.671100e+00	
17  21.5847	3.177152e+00	-5.669475e+00	4.673511e-01	-4.585721e+00	1.579281e+00	-3.276813e+00	4.146005e-01	2.979111e-01	2.087567e-01	3.627016e-02	7.918539e-01	8.223015e-01	7.671100e+00	
4  21.3684	3.593668e+00	-5.138544e+00	4.673511e-01	-4.585721e+00	1.579281e+00	-3.276813e+00	4.146005e-01	2.979111e-01	2.087567e-01	3.627016e-02	7.918539e-01	8.284111e-01	7.671100e+00	
1  23.4245	3.593668e+00	-5.138544e+00	5.780972e-01	-3.809579e+00	1.624513e+00	-3.585715e+00	4.075852e-01	2.912255e-01	2.151063e-01	3.738092e-02	9.820170e-01	8.284111e-01	7.671100e+00	
10  23.0097	3.593668e+00	-5.138544e+00	6.092178e-01	-4.294981e+00	1.618783e+00	-3.835006e+00	3.905950e-01	3.055332e-01	1.810174e-01	4.576719e-02	6.437134e-01	8.284111e-01	7.671100e+00	
3  24.2126	3.593668e+00	-5.138544e+00	3.747415e-01	-4.828865e+00	1.647639e+00	-3.422665e+00	3.827153e-01	3.164609e-01	2.142802e-01	3.889123e-02	6.310508e-01	8.284111e-01	7.671100e+00	
1  23.0969	3.593668e+00	-5.138544e+00	4.525017e-01	-4.952413e+00	1.658493e+00	-3.754492e+00	3.626271e-01	2.979448e-01	1.918440e-01	5.489209e-02	9.712917e-01	8.284111e-01	7.671100e+00	
43  23.3577	3.593668e+00	-5.138544e+00	4.785267e-01	-4.662148e+00	1.678620e+00	-3.511121e+00	3.644474e-01	3.098354e-01	2.036745e-01	5.184083e-02	7.120946e-01	8.284111e-01	7.671100e+00	
15  21.844	3.593668e+00	-5.138544e+00	5.941171e-01	-3.838481e+00	1.670837e+00	-3.482850e+00	3.917805e-01	2.936110e-01	2.067106e-01	3.982697e-02	6.008784e-01	8.284111e-01	7.671100e+00	
14  22.6777	2.887068e+00	-4.796522e+00	5.941171e-01	-3.838481e+00	1.670837e+00	-3.482850e+00	3.917805e-01	2.936110e-01	2.067106e-01	3.982697e-02	6.008784e-01	8.270509e-01	7.671100e+00	
5  23.4784	2.887068e+00	-4.796522e+00	3.829708e-01	-4.018587e+00	1.699043e+00	-3.245439e+00	4.118348e-01	3.097827e-01	2.093467e-01	3.830140e-02	8.597798e-01	8.270509e-01	7.671100e+00	
36  24.4351	2.887068e+00	-4.796522e+00	3.550570e-01	-3.440574e+00	1.665845e+00	-3.148982e+00	4.371673e-01	3.490479e-01	1.674955e-01	3.599873e-02	6.014766e-01	8.270509e-01	7.671100e+00	
12  24.6713	3.514649e+00	-4.305921e+00	3.550570e-01	-3.440574e+00	1.665845e+00	-3.148982e+00	4.371673e-01	3.490479e-01	1.674955e-01	3.599873e-02	6.014766e-01	8.311719e-01	7.671100e+00	
4  24.4606	3.388068e+00	-4.064558e+00	3.550570e-01	-3.440574e+00	1.665845e+00	-3.148982e+00	4.371673e-01	3.490479e-01	1.674955e-01	3.599873e-02	6.014766e-01	8.228435e-01	7.671100e+00	
30  25.5849	3.388068e+00	-4.064558e+00	2.588920e-01	-2.882379e+00	1.651277e+00	-3.587668e+00	4.323523e-01	3.633016e-01	1.722150e-01	3.389882e-02	8.666147e-01	8.228435e-01	7.671100e+00	
1  24.9969	3.388068e+00	-4.064558e+00	3.576016e-01	-2.788465e+00	1.638654e+00	-3.422665e+00	4.160719e-01	3.612327e-01	1.656832e-01	3.999442e-02	6.588755e-01	8.228435e-01	7.671100e+00	
29  24.4514	3.388068e+00	-4.064558e+00	2.540374e-01	-2.646373e+00	1.663626e+00	-3.956156e+00	4.003109e-01	3.564575e-01	1.730552e-01	4.887042e-02	7.468610e-01	8.228435e-01	7.671100e+00	
20  24.2858	3.388068e+00	-4.064558e+00	1.141508e-01	-2.312590e+00	1.684346e+00	-4.060650e+00	3.896734e-01	3.763761e-01	1.917839e-01	4.206548e-02	8.499728e-01	8.228435e-01	7.671100e+00	
47  25.0989	3.388068e+00	-4.064558e+00	2.977189e-02	-1.928146e+00	1.626402e+00	-3.754875e+00	3.739283e-01	3.895679e-01	1.921153e-01	2.672434e-02	9.986962e-01	8.228435e-01	7.671100e+00	
1  25.4679	3.196982e+00	-4.614261e+00	2.977189e-02	-1.928146e+00	1.626402e+00	-3.754875e+00	3.739283e-01	3.895679e-01	1.921153e-01	2.672434e-02	9.986962e-01	8.271423e-01	7.671100e+00	
20  25.1321	2.998105e+00	-4.259748e+00	2.977189e-02	-1.928146e+00	1.626402e+00	-3.754875e+00	3.739283e-01	3.895679e-01	1.921153e-01	2.672434e-02	9.986962e-01	8.244825e-01	7.671100e+00	
8  24.752	2.998105e+00	-4.259748e+00	2.179572e-01	-1.875713e+00	1.608345e+00	-3.024395e+00	3.896538e-01	3.863450e-01	1.923976e-01	3.206943e-02	6.463314e-01	8.244825e-01	7.671100e+00	
18  24.95	2.998105e+00	-4.259748e+00	1.744760e-01	-3.097314e+00	1.604732e+00	-3.504833e+00	3.753422e-01	3.981066e-01	1.924886e-01	2.517650e-02	7.905735e-01	8.244825e-01	7.671100e+00	
11  23.7766	2.998105e+00	-4.259748e+00	2.729012e-01	-3.278002e+00	1.651222e+00	-4.324996e+00	4.168752e-01	3.885621e-01	2.061180e-01	4.410368e-02	7.762784e-01	8.244825e-01	7.671100e+00	
42  24.0055	2.998105e+00	-4.259748e+00	2.756757e-01	-3.238000e+00	1.691738e+00	-4.669397e+00	4.304750e-01	3.799033e-01	1.801879e-01	5.424976e-02	5.962725e-01	8.244825e-01	7.671100e+00	
5  27.0932	3.163250e+00	-4.659424e+00	2.756757e-01	-3.238000e+00	1.691738e+00	-4.669397e+00	4.304750e-01	3.799033e-01	1.801879e-01	5.424976e-02	5.962725e-01	8.335109e-01	7.671100e+00	
5  25.0524	3.163250e+00	-4.659424e+00	2.409436e-01	-3.344118e+00	1.619645e+00	-4.685330e+00	4.386016e-01	4.083425e-01	1.975014e-01	1.005613e-01	8.013054e-01	8.335109e-01	7.671100e+00	
12  24.8818	2.976789e+00	-4.977963e+00	2.409436e-01	-3.344118e+00	1.619645e+00	-4.685330e+00	4.386016e-01	4.083425e-01	1.975014e-01	1.005613e-01	8.013054e-01	8.231548e-01	7.671100e+00	
2  24.8922	2.947115e+00	-5.412550e+00	2.409436e-01	-3.344118e+00	1.619645e+00	-4.685330e+00	4.386016e-01	4.083425e-01	1.975014e-01	1.005613e-01	8.013054e-01	8.313019e-01	7.671100e+00	
30  24.5619	2.947115e+00	-5.412550e+00	9.994487e-02	-3.155806e+00	1.660339e+00	-4.715844e+00	4.204882e-01	4.290987e-01	1.957917e-01	1.050726e-01	7.556561e-01	8.313019e-01	7.671100e+00	
40  24.4538	2.782594e+00	-5.403621e+00	9.994487e-02	-3.155806e+00	1.660339e+00	-4.715844e+00	4.204882e-01	4.290987e-01	1.957917e-01	1.050726e-01	7.556561e-01	8.325100e-01	7.671100e+00	
7  23.5464	2.782594e+00	-5.403621e+00	2.981657e-01	-3.326304e+00	1.659422e+00	-4.689972e+00	4.083082e-01	4.043735e-01	2.166521e-01	8.413900e-02	5.593416e-01	8.325100e-01	7.671100e+00	
5  24.637	2.782594e+00	-5.403621e+00	4.014027e-01	-3.892242e+00	1.653196e+00	-4.468954e+00	4.167768e-01	3.942812e-01	2.372491e-01	8.007155e-02	4.690595e-01	8.325100e-01	7.671100e+00	
9  24.7339	2.782594e+00	-5.403621e+00	4.440630e-01	-4.043052e+00	1.655804e+00	-4.340772e+00	4.073299e-01	3.891066e-01	2.306236e-01	6.843582e-02	4.273645e-01	8.325100e-01	7.671100e+00	
7  23.7009	2.782594e+00	-5.403621e+00	2.609618e-01	-4.607209e+00	1.641878e+00	-4.949288e+00	3.971415e-01	4.019461e-01	2.268540e-01	5.563315e-02	5.817741e-01	8.325100e-01	7.671100e+00	
26  24.5503	2.782594e+00	-5.403621e+00	3.318650e-01	-4.751989e+00	1.693643e+00	-4.824701e+00	3.932097e-01	3.936931e-01	1.978689e-01	3.122546e-02	6.395244e-01	8.325100e-01	7.671100e+00	
11  25.6655	2.782594e+00	-5.403621e+00	9.235353e-02	-4.795165e+00	1.686845e+00	-4.645564e+00	3.847618e-01	3.812295e-01	2.075924e-01	2.450579e-02	6.379688e-01	8.325100e-01	7.671100e+00	
70  26.4399	2.782594e+00	-5.403621e+00	5.393752e-04	-4.926269e+00	1.697249e+00	-4.401980e+00	3.695002e-01	3.567538e-01	2.196266e-01	5.435256e-02	7.602587e-01	8.325100e-01	7.671100e+00	
13  23.7281	2.782594e+00	-5.403621e+00	1.735678e-01	-4.576486e+00	1.693812e+00	-4.678680e+00	3.726231e-01	3.382099e-01	2.464412e-01	4.635358e-02	9.349185e-01	8.325100e-01	7.671100e+00	
43  23.3662	3.065972e+00	-4.835088e+00	1.735678e-01	-4.576486e+00	1.693812e+00	-4.678680e+00	3.726231e-01	3.382099e-01	2.464412e-01	4.635358e-02	9.349185e-01	8.313649e-01	7.671100e+00	
18  23.3338	3.027997e+00	-4.083941e+00	1.735678e-01	-4.576486e+00	1.693812e+00	-4.678680e+00	3.726231e-01	3.382099e-01	2.464412e-01	4.635358e-02	9.349185e-01	8.237482e-01	7.671100e+00	
4  24.3748	3.027997e+00	-4.083941e+00	3.529685e-01	-4.536409e+00	1.664819e+00	-4.429584e+00	3.819958e-01	3.491442e-01	2.526548e-01	7.250708e-02	8.763632e-01	8.237482e-01	7.671100e+00	
1  24.9972	2.925089e+00	-4.698527e+00	3.529685e-01	-4.536409e+00	1.664819e+00	-4.429584e+00	3.819958e-01	3.491442e-01	2.526548e-01	7.250708e-02	8.763632e-01	8.287094e-01	7.671100e+00	
4  22.6689	3.627426e+00	-5.651794e+00	3.529685e-01	-4.536409e+00	1.664819e+00	-4.429584e+00	3.819958e-01	3.491442e-01	2.526548e-01	7.250708e-02	8.763632e-01	8.301931e-01	7.671100e+00	
74  22.134	3.627426e+00	-5.651794e+00	5.200970e-01	-4.952153e+00	1.690174e+00	-3.960363e+00	4.063944e-01	3.442371e-01	2.539288e-01	9.692619e-02	5.029483e-01	8.301931e-01	7.671100e+00	
64  20.5885	3.627426e+00	-5.651794e+00	5.571723e-01	-4.824168e+00	1.680443e+00	-4.676334e+00	4.204590e-01	3.414099e-01	2.285447e-01	9.028181e-02	4.269378e-01	8.301931e-01	7.671100e+00	
6  22.3141	3.377336e+00	-5.011068e+00	5.571723e-01	-4.824168e+00	1.680443e+00	-4.676334e+00	4.204590e-01	3.414099e-01	2.285447e-01	9.028181e-02	4.269378e-01	8.314579e-01	7.671100e+00	
1  22.2948	3.377336e+00	-5.011068e+00	8.602878e-01	-4.456080e+00	1.686000e+00	-4.940996e+00	4.054546e-01	3.319482e-01	2.140152e-01	8.840165e-02	1.431512e-01	8.314579e-01	7.671100e+00	
53  22.6034	3.377336e+00	-5.011068e+00	9.063572e-01	-4.105123e+00	1.695549e+00	-3.615913e+00	4.122373e-01	3.306569e-01	2.137117e-01	1.045429e-01	4.071354e-01	8.314579e-01	7.671100e+00	
15  22.9543	3.377336e+00	-5.011068e+00	8.857452e-01	-3.347343e+00	1.691084e+00	-4.754530e+00	4.195019e-01	3.241033e-01	2.122596e-01	9.451679e-02	3.845303e-01	8.314579e-01	7.671100e+00	
9  22.5286	3.377336e+00	-5.011068e+00	7.102396e-01	-3.227009e+00	1.663904e+00	-4.158348e+00	4.371100e-01	3.001819e-01	2.123223e-01	1.319541e-01	7.507922e-01	8.314579e-01	7.671100e+00	
11  23.7155	3.377336e+00	-5.011068e+00	6.990046e-01	-3.378424e+00	1.629590e+00	-4.323066e+00	4.060756e-01	3.118566e-01	1.947431e-01	1.257088e-01	6.839534e-01	8.314579e-01	7.671100e+00	
6  23.0308	3.377336e+00	-5.011068e+00	6.752795e-01	-3.328273e+00	1.607859e+00	-4.395066e+00	4.120961e-01	2.999933e-01	2.072609e-01	9.709604e-02	9.828809e-01	8.314579e-01	7.671100e+00	
2  22.1799	3.377336e+00	-5.011068e+00	4.110599e-01	-2.819685e+00	1.571182e+00	-4.248219e+00	4.466825e-01	3.106758e-01	2.245885e-01	9.202753e-02	9.962824e-01	8.314579e-01	7.671100e+00	
7  22.5017	3.377336e+00	-5.011068e+00	6.473694e-01	-2.215176e+00	1.586782e+00	-4.513588e+00	4.607949e-01	3.009868e-01	2.529223e-01	9.827009e-02	7.420250e-01	8.314579e-01	7.671100e+00	
2  23.7007	3.489153e+00	-4.144930e+00	6.473694e-01	-2.215176e+00	1.586782e+00	-4.513588e+00	4.607949e-01	3.009868e-01	2.529223e-01	9.827009e-02	7.420250e-01	8.307460e-01	7.671100e+00	
6  23.1669	3.489153e+00	-4.144930e+00	5.509202e-01	-2.783134e+00	1.594742e+00	-4.211391e+00	4.132276e-01	2.788638e-01	2.703815e-01	9.616631e-02	6.193544e-01	8.307460e-01	7.671100e+00	
9  23.4477	3.489153e+00	-4.144930e+00	6.149779e-01	-2.563709e+00	1.574762e+00	-4.214618e+00	4.195575e-01	2.806726e-01	2.857058e-01	8.621879e-02	8.945078e-01	8.307460e-01	7.671100e+00	
26  22.8114	3.489153e+00	-4.144930e+00	4.344807e-01	-3.103233e+00	1.598596e+00	-4.209205e+00	4.095323e-01	2.694659e-01	2.796945e-01	1.187982e-01	9.884591e-01	8.307460e-01	7.671100e+00	
9  22.6357	3.489153e+00	-4.144930e+00	6.109899e-01	-3.113002e+00	1.593783e+00	-3.921193e+00	4.158940e-01	2.873859e-01	2.655148e-01	1.231586e-01	6.928469e-01	8.307460e-01	7.671100e+00	
16  22.8747	3.489153e+00	-4.144930e+00	4.671659e-01	-3.246918e+00	1.570626e+00	-3.531038e+00	3.951135e-01	2.855768e-01	2.645409e-01	1.236842e-01	9.722117e-01	8.307460e-01	7.671100e+00	
2  23.9045	3.489153e+00	-4.144930e+00	2.477085e-01	-2.630513e+00	1.545932e+00	-3.832019e+00	4.139502e-01	3.256038e-01	2.435405e-01	1.619455e-01	8.363667e-01	8.307460e-01	7.671100e+00	
7  22.5076	3.489153e+00	-4.144930e+00	3.627305e-01	-3.105352e+00	1.547167e+00	-3.638518e+00	3.863674e-01	3.227653e-01	2.296391e-01	1.518298e-01	8.418544e-01	8.307460e-01	7.671100e+00	
8  22.83	3.617830e+00	-4.649485e+00	3.627305e-01	-3.105352e+00	1.547167e+00	-3.638518e+00	3.863674e-01	3.227653e-01	2.296391e-01	1.518298e-01	8.418544e-01	8.241293e-01	7.671100e+00	
3  23.1689	3.617830e+00	-4.649485e+00	5.148259e-01	-3.094827e+00	1.543683e+00	-3.520340e+00	3.925278e-01	3.274437e-01	1.999054e-01	1.413078e-01	8.046816e-01	8.241293e-01	7.671100e+00	
5  25.5239	3.050223e+00	-4.611900e+00	5.148259e-01	-3.094827e+00	1.543683e+00	-3.520340e+00	3.925278e-01	3.274437e-01	1.999054e-01	1.413078e-01	8.046816e-01	8.230312e-01	7.671100e+00	
1  24.8941	3.050223e+00	-4.611900e+00	6.571654e-01	-2.610772e+00	1.543437e+00	-3.578424e+00	3.925303e-01	2.928645e-01	2.087349e-01	1.482640e-01	7.364335e-01	8.230312e-01	7.671100e+00	
5  24.0615	3.050223e+00	-4.611900e+00	6.284418e-01	-3.421198e+00	1.506348e+00	-3.512012e+00	3.885780e-01	2.838048e-01	2.187602e-01	1.606628e-01	5.458118e-01	8.230312e-01	7.671100e+00	
2  24.2434	3.305783e+00	-4.708314e+00	6.284418e-01	-3.421198e+00	1.506348e+00	-3.512012e+00	3.885780e-01	2.838048e-01	2.187602e-01	1.606628e-01	5.458118e-01	8.228716e-01	7.671100e+00	
5  24.3845	3.305783e+00	-4.708314e+00	4.500460e-01	-3.633382e+00	1.442706e+00	-3.078681e+00	3.970996e-01	3.067968e-01	2.427421e-01	1.656256e-01	6.767616e-01	8.228716e-01	7.671100e+00	
5  25.5932	3.305783e+00	-4.708314e+00	4.066220e-01	-3.770461e+00	1.497247e+00	-2.456199e+00	4.021529e-01	3.029442e-01	2.145979e-01	1.708186e-01	6.998183e-01	8.228716e-01	7.671100e+00	
15  25.71	3.022465e+00	-4.934379e+00	4.066220e-01	-3.770461e+00	1.497247e+00	-2.456199e+00	4.021529e-01	3.029442e-01	2.145979e-01	1.708186e-01	6.998183e-01	8.248118e-01	7.671100e+00	
14  24.2725	3.022465e+00	-4.934379e+00	4.452809e-01	-4.035813e+00	1.507086e+00	-2.167380e+00	4.026311e-01	3.128636e-01	1.942280e-01	1.451540e-01	5.274662e-01	8.248118e-01	7.671100e+00	
1  27.46	3.022465e+00	-4.934379e+00	5.403402e-01	-4.342332e+00	1.462220e+00	-2.674270e+00	3.713955e-01	2.960815e-01	1.956674e-01	1.620066e-01	4.222622e-01	8.248118e-01	7.671100e+00	
5  23.1062	3.022465e+00	-4.934379e+00	5.969915e-01	-3.274239e+00	1.415968e+00	-2.363498e+00	3.771893e-01	3.091948e-01	1.855653e-01	1.096418e-01	6.043555e-01	8.248118e-01	7.671100e+00	
2  24.478	3.022465e+00	-4.934379e+00	6.585410e-01	-3.099832e+00	1.393338e+00	-2.309074e+00	4.139607e-01	3.009551e-01	1.844603e-01	8.884345e-02	3.809505e-01	8.248118e-01	7.671100e+00	
9  23.5364	3.022465e+00	-4.934379e+00	5.891073e-01	-2.881615e+00	1.390041e+00	-2.637938e+00	3.823775e-01	3.270077e-01	2.254749e-01	9.411362e-02	7.124850e-01	8.248118e-01	7.671100e+00	
1  25.1019	3.022465e+00	-4.934379e+00	4.558687e-01	-2.891915e+00	1.377452e+00	-2.984730e+00	3.755904e-01	3.020246e-01	2.067804e-01	9.780244e-02	9.447440e-01	8.248118e-01	7.671100e+00	
2  24.1338	3.022465e+00	-4.934379e+00	3.873081e-01	-2.762351e+00	1.371128e+00	-2.629691e+00	3.738492e-01	3.379235e-01	1.812027e-01	8.044943e-02	8.346785e-01	8.248118e-01	7.671100e+00	
2  24.5514	3.022465e+00	-4.934379e+00	3.951699e-01	-2.715123e+00	1.292441e+00	-2.656548e+00	3.559276e-01	3.355380e-01	2.041596e-01	1.074603e-01	9.100238e-01	8.248118e-01	7.671100e+00	
6  24.7452	3.022465e+00	-4.934379e+00	3.642041e-01	-2.709461e+00	1.294569e+00	-2.444204e+00	3.635702e-01	3.390734e-01	2.313036e-01	1.018366e-01	5.942842e-01	8.248118e-01	7.671100e+00	
26  24.2092	3.022465e+00	-4.934379e+00	6.144254e-01	-2.648472e+00	1.269794e+00	-2.546516e+00	3.483875e-01	3.296409e-01	2.408151e-01	1.118691e-01	4.585281e-01	8.248118e-01	7.671100e+00	
5  24.3281	3.022465e+00	-4.934379e+00	3.522720e-01	-2.654686e+00	1.304397e+00	-2.721965e+00	3.412168e-01	3.264891e-01	2.557320e-01	9.714037e-02	8.382825e-01	8.248118e-01	7.671100e+00	
3  25.1544	3.267522e+00	-4.729933e+00	3.522720e-01	-2.654686e+00	1.304397e+00	-2.721965e+00	3.412168e-01	3.264891e-01	2.557320e-01	9.714037e-02	8.382825e-01	8.312078e-01	7.671100e+00	
3  23.8373	3.267522e+00	-4.729933e+00	4.947577e-01	-2.734070e+00	1.323498e+00	-2.643140e+00	3.390728e-01	3.082215e-01	2.197317e-01	9.262638e-02	9.835624e-01	8.312078e-01	7.671100e+00	
71  22.1038	3.267522e+00	-4.729933e+00	3.238051e-01	-3.306046e+00	1.342969e+00	-2.101552e+00	3.560108e-01	3.069216e-01	2.545898e-01	1.202497e-01	9.547715e-01	8.312078e-01	7.671100e+00	
4  21.8935	3.629192e+00	-4.926629e+00	3.238051e-01	-3.306046e+00	1.342969e+00	-2.101552e+00	3.560108e-01	3.069216e-01	2.545898e-01	1.202497e-01	9.547715e-01	8.316135e-01	7.671100e+00	
61  21.625	3.629192e+00	-4.926629e+00	4.140422e-01	-3.447342e+00	1.363505e+00	-1.543121e+00	3.624065e-01	3.145806e-01	2.586169e-01	1.170567e-01	8.663785e-01	8.316135e-01	7.671100e+00	
12  21.3835	3.687523e+00	-4.666939e+00	4.140422e-01	-3.447342e+00	1.363505e+00	-1.543121e+00	3.624065e-01	3.145806e-01	2.586169e-01	1.170567e-01	8.663785e-01	8.320639e-01	7.671100e+00	
4  21.6497	3.226083e+00	-5.455358e+00	4.140422e-01	-3.447342e+00	1.363505e+00	-1.543121e+00	3.624065e-01	3.145806e-01	2.586169e-01	1.170567e-01	8.663785e-01	8.232792e-01	7.671100e+00	
20  21.3615	3.226083e+00	-5.455358e+00	7.185604e-01	-4.017981e+00	1.323289e+00	-1.762987e+00	3.621658e-01	3.059987e-01	2.597414e-01	1.124718e-01	5.821505e-01	8.232792e-01	7.671100e+00	
18  22.334	3.226083e+00	-5.455358e+00	7.043633e-01	-3.850041e+00	1.290246e+00	-1.806763e+00	3.783855e-01	3.471210e-01	2.881547e-01	6.240294e-02	6.307808e-01	8.232792e-01	7.671100e+00	
22  22.1463	3.226083e+00	-5.455358e+00	3.231800e-01	-2.927668e+00	1.221870e+00	-1.402526e+00	3.692617e-01	4.017622e-01	2.883313e-01	8.499826e-02	9.667028e-01	8.232792e-01	7.671100e+00	
1  21.8284	3.226083e+00	-5.455358e+00	2.934023e-01	-2.556384e+00	1.228437e+00	-1.479752e+00	3.801357e-01	3.738599e-01	2.651714e-01	9.517161e-02	9.976564e-01	8.232792e-01	7.671100e+00	
23  22.6124	3.525597e+00	-5.255790e+00	2.934023e-01	-2.556384e+00	1.228437e+00	-1.479752e+00	3.801357e-01	3.738599e-01	2.651714e-01	9.517161e-02	9.976564e-01	8.228128e-01	7.671100e+00	
8  24.6098	2.923038e+00	-4.756635e+00	2.934023e-01	-2.556384e+00	1.228437e+00	-1.479752e+00	3.801357e-01	3.738599e-01	2.651714e-01	9.517161e-02	9.976564e-01	8.313265e-01	7.671100e+00	
12  24.8015	2.923038e+00	-4.756635e+00	1.254096e-01	-2.485434e+00	1.206734e+00	-1.662735e+00	3.573918e-01	3.934475e-01	2.436498e-01	1.187730e-01	9.756243e-01	8.313265e-01	7.671100e+00	
14  25.1691	2.923038e+00	-4.756635e+00	3.500791e-01	-2.483541e+00	1.221320e+00	-1.771743e+00	3.601868e-01	3.925549e-01	2.690953e-01	1.312961e-01	9.084411e-01	8.313265e-01	7.671100e+00	
1  24.6796	2.923038e+00	-4.756635e+00	4.610974e-01	-2.562136e+00	1.194457e+00	-1.347526e+00	3.586823e-01	4.075540e-01	2.247865e-01	9.314850e-02	7.350999e-01	8.313265e-01	7.671100e+00	
5  25.1085	2.923038e+00	-4.756635e+00	3.117351e-01	-2.703724e+00	1.198187e+00	-1.218213e+00	3.539653e-01	4.276460e-01	2.272222e-01	9.843077e-02	8.319050e-01	8.313265e-01	7.671100e+00	
3  26.0603	2.923038e+00	-4.756635e+00	3.262768e-01	-2.834410e+00	1.199307e+00	-5.810514e-01	3.472998e-01	4.218471e-01	2.462166e-01	4.138714e-02	8.804630e-01	8.313265e-01	7.671100e+00	
2  26.0382	2.945441e+00	-5.359486e+00	3.262768e-01	-2.834410e+00	1.199307e+00	-5.810514e-01	3.472998e-01	4.218471e-01	2.462166e-01	4.138714e-02	8.804630e-01	8.320584e-01	7.671100e+00	
21  26.0703	2.945441e+00	-5.359486e+00	1.650300e-01	-2.763794e+00	1.253129e+00	-1.352778e+00	3.376544e-01	4.168853e-01	2.210044e-01	3.395898e-02	9.730937e-01	8.320584e-01	7.671100e+00	
11  25.7238	3.486214e+00	-5.024043e+00	1.650300e-01	-2.763794e+00	1.253129e+00	-1.352778e+00	3.376544e-01	4.168853e-01	2.210044e-01	3.395898e-02	9.730937e-01	8.331069e-01	7.671100e+00	
33  25.9434	2.992738e+00	-4.947703e+00	1.650300e-01	-2.763794e+00	1.253129e+00	-1.352778e+00	3.376544e-01	4.168853e-01	2.210044e-01	3.395898e-02	9.730937e-01	8.327310e-01	7.671100e+00	
12  25.9026	3.444680e+00	-4.563561e+00	1.650300e-01	-2.763794e+00	1.253129e+00	-1.352778e+00	3.376544e-01	4.168853e-01	2.210044e-01	3.395898e-02	9.730937e-01	8.244382e-01	7.671100e+00	
5  23.3975	3.444680e+00	-4.563561e+00	3.937944e-01	-3.683668e+00	1.274728e+00	-1.824984e+00	3.563126e-01	4.077023e-01	2.254782e-01	5.110326e-02	8.610241e-01	8.244382e-01	7.671100e+00	
13  23.3917	3.444680e+00	-4.563561e+00	5.437906e-01	-4.001089e+00	1.290031e+00	-2.371565e+00	3.537359e-01	3.819646e-01	2.333765e-01	3.343709e-02	7.106279e-01	8.244382e-01	7.671100e+00	
5  24.3372	3.444680e+00	-4.563561e+00	5.852426e-01	-4.441722e+00	1.253662e+00	-1.849392e+00	3.838454e-01	3.845156e-01	2.209007e-01	3.463619e-02	3.991919e-01	8.244382e-01	7.671100e+00	
12  22.3842	3.444680e+00	-4.563561e+00	4.073278e-01	-4.010509e+00	1.290128e+00	-1.846465e+00	3.950481e-01	3.436427e-01	2.282040e-01	5.464697e-02	7.443509e-01	8.244382e-01	7.671100e+00	
15  24.0554	3.444680e+00	-4.563561e+00	3.326694e-01	-3.959054e+00	1.275188e+00	-1.784871e+00	4.026538e-01	3.445540e-01	2.256066e-01	7.677483e-02	9.220701e-01	8.244382e-01	7.671100e+00	
4  24.1107	3.444680e+00	-4.563561e+00	2.252057e-01	-3.245578e+00	1.321662e+00	-2.398418e+00	4.046509e-01	3.402826e-01	2.353523e-01	7.552202e-02	8.333483e-01	8.244382e-01	7.671100e+00	
3  24.0171	3.539152e+00	-4.573543e+00	2.252057e-01	-3.245578e+00	1.321662e+00	-2.398418e+00	4.046509e-01	3.402826e-01	2.353523e-01	7.552202e-02	8.333483e-01	8.303330e-01	7.671100e+00	
7  25.2701	3.539152e+00	-4.573543e+00	1.840269e-01	-3.352115e+00	1.308133e+00	-2.186408e+00	3.991767e-01	3.304456e-01	1.995999e-01	7.107923e-02	9.016266e-01	8.303330e-01	7.671100e+00	
2  26.1796	2.827492e+00	-5.509155e+00	1.840269e-01	-3.352115e+00	1.308133e+00	-2.186408e+00	3.991767e-01	3.304456e-01	1.995999e-01	7.107923e-02	9.016266e-01	8.323163e-01	7.671100e+00	
2  27.0501	2.827492e+00	-5.509155e+00	2.302958e-01	-2.808812e+00	1.291907e+00	-1.745169e+00	4.021936e-01	3.426987e-01	2.086232e-01	8.926355e-02	9.199394e-01	8.323163e-01	7.671100e+00	
7  25.5569	2.827492e+00	-5.509155e+00	7.055029e-01	-2.628152e+00	1.277913e+00	-1.721791e+00	3.867736e-01	3.243395e-01	2.206995e-01	9.721841e-02	3.131388e-01	8.323163e-01	7.671100e+00	
5  22.513	3.320029e+00	-4.943974e+00	7.055029e-01	-2.628152e+00	1.277913e+00	-1.721791e+00	3.867736e-01	3.243395e-01	2.206995e-01	9.721841e-02	3.131388e-01	8.318965e-01	7.671100e+00	
14  22.6755	3.320029e+00	-4.943974e+00	8.039590e-01	-2.888523e+00	1.298476e+00	-1.615654e+00	3.640843e-01	3.335195e-01	2.202537e-01	6.904873e-02	7.060922e-01	8.318965e-01	7.671100e+00	
6  21.5827	3.320029e+00	-4.943974e+00	6.741443e-01	-3.088499e+00	1.270007e+00	-1.338301e+00	3.690583e-01	3.176527e-01	2.234405e-01	7.065792e-02	8.135234e-01	8.318965e-01	7.671100e+00	
12  21.4031	3.320029e+00	-4.943974e+00	5.370402e-01	-3.712255e+00	1.240549e+00	-5.678315e-01	3.691745e-01	3.096577e-01	2.279194e-01	7.971408e-02	8.576652e-01	8.318965e-01	7.671100e+00	
25  21.5929	3.320029e+00	-4.943974e+00	4.855461e-01	-3.439991e+00	1.229192e+00	-4.844098e-01	3.636307e-01	3.111438e-01	2.176866e-01	8.160237e-02	9.273534e-01	8.318965e-01	7.671100e+00	
1  21.8513	3.320029e+00	-4.943974e+00	6.880322e-01	-3.832357e+00	1.194204e+00	-6.456866e-01	3.836036e-01	3.282685e-01	2.495974e-01	5.727712e-02	7.432626e-01	8.318965e-01	7.671100e+00	
13  22.3797	3.320029e+00	-4.943974e+00	4.642462e-01	-3.641898e+00	1.235289e+00	-6.532670e-01	3.716027e-01	3.043317e-01	2.794728e-01	7.589505e-02	9.625876e-01	8.318965e-01	7.671100e+00	
13  21.4446	3.320029e+00	-4.943974e+00	5.837107e-01	-3.808982e+00	1.237528e+00	-6.400180e-01	3.735823e-01	3.343349e-01	2.563492e-01	5.157420e-02	7.683681e-01	8.318965e-01	7.671100e+00	
28  21.4321	3.503092e+00	-5.929500e+00	5.837107e-01	-3.808982e+00	1.237528e+00	-6.400180e-01	3.735823e-01	3.343349e-01	2.563492e-01	5.157420e-02	7.683681e-01	8.255014e-01	7.671100e+00	
6  24.7673	3.503092e+00	-5.929500e+00	7.480572e-01	-3.593266e+00	1.270622e+00	-8.648151e-01	3.800249e-01	3.638383e-01	2.564625e-01	7.980485e-02	8.230604e-01	8.255014e-01	7.671100e+00	
7  23.6885	3.503092e+00	-5.929500e+00	5.403847e-01	-3.042886e+00	1.284604e+00	-7.899325e-01	4.023492e-01	3.727785e-01	2.343985e-01	9.352205e-02	7.872996e-01	8.255014e-01	7.671100e+00	
8  24.3005	3.503092e+00	-5.929500e+00	5.082816e-01	-3.943057e+00	1.265375e+00	-1.258775e+00	3.981500e-01	3.688179e-01	2.352442e-01	1.406494e-01	8.111443e-01	8.255014e-01	7.671100e+00	
40  23.1855	3.503092e+00	-5.929500e+00	7.005461e-01	-3.095454e+00	1.227727e+00	-1.106223e+00	3.802590e-01	3.741787e-01	2.225186e-01	1.254328e-01	5.498152e-01	8.255014e-01	7.671100e+00	
1  23.1927	3.503092e+00	-5.929500e+00	7.242454e-01	-2.928465e+00	1.175049e+00	-5.467190e-01	3.706054e-01	3.620820e-01	2.455439e-01	9.134838e-02	4.943930e-01	8.255014e-01	7.671100e+00	
1  21.7926	3.503092e+00	-5.929500e+00	6.283633e-01	-2.991305e+00	1.264474e+00	-1.008320e+00	3.748115e-01	3.620643e-01	2.544105e-01	8.234882e-02	5.105031e-01	8.255014e-01	7.671100e+00	
1  22.7201	3.503092e+00	-5.929500e+00	6.456536e-01	-2.897262e+00	1.270923e+00	-7.934486e-01	3.966233e-01	3.475576e-01	2.549540e-01	6.516879e-02	6.025361e-01	8.255014e-01	7.671100e+00	
1  24.2457	3.503092e+00	-5.929500e+00	6.396386e-01	-3.018086e+00	1.275282e+00	-9.744786e-01	3.843892e-01	3.720646e-01	2.887402e-01	7.539954e-02	5.656128e-01	8.255014e-01	7.671100e+00	
4  24.2826	3.503092e+00	-5.929500e+00	4.518736e-01	-2.880353e+00	1.303993e+00	-1.179319e+00	4.052310e-01	3.870432e-01	2.733714e-01	1.130780e-01	7.461413e-01	8.255014e-01	7.671100e+00	
7  23.8153	3.503092e+00	-5.929500e+00	2.735955e-01	-2.753008e+00	1.304636e+00	-9.132536e-01	3.991371e-01	4.042901e-01	2.862370e-01	8.242545e-02	8.478643e-01	8.255014e-01	7.671100e+00	
17  23.0327	3.503092e+00	-5.929500e+00	5.358052e-01	-2.406465e+00	1.279223e+00	-1.537661e+00	3.800308e-01	3.839316e-01	2.582586e-01	7.252575e-02	5.260673e-01	8.255014e-01	7.671100e+00	
40  23.0963	3.113106e+00	-5.349270e+00	5.358052e-01	-2.406465e+00	1.279223e+00	-1.537661e+00	3.800308e-01	3.839316e-01	2.582586e-01	7.252575e-02	5.260673e-01	8.324353e-01	7.671100e+00	
1  25.0917	3.113106e+00	-5.349270e+00	5.029419e-01	-2.561441e+00	1.228318e+00	-1.715186e+00	3.952697e-01	3.761906e-01	2.262984e-01	6.235693e-02	4.670620e-01	8.324353e-01	7.671100e+00	
4  24.7718	3.113106e+00	-5.349270e+00	3.605778e-01	-2.209204e+00	1.240621e+00	-1.072077e+00	3.777238e-01	3.649126e-01	2.356495e-01	7.387567e-02	6.950557e-01	8.324353e-01	7.671100e+00	
16  27.0351	3.113106e+00	-5.349270e+00	6.350366e-01	-2.134676e+00	1.096879e+00	-6.487734e-01	3.561598e-01	3.624972e-01	2.485442e-01	1.162781e-01	7.038869e-01	8.324353e-01	7.671100e+00	
4  23.1532	3.113106e+00	-5.349270e+00	4.799406e-01	-1.968820e+00	1.165207e+00	-8.659839e-01	3.626442e-01	3.254166e-01	2.460886e-01	1.128514e-01	9.603237e-01	8.324353e-01	7.671100e+00	
10  25.6082	2.876700e+00	-4.755148e+00	4.799406e-01	-1.968820e+00	1.165207e+00	-8.659839e-01	3.626442e-01	3.254166e-01	2.460886e-01	1.128514e-01	9.603237e-01	8.305100e-01	7.671100e+00	
7  26.7083	2.876700e+00	-4.755148e+00	5.641639e-01	-1.634539e+00	1.181593e+00	-7.204965e-01	3.689655e-01	3.386947e-01	2.897178e-01	9.233204e-02	6.608846e-01	8.305100e-01	7.671100e+00	
6  27.6288	2.876700e+00	-4.755148e+00	5.319919e-01	-1.875633e+00	1.144799e+00	-4.028544e-01	3.793987e-01	3.486117e-01	2.892161e-01	1.068392e-01	9.052009e-01	8.305100e-01	7.671100e+00	
4  26.1949	3.029925e+00	-5.364031e+00	5.319919e-01	-1.875633e+00	1.144799e+00	-4.028544e-01	3.793987e-01	3.486117e-01	2.892161e-01	1.068392e-01	9.052009e-01	8.249145e-01	7.671100e+00	
2  27.8554	3.029925e+00	-5.364031e+00	9.262783e-01	-2.622588e+00	1.118876e+00	-1.072888e+00	4.009471e-01	3.589471e-01	2.902806e-01	9.913074e-02	6.872297e-01	8.249145e-01	7.671100e+00	
1  26.7855	3.029925e+00	-5.364031e+00	7.068252e-01	-2.865839e+00	1.138610e+00	-8.767301e-01	4.021838e-01	3.238917e-01	2.797296e-01	1.084657e-01	8.168240e-01	8.249145e-01	7.671100e+00	
3  26.4772	3.029925e+00	-5.364031e+00	6.635331e-01	-3.197837e+00	1.135111e+00	-1.161857e+00	3.436217e-01	3.268067e-01	2.674540e-01	8.188019e-02	7.572196e-01	8.249145e-01	7.671100e+00	
3  26.0092	3.516062e+00	-5.428096e+00	6.635331e-01	-3.197837e+00	1.135111e+00	-1.161857e+00	3.436217e-01	3.268067e-01	2.674540e-01	8.188019e-02	7.572196e-01	8.308017e-01	7.671100e+00	
3  25.4015	3.516062e+00	-5.428096e+00	6.378881e-01	-2.827098e+00	1.151048e+00	-4.549928e-01	3.619691e-01	3.581007e-01	2.975797e-01	7.126830e-02	7.683170e-01	8.308017e-01	7.671100e+00	
1  27.6659	3.516062e+00	-5.428096e+00	5.148170e-01	-2.195099e+00	1.151294e+00	9.813501e-03	3.521994e-01	3.661980e-01	3.005475e-01	9.341531e-02	8.167504e-01	8.308017e-01	7.671100e+00	
1  27.2389	3.516062e+00	-5.428096e+00	5.568363e-01	-1.483447e+00	1.123213e+00	3.428275e-01	3.615217e-01	3.549475e-01	2.749917e-01	8.457139e-02	7.965098e-01	8.308017e-01	7.671100e+00	
1  27.5101	3.516062e+00	-5.428096e+00	5.575790e-01	-1.287123e+00	1.105048e+00	4.095011e-01	3.709235e-01	3.663489e-01	2.634378e-01	5.403309e-02	7.303565e-01	8.308017e-01	7.671100e+00	
1  27.6023	3.516062e+00	-5.428096e+00	2.660397e-01	-1.314441e+00	1.149187e+00	5.554179e-01	3.901269e-01	3.904055e-01	2.373281e-01	3.911970e-02	8.245345e-01	8.308017e-01	7.671100e+00	
35  26.8623	3.516062e+00	-5.428096e+00	1.490387e-01	-1.189508e+00	1.104569e+00	4.438484e-01	3.936487e-01	4.203815e-01	2.408333e-01	5.735456e-02	9.726749e-01	8.308017e-01	7.671100e+00	
33  27.6888	3.099544e+00	-5.115725e+00	1.490387e-01	-1.189508e+00	1.104569e+00	4.438484e-01	3.936487e-01	4.203815e-01	2.408333e-01	5.735456e-02	9.726749e-01	8.220888e-01	7.671100e+00	
19  26.8883	3.053973e+00	-4.674681e+00	1.490387e-01	-1.189508e+00	1.104569e+00	4.438484e-01	3.936487e-01	4.203815e-01	2.408333e-01	5.735456e-02	9.726749e-01	8.257373e-01	7.671100e+00	
8  27.2322	3.053973e+00	-4.674681e+00	2.902431e-01	-1.076962e+00	1.086805e+00	5.403485e-01	3.879274e-01	3.941381e-01	2.305893e-01	7.807322e-02	8.949534e-01	8.257373e-01	7.671100e+00	
37  28.6313	3.053973e+00	-4.674681e+00	3.369885e-01	-1.013778e+00	1.135196e+00	7.178180e-01	3.735057e-01	4.186623e-01	2.305959e-01	1.161636e-01	8.991999e-01	8.257373e-01	7.671100e+00	
10  28.6289	3.053973e+00	-4.674681e+00	6.742889e-02	-8.234375e-01	1.210730e+00	8.809187e-01	3.789652e-01	4.119084e-01	2.103544e-01	1.232452e-01	9.848498e-01	8.257373e-01	7.671100e+00	
5  28.2976	3.053973e+00	-4.674681e+00	3.410202e-01	-1.158947e+00	1.208739e+00	1.412964e-01	3.671021e-01	4.253402e-01	2.406291e-01	7.839763e-02	7.150096e-01	8.257373e-01	7.671100e+00	
17  26.4761	3.053973e+00	-4.674681e+00	4.792040e-01	-1.698487e+00	1.153840e+00	-3.574120e-01	3.716126e-01	4.281132e-01	2.563534e-01	6.176361e-02	6.975323e-01	8.257373e-01	7.671100e+00	
7  26.9256	3.053973e+00	-4.674681e+00	4.058486e-01	-1.764897e+00	1.146068e+00	-2.573677e-01	3.705318e-01	4.155327e-01	2.567013e-01	5.511911e-02	7.213546e-01	8.257373e-01	7.671100e+00	
16  26.7913	3.053973e+00	-4.674681e+00	5.340326e-01	-2.228796e+00	1.148555e+00	-6.759042e-02	3.615417e-01	4.122198e-01	2.564116e-01	3.952892e-02	7.230291e-01	8.257373e-01	7.671100e+00	
8  23.6345	3.053973e+00	-4.674681e+00	3.460821e-01	-2.620918e+00	1.165128e+00	-1.005202e+00	3.679573e-01	4.063279e-01	2.628433e-01	5.683516e-02	8.685640e-01	8.257373e-01	7.671100e+00	
2  24.3205	3.053973e+00	-4.674681e+00	2.892539e-01	-3.379257e+00	1.227283e+00	-6.135645e-01	3.737623e-01	4.211022e-01	2.472626e-01	4.847364e-02	7.718184e-01	8.257373e-01	7.671100e+00	
4  25.2829	3.053973e+00	-4.674681e+00	4.348109e-01	-3.063655e+00	1.288726e+00	-3.695429e-01	3.796814e-01	4.120773e-01	2.260892e-01	5.701742e-02	5.007781e-01	8.257373e-01	7.671100e+00	
4  26.9422	3.053973e+00	-4.674681e+00	4.937161e-01	-2.982255e+00	1.319641e+00	-7.505298e-01	3.616135e-01	4.040597e-01	2.641736e-01	2.885896e-02	5.662031e-01	8.257373e-01	7.671100e+00	
6  26.8789	3.053973e+00	-4.674681e+00	4.370386e-01	-2.887236e+00	1.306100e+00	-7.574580e-01	3.571479e-01	3.976608e-01	2.732672e-01	4.474154e-02	8.051087e-01	8.257373e-01	7.671100e+00	
8  24.6842	3.295916e+00	-5.053860e+00	4.370386e-01	-2.887236e+00	1.306100e+00	-7.574580e-01	3.571479e-01	3.976608e-01	2.732672e-01	4.474154e-02	8.051087e-01	8.311880e-01	7.671100e+00	
4  26.8797	3.295916e+00	-5.053860e+00	2.988029e-01	-2.942836e+00	1.313949e+00	-9.005206e-01	3.780212e-01	3.701744e-01	2.808978e-01	3.077583e-02	6.740816e-01	8.311880e-01	7.671100e+00	
43  22.5762	3.295916e+00	-5.053860e+00	2.158140e-01	-2.780301e+00	1.322744e+00	-1.234681e+00	3.953228e-01	3.695298e-01	2.759069e-01	3.236405e-02	9.500955e-01	8.311880e-01	7.671100e+00	
33  23.7831	3.425160e+00	-5.969705e+00	2.158140e-01	-2.780301e+00	1.322744e+00	-1.234681e+00	3.953228e-01	3.695298e-01	2.759069e-01	3.236405e-02	9.500955e-01	8.308592e-01	7.671100e+00	
11  24.9076	3.173787e+00	-4.848989e+00	2.158140e-01	-2.780301e+00	1.322744e+00	-1.234681e+00	3.953228e-01	3.695298e-01	2.759069e-01	3.236405e-02	9.500955e-01	8.236028e-01	7.671100e+00	
27  24.7774	2.994212e+00	-4.346787e+00	2.158140e-01	-2.780301e+00	1.322744e+00	-1.234681e+00	3.953228e-01	3.695298e-01	2.759069e-01	3.236405e-02	9.500955e-01	8.316270e-01	7.671100e+00	
5  23.5447	2.994212e+00	-4.346787e+00	2.004269e-01	-2.950950e+00	1.260901e+00	-1.035154e+00	3.903974e-01	3.845927e-01	2.704687e-01	4.876326e-02	8.708542e-01	8.316270e-01	7.671100e+00	
7  24.546	2.741972e+00	-4.236352e+00	2.004269e-01	-2.950950e+00	1.260901e+00	-1.035154e+00	3.903974e-01	3.845927e-01	2.704687e-01	4.876326e-02	8.708542e-01	8.290844e-01	7.671100e+00	
16  24.4407	2.741972e+00	-4.236352e+00	3.537570e-01	-2.808890e+00	1.292368e+00	-8.361948e-01	3.890991e-01	3.800447e-01	2.351791e-01	3.163302e-02	6.019346e-01	8.290844e-01	7.671100e+00	
15  24.2969	3.070242e+00	-4.635270e+00	3.537570e-01	-2.808890e+00	1.292368e+00	-8.361948e-01	3.890991e-01	3.800447e-01	2.351791e-01	3.163302e-02	6.019346e-01	8.280640e-01	7.671100e+00	
1  25.1531	3.070242e+00	-4.635270e+00	3.548556e-01	-3.020708e+00	1.279453e+00	-8.604388e-01	4.069343e-01	3.966137e-01	2.000574e-01	5.554581e-02	5.845273e-01	8.280640e-01	7.671100e+00	
4  24.6599	3.070242e+00	-4.635270e+00	4.889622e-01	-3.608383e+00	1.287568e+00	-7.117535e-01	4.066779e-01	3.825219e-01	1.993495e-01	4.456228e-02	6.395372e-01	8.280640e-01	7.671100e+00	
2  24.3892	3.070242e+00	-4.635270e+00	4.259545e-01	-3.415712e+00	1.273122e+00	-2.647570e-01	4.067348e-01	3.960699e-01	1.967243e-01	4.225228e-02	6.255429e-01	8.280640e-01	7.671100e+00	
19  24.2194	3.497165e+00	-5.300079e+00	4.259545e-01	-3.415712e+00	1.273122e+00	-2.647570e-01	4.067348e-01	3.960699e-01	1.967243e-01	4.225228e-02	6.255429e-01	8.223621e-01	7.671100e+00	
1  24.7452	3.497165e+00	-5.300079e+00	4.326015e-01	-3.651976e+00	1.229094e+00	-6.522915e-01	3.914268e-01	3.883588e-01	1.805501e-01	8.701550e-02	8.053883e-01	8.223621e-01	7.671100e+00	
22  25.9756	3.497165e+00	-5.300079e+00	4.818566e-01	-3.017942e+00	1.196754e+00	-6.313451e-01	3.697174e-01	3.697496e-01	1.646077e-01	7.984572e-02	8.672255e-01	8.223621e-01	7.671100e+00	
7  25.7924	3.497165e+00	-5.300079e+00	4.974948e-01	-3.550011e+00	1.229153e+00	-9.120944e-01	3.545208e-01	3.744396e-01	1.695644e-01	5.955766e-02	7.428605e-01	8.223621e-01	7.671100e+00	
3  23.7917	3.497165e+00	-5.300079e+00	5.731123e-01	-3.276432e+00	1.313378e+00	-1.176744e+00	3.876812e-01	3.414927e-01	1.606183e-01	4.918292e-02	4.117713e-01	8.223621e-01	7.671100e+00	
3  23.1859	3.497165e+00	-5.300079e+00	5.919276e-01	-2.520444e+00	1.317976e+00	-1.581373e+00	3.856599e-01	3.262098e-01	1.882168e-01	5.567574e-02	5.282244e-01	8.223621e-01	7.671100e+00	
7  23.9161	3.470910e+00	-5.007925e+00	5.919276e-01	-2.520444e+00	1.317976e+00	-1.581373e+00	3.856599e-01	3.262098e-01	1.882168e-01	5.567574e-02	5.282244e-01	8.229745e-01	7.671100e+00	
64  23.9808	3.470910e+00	-5.007925e+00	6.765924e-01	-1.637567e+00	1.257182e+00	-1.625370e+00	3.633609e-01	3.341089e-01	1.964616e-01	7.553146e-02	2.960848e-01	8.229745e-01	7.671100e+00	
11  23.3163	3.470910e+00	-5.007925e+00	4.649658e-01	-1.754329e+00	1.294780e+00	-2.317913e+00	3.690186e-01	3.559476e-01	1.922281e-01	6.964148e-02	5.767112e-01	8.229745e-01	7.671100e+00	
3  22.9773	3.470910e+00	-5.007925e+00	4.593509e-01	-2.191000e+00	1.255706e+00	-2.263780e+00	3.719117e-01	3.286449e-01	2.304400e-01	8.129567e-02	6.428440e-01	8.229745e-01	7.671100e+00	
2  25.7214	3.470910e+00	-5.007925e+00	5.413577e-01	-1.812863e+00	1.285522e+00	-2.509693e+00	3.537273e-01	3.248376e-01	1.910123e-01	9.096526e-02	4.127895e-01	8.229745e-01	7.671100e+00	
2  26.9675	3.326574e+00	-5.098003e+00	5.413577e-01	-1.812863e+00	1.285522e+00	-2.509693e+00	3.537273e-01	3.248376e-01	1.910123e-01	9.096526e-02	4.127895e-01	8.289314e-01	7.671100e+00	
5  23.4254	3.326574e+00	-5.098003e+00	5.278107e-01	-1.887898e+00	1.278995e+00	-2.472925e+00	3.508780e-01	3.582323e-01	2.263701e-01	8.517425e-02	5.895014e-01	8.289314e-01	7.671100e+00	
4  25.6017	3.326574e+00	-5.098003e+00	6.952281e-01	-1.442408e+00	1.239320e+00	-2.042521e+00	3.651134e-01	3.393502e-01	2.183172e-01	5.477579e-02	6.367102e-01	8.289314e-01	7.671100e+00	
10  24.8112	3.108014e+00	-4.851296e+00	6.952281e-01	-1.442408e+00	1.239320e+00	-2.042521e+00	3.651134e-01	3.393502e-01	2.183172e-01	5.477579e-02	6.367102e-01	8.297873e-01	7.671100e+00	
26  25.7683	3.108014e+00	-4.851296e+00	5.909046e-01	-7.190132e-01	1.182786e+00	-2.204177e+00	3.797601e-01	3.285539e-01	2.500255e-01	5.453125e-02	7.045303e-01	8.297873e-01	7.671100e+00	
1  25.885	3.108014e+00	-4.851296e+00	6.515024e-01	-9.086239e-01	1.185830e+00	-2.655333e+00	3.806856e-01	3.336931e-01	2.409472e-01	5.817613e-02	7.386738e-01	8.297873e-01	7.671100e+00	
1  23.6728	3.108014e+00	-4.851296e+00	3.974556e-01	-9.167352e-01	1.190597e+00	-2.511063e+00	3.580050e-01	3.438795e-01	2.518123e-01	3.032003e-02	9.473534e-01	8.297873e-01	7.671100e+00	
16  24.0302	3.108014e+00	-4.851296e+00	5.331960e-01	-1.532487e+00	1.198829e+00	-2.434316e+00	3.711055e-01	3.628003e-01	2.492519e-01	5.242039e-02	9.239242e-01	8.297873e-01	7.671100e+00	
8  26.7508	3.108014e+00	-4.851296e+00	6.577460e-01	-1.543880e+00	1.214527e+00	-2.621404e+00	3.522533e-01	3.735463e-01	2.266950e-01	5.731719e-02	8.790018e-01	8.297873e-01	7.671100e+00	
4  25.596	3.108014e+00	-4.851296e+00	5.230014e-01	-2.435527e+00	1.200985e+00	-3.263652e+00	3.575664e-01	3.834453e-01	2.172099e-01	4.674540e-02	8.158099e-01	8.297873e-01	7.671100e+00	
5  25.494	3.194291e+00	-4.725900e+00	5.230014e-01	-2.435527e+00	1.200985e+00	-3.263652e+00	3.575664e-01	3.834453e-01	2.172099e-01	4.674540e-02	8.158099e-01	8.311352e-01	7.671100e+00	
1  25.0379	3.194291e+00	-4.725900e+00	6.481846e-01	-1.841559e+00	1.235044e+00	-3.569147e+00	3.599660e-01	3.908239e-01	2.506560e-01	5.245402e-02	7.794118e-01	8.311352e-01	7.671100e+00	
7  25.7564	3.194291e+00	-4.725900e+00	4.446481e-01	-1.507695e+00	1.215333e+00	-3.214348e+00	3.957062e-01	3.800034e-01	2.552740e-01	6.428112e-02	9.574017e-01	8.311352e-01	7.671100e+00	
5  24.8413	3.194291e+00	-4.725900e+00	6.160286e-01	-1.711907e+00	1.255860e+00	-2.570692e+00	3.727076e-01	3.769026e-01	2.146961e-01	7.479008e-02	8.123172e-01	8.311352e-01	7.671100e+00	
1  23.2471	3.194291e+00	-4.725900e+00	4.892004e-01	-1.767549e+00	1.319507e+00	-1.676813e+00	3.856033e-01	3.836947e-01	2.276730e-01	7.249983e-02	4.903303e-01	8.311352e-01	7.671100e+00	
6  23.6746	3.194291e+00	-4.725900e+00	5.058394e-01	-2.059627e+00	1.293706e+00	-1.233751e+00	3.935064e-01	3.714289e-01	2.156244e-01	6.263606e-02	4.670157e-01	8.311352e-01	7.671100e+00	
2  24.1149	3.194291e+00	-4.725900e+00	4.763662e-01	-1.787407e+00	1.291133e+00	-1.262399e+00	3.722179e-01	3.847184e-01	1.869096e-01	6.051072e-02	6.842619e-01	8.311352e-01	7.671100e+00	
3  23.6014	3.194291e+00	-4.725900e+00	4.703819e-01	-2.698897e+00	1.341555e+00	-9.174588e-01	3.870479e-01	4.021969e-01	2.000212e-01	4.789712e-02	7.146630e-01	8.311352e-01	7.671100e+00	
7  23.6307	3.194291e+00	-4.725900e+00	2.966529e-01	-2.744398e+00	1.370881e+00	-1.557308e+00	3.983668e-01	4.211236e-01	2.074241e-01	7.856527e-02	7.905047e-01	8.311352e-01	7.671100e+00	
28  23.4996	3.194291e+00	-4.725900e+00	1.900949e-01	-2.884513e+00	1.345800e+00	-1.743601e+00	3.612151e-01	4.196894e-01	2.087846e-01	6.310668e-02	9.797041e-01	8.311352e-01	7.671100e+00	
1  23.4234	3.194291e+00	-4.725900e+00	3.871403e-01	-2.475418e+00	1.371476e+00	-2.221577e+00	3.804659e-01	4.155930e-01	2.187841e-01	8.334603e-02	6.337654e-01	8.311352e-01	7.671100e+00	
2  23.6633	3.291978e+00	-5.174803e+00	3.871403e-01	-2.475418e+00	1.371476e+00	-2.221577e+00	3.804659e-01	4.155930e-01	2.187841e-01	8.334603e-02	6.337654e-01	8.319338e-01	7.671100e+00	
19  23.157	3.291978e+00	-5.174803e+00	5.139547e-01	-2.323976e+00	1.349816e+00	-2.434828e+00	3.883128e-01	3.994130e-01	2.185570e-01	7.520662e-02	6.854625e-01	8.319338e-01	7.671100e+00	
26  24.9975	3.291978e+00	-5.174803e+00	4.379003e-01	-2.148342e+00	1.327244e+00	-2.787918e+00	4.113887e-01	3.748981e-01	2.139587e-01	6.823603e-02	8.038162e-01	8.319338e-01	7.671100e+00	
4  23.8851	3.291978e+00	-5.174803e+00	4.515503e-01	-2.277855e+00	1.324487e+00	-1.970493e+00	3.950519e-01	3.727234e-01	2.030174e-01	5.420373e-02	5.818896e-01	8.319338e-01	7.671100e+00	
6  22.8542	3.291978e+00	-5.174803e+00	5.213026e-01	-2.277560e+00	1.338660e+00	-1.918844e+00	3.936334e-01	3.587825e-01	2.044030e-01	5.427178e-02	6.635022e-01	8.319338e-01	7.671100e+00	
2  24.5482	3.291978e+00	-5.174803e+00	3.144051e-01	-2.468855e+00	1.326476e+00	-1.533551e+00	3.991309e-01	3.614081e-01	2.048979e-01	5.045126e-02	7.501887e-01	8.319338e-01	7.671100e+00	
9  25.2014	3.291978e+00	-5.174803e+00	3.112440e-01	-2.412731e+00	1.446479e+00	-1.770569e+00	3.655252e-01	3.718019e-01	1.831248e-01	9.905800e-02	7.534711e-01	8.319338e-01	7.671100e+00	
8  23.9169	3.291978e+00	-5.174803e+00	5.228254e-01	-2.583506e+00	1.410716e+00	-1.410104e+00	3.910538e-01	3.408050e-01	1.762699e-01	6.536272e-02	7.911570e-01	8.319338e-01	7.671100e+00	
4  21.5585	3.291978e+00	-5.174803e+00	5.006090e-01	-2.905351e+00	1.375107e+00	-8.306204e-01	3.892738e-01	3.395594e-01	1.990314e-01	6.630411e-02	7.129485e-01	8.319338e-01	7.671100e+00	
20  22.3901	3.291978e+00	-5.174803e+00	3.589775e-01	-3.519515e+00	1.422014e+00	-1.146386e+00	3.628398e-01	2.991959e-01	1.696972e-01	7.008412e-02	9.544158e-01	8.319338e-01	7.671100e+00	
1  24.7462	3.519054e+00	-4.850304e+00	3.589775e-01	-3.519515e+00	1.422014e+00	-1.146386e+00	3.628398e-01	2.991959e-01	1.696972e-01	7.008412e-02	9.544158e-01	8.281264e-01	7.671100e+00	
12  23.0758	3.519054e+00	-4.850304e+00	4.317529e-01	-4.009622e+00	1.466122e+00	-1.059105e+00	3.658996e-01	2.906051e-01	1.761006e-01	7.512006e-02	6.128259e-01	8.281264e-01	7.671100e+00	
6  22.2043	3.519054e+00	-4.850304e+00	6.378426e-01	-4.466942e+00	1.465906e+00	-1.697625e+00	3.630804e-01	3.045969e-01	2.033498e-01	1.020830e-01	5.480471e-01	8.281264e-01	7.671100e+00	
