6  22.7416	3.203755e+00	-4.212425e+00	3.863957e-01	-1.496474e+00	1.320552e+00	-1.146358e+00	3.739661e-01	2.842529e-01	2.014113e-01	7.684253e-02	9.773813e-01	8.237821e-01	7.671100e+00	
38  23.3461	3.203755e+00	-4.212425e+00	6.130581e-01	-1.358594e+00	1.348379e+00	-1.199311e+00	3.735130e-01	2.877931e-01	1.947928e-01	7.360114e-02	7.033682e-01	8.237821e-01	7.671100e+00	
9  23.1477	3.646682e+00	-5.579618e+00	6.130581e-01	-1.358594e+00	1.348379e+00	-1.199311e+00	3.735130e-01	2.877931e-01	1.947928e-01	7.360114e-02	7.033682e-01	8.253518e-01	7.671100e+00	
28  23.2138	3.646682e+00	-5.579618e+00	7.205898e-01	-1.430275e+00	1.388356e+00	-1.197747e+00	3.826204e-01	3.189772e-01	1.808009e-01	9.801945e-02	3.375221e-01	8.253518e-01	7.671100e+00	
1  23.6935	3.646682e+00	-5.579618e+00	7.285455e-01	-2.095213e+00	1.391426e+00	-2.241652e+00	3.891281e-01	2.939200e-01	2.149145e-01	1.071089e-01	7.065678e-01	8.253518e-01	7.671100e+00	
11  23.9433	3.646682e+00	-5.579618e+00	7.675547e-01	-2.235107e+00	1.411223e+00	-2.386486e+00	3.871381e-01	2.941399e-01	2.296889e-01	1.238335e-01	5.819356e-01	8.253518e-01	7.671100e+00	
1  22.3765	3.646682e+00	-5.579618e+00	5.556467e-01	-2.137641e+00	1.332469e+00	-2.427596e+00	3.726414e-01	3.223141e-01	2.556925e-01	9.588107e-02	4.738107e-01	8.253518e-01	7.671100e+00	
2  21.8804	3.646682e+00	-5.579618e+00	5.574322e-01	-2.143169e+00	1.396149e+00	-2.347698e+00	3.631849e-01	3.018123e-01	2.627354e-01	9.076505e-02	6.923101e-01	8.253518e-01	7.671100e+00	
2  22.3372	3.646682e+00	-5.579618e+00	5.172929e-01	-1.683131e+00	1.462940e+00	-2.372227e+00	3.738606e-01	3.458928e-01	2.406363e-01	6.106442e-02	5.539740e-01	8.253518e-01	7.671100e+00	
17  22.2323	3.651760e+00	-5.858632e+00	5.172929e-01	-1.683131e+00	1.462940e+00	-2.372227e+00	3.738606e-01	3.458928e-01	2.406363e-01	6.106442e-02	5.539740e-01	8.293324e-01	7.671100e+00	
11  21.5557	3.651760e+00	-5.858632e+00	4.438001e-01	-1.954678e+00	1.538014e+00	-2.122247e+00	3.845581e-01	3.359238e-01	2.212120e-01	7.344236e-02	6.259386e-01	8.293324e-01	7.671100e+00	
3  22.3671	3.651760e+00	-5.858632e+00	3.543783e-01	-1.989820e+00	1.507028e+00	-1.910240e+00	3.931728e-01	3.292615e-01	2.306686e-01	1.087777e-01	8.705310e-01	8.293324e-01	7.671100e+00	
15  23.0676	3.651760e+00	-5.858632e+00	8.050531e-01	-2.832372e+00	1.428852e+00	-1.790691e+00	3.772272e-01	3.058248e-01	2.158696e-01	8.198441e-02	7.453638e-01	8.293324e-01	7.671100e+00	
1  22.3351	3.651760e+00	-5.858632e+00	5.756698e-01	-3.273413e+00	1.437997e+00	-1.839479e+00	3.901373e-01	2.855930e-01	2.018824e-01	7.633482e-02	7.129413e-01	8.293324e-01	7.671100e+00	
1  22.7296	3.651760e+00	-5.858632e+00	6.322278e-01	-3.124530e+00	1.438397e+00	-2.611871e+00	4.036119e-01	3.017417e-01	2.004769e-01	8.135092e-02	7.058981e-01	8.293324e-01	7.671100e+00	
4  22.5935	3.651760e+00	-5.858632e+00	7.051983e-01	-2.951511e+00	1.384320e+00	-2.613403e+00	3.903538e-01	3.056271e-01	2.257603e-01	5.428681e-02	6.721112e-01	8.293324e-01	7.671100e+00	
7  22.7351	3.651760e+00	-5.858632e+00	5.654931e-01	-2.615078e+00	1.413399e+00	-2.899557e+00	3.740173e-01	2.894995e-01	2.000308e-01	5.432509e-02	7.669247e-01	8.293324e-01	7.671100e+00	
8  20.5009	3.651760e+00	-5.858632e+00	6.485557e-01	-2.937037e+00	1.413389e+00	-2.442053e+00	3.689672e-01	3.012657e-01	1.911333e-01	6.738190e-02	5.283754e-01	8.293324e-01	7.671100e+00	
1  22.5148	2.908539e+00	-4.791404e+00	6.485557e-01	-2.937037e+00	1.413389e+00	-2.442053e+00	3.689672e-01	3.012657e-01	1.911333e-01	6.738190e-02	5.283754e-01	8.234332e-01	7.671100e+00	
24  23.831	2.908539e+00	-4.791404e+00	2.145557e-01	-3.039131e+00	1.417892e+00	-2.744941e+00	3.482966e-01	3.017455e-01	2.164667e-01	7.114041e-02	9.655859e-01	8.234332e-01	7.671100e+00	
4  23.6208	2.908539e+00	-4.791404e+00	3.664033e-01	-3.395177e+00	1.424140e+00	-2.744976e+00	3.464305e-01	3.233167e-01	2.414710e-01	1.013479e-01	8.363142e-01	8.234332e-01	7.671100e+00	
3  24.8229	2.908539e+00	-4.791404e+00	2.351560e-01	-3.367953e+00	1.375580e+00	-2.499598e+00	3.547503e-01	3.528572e-01	2.959469e-01	1.381388e-01	8.576616e-01	8.234332e-01	7.671100e+00	
8  24.8241	2.911717e+00	-5.218351e+00	2.351560e-01	-3.367953e+00	1.375580e+00	-2.499598e+00	3.547503e-01	3.528572e-01	2.959469e-01	1.381388e-01	8.576616e-01	8.279045e-01	7.671100e+00	
14  24.6764	2.911717e+00	-5.218351e+00	2.316300e-02	-3.719900e+00	1.357424e+00	-2.253474e+00	3.557493e-01	3.759038e-01	2.868085e-01	9.327595e-02	9.672805e-01	8.279045e-01	7.671100e+00	
8  24.7143	2.990233e+00	-5.355778e+00	2.316300e-02	-3.719900e+00	1.357424e+00	-2.253474e+00	3.557493e-01	3.759038e-01	2.868085e-01	9.327595e-02	9.672805e-01	8.326604e-01	7.671100e+00	
4  24.2768	2.990233e+00	-5.355778e+00	2.135243e-01	-2.649005e+00	1.390986e+00	-1.771447e+00	3.766255e-01	3.913313e-01	2.866662e-01	7.975478e-02	7.757211e-01	8.326604e-01	7.671100e+00	
25  23.9478	3.578237e+00	-5.524550e+00	2.135243e-01	-2.649005e+00	1.390986e+00	-1.771447e+00	3.766255e-01	3.913313e-01	2.866662e-01	7.975478e-02	7.757211e-01	8.285660e-01	7.671100e+00	
8  25.1621	3.578237e+00	-5.524550e+00	3.683806e-01	-2.825854e+00	1.398525e+00	-1.829255e+00	3.559229e-01	4.173221e-01	2.564282e-01	9.146530e-02	7.719900e-01	8.285660e-01	7.671100e+00	
12  24.9012	3.484716e+00	-5.564027e+00	3.683806e-01	-2.825854e+00	1.398525e+00	-1.829255e+00	3.559229e-01	4.173221e-01	2.564282e-01	9.146530e-02	7.719900e-01	8.317961e-01	7.671100e+00	
28  24.8048	3.484716e+00	-5.564027e+00	3.515042e-01	-3.075396e+00	1.374912e+00	-2.442131e+00	3.640183e-01	4.248112e-01	2.664611e-01	8.099197e-02	8.643673e-01	8.317961e-01	7.671100e+00	
12  22.8889	3.484716e+00	-5.564027e+00	3.560934e-01	-3.392954e+00	1.359800e+00	-3.090718e+00	3.777690e-01	4.173217e-01	2.657613e-01	4.684492e-02	7.801346e-01	8.317961e-01	7.671100e+00	
9  22.9353	3.484716e+00	-5.564027e+00	4.037957e-01	-3.338497e+00	1.342683e+00	-3.239639e+00	3.951398e-01	3.990496e-01	2.695058e-01	5.150290e-02	7.324646e-01	8.317961e-01	7.671100e+00	
16  22.568	3.484716e+00	-5.564027e+00	3.402438e-01	-2.953229e+00	1.381234e+00	-2.942012e+00	4.072020e-01	3.774264e-01	2.372828e-01	5.178335e-02	7.597137e-01	8.317961e-01	7.671100e+00	
16  22.7422	3.131627e+00	-4.904557e+00	3.402438e-01	-2.953229e+00	1.381234e+00	-2.942012e+00	4.072020e-01	3.774264e-01	2.372828e-01	5.178335e-02	7.597137e-01	8.286604e-01	7.671100e+00	
3  22.9274	3.131627e+00	-4.904557e+00	2.655601e-01	-2.491518e+00	1.404395e+00	-3.147673e+00	4.153715e-01	3.601986e-01	2.280373e-01	5.891518e-02	8.584065e-01	8.286604e-01	7.671100e+00	
7  23.9197	3.131627e+00	-4.904557e+00	2.039583e-01	-2.291051e+00	1.477704e+00	-3.415793e+00	4.202665e-01	3.443098e-01	2.258989e-01	7.677904e-02	8.213738e-01	8.286604e-01	7.671100e+00	
41  21.2314	3.131627e+00	-4.904557e+00	3.415990e-01	-1.901599e+00	1.513439e+00	-3.285816e+00	4.017147e-01	3.154124e-01	2.433141e-01	5.176665e-02	9.078638e-01	8.286604e-01	7.671100e+00	
3  21.6448	3.131627e+00	-4.904557e+00	4.851378e-01	-9.955991e-01	1.507104e+00	-2.806400e+00	3.891398e-01	3.053719e-01	2.333949e-01	7.912695e-02	7.664164e-01	8.286604e-01	7.671100e+00	
4  22.8496	3.131627e+00	-4.904557e+00	4.219740e-01	-1.412641e+00	1.524645e+00	-2.587035e+00	3.743152e-01	3.250445e-01	2.633703e-01	9.240476e-02	7.417746e-01	8.286604e-01	7.671100e+00	
7  23.0384	3.131627e+00	-4.904557e+00	4.793136e-01	-1.751673e+00	1.522627e+00	-2.710544e+00	3.760298e-01	3.152253e-01	2.561655e-01	1.127527e-01	6.537848e-01	8.286604e-01	7.671100e+00	
1  27.9494	3.131627e+00	-4.904557e+00	7.667611e-01	-1.965130e+00	1.497510e+00	-2.691644e+00	3.561714e-01	3.322745e-01	2.560180e-01	9.420863e-02	6.753443e-01	8.286604e-01	7.671100e+00	
8  28.7309	3.131627e+00	-4.904557e+00	9.280427e-01	-2.556650e+00	1.542438e+00	-2.946337e+00	3.927806e-01	3.376592e-01	2.604182e-01	8.456627e-02	7.101962e-01	8.286604e-01	7.671100e+00	
5  28.9282	3.131627e+00	-4.904557e+00	1.006857e+00	-2.453229e+00	1.520836e+00	-3.188374e+00	3.906198e-01	3.277609e-01	2.419806e-01	1.163127e-01	3.520520e-01	8.286604e-01	7.671100e+00	
2  26.973	3.131627e+00	-4.904557e+00	8.556055e-01	-2.567314e+00	1.577688e+00	-2.508122e+00	3.707992e-01	3.022349e-01	2.249761e-01	1.122200e-01	5.485921e-01	8.286604e-01	7.671100e+00	
5  24.297	3.131627e+00	-4.904557e+00	9.012149e-01	-2.887861e+00	1.598100e+00	-3.071507e+00	3.906016e-01	2.898856e-01	2.243777e-01	9.993225e-02	7.808290e-01	8.286604e-01	7.671100e+00	
4  24.7665	3.131627e+00	-4.904557e+00	8.381254e-01	-3.078845e+00	1.627190e+00	-3.349890e+00	4.035371e-01	3.109525e-01	2.095985e-01	8.941078e-02	5.320986e-01	8.286604e-01	7.671100e+00	
6  24.4747	3.131627e+00	-4.904557e+00	7.510990e-01	-3.466033e+00	1.637926e+00	-3.043861e+00	3.954402e-01	3.375849e-01	1.875927e-01	1.078403e-01	3.879665e-01	8.286604e-01	7.671100e+00	
5  23.4301	3.131627e+00	-4.904557e+00	6.217074e-01	-3.521056e+00	1.635546e+00	-3.224402e+00	3.830730e-01	3.279140e-01	1.890106e-01	9.123230e-02	5.186363e-01	8.286604e-01	7.671100e+00	
6  23.1475	3.131627e+00	-4.904557e+00	5.052726e-01	-3.070172e+00	1.621323e+00	-3.103689e+00	3.766992e-01	2.967134e-01	1.987874e-01	6.867867e-02	5.819684e-01	8.286604e-01	7.671100e+00	
21  22.7419	3.131627e+00	-4.904557e+00	6.135573e-01	-3.033305e+00	1.601269e+00	-3.185277e+00	4.087899e-01	2.702130e-01	2.084159e-01	9.206542e-02	5.186897e-01	8.286604e-01	7.671100e+00	
5  21.4814	3.131627e+00	-4.904557e+00	6.693451e-01	-3.357772e+00	1.600297e+00	-3.273106e+00	3.938893e-01	2.790703e-01	2.021061e-01	7.462372e-02	6.057171e-01	8.286604e-01	7.671100e+00	
2  21.4438	3.131627e+00	-4.904557e+00	4.975799e-01	-3.657446e+00	1.596414e+00	-3.514333e+00	4.113469e-01	3.054418e-01	2.133985e-01	1.065022e-01	6.543361e-01	8.286604e-01	7.671100e+00	
1  23.4679	3.131627e+00	-4.904557e+00	4.684789e-01	-2.777704e+00	1.624166e+00	-3.848705e+00	4.221718e-01	3.148859e-01	2.035886e-01	9.103788e-02	9.162768e-01	8.286604e-01	7.671100e+00	
13  23.1877	3.131627e+00	-4.904557e+00	4.200645e-01	-2.267316e+00	1.662644e+00	-4.229815e+00	4.150676e-01	3.119019e-01	2.068579e-01	8.484549e-02	6.472869e-01	8.286604e-01	7.671100e+00	
1  22.3228	3.206392e+00	-5.637599e+00	4.200645e-01	-2.267316e+00	1.662644e+00	-4.229815e+00	4.150676e-01	3.119019e-01	2.068579e-01	8.484549e-02	6.472869e-01	8.267299e-01	7.671100e+00	
23  22.0497	3.206392e+00	-5.637599e+00	5.723614e-01	-2.453071e+00	1.679404e+00	-4.197292e+00	4.330978e-01	3.147160e-01	2.101984e-01	9.642642e-02	5.595277e-01	8.267299e-01	7.671100e+00	
9  23.0176	3.206392e+00	-5.637599e+00	5.081773e-01	-2.353899e+00	1.651056e+00	-4.696019e+00	4.326796e-01	3.318082e-01	2.089589e-01	6.650312e-02	6.648105e-01	8.267299e-01	7.671100e+00	
6  23.3661	3.695005e+00	-5.598178e+00	5.081773e-01	-2.353899e+00	1.651056e+00	-4.696019e+00	4.326796e-01	3.318082e-01	2.089589e-01	6.650312e-02	6.648105e-01	8.271034e-01	7.671100e+00	
14  23.7948	3.695005e+00	-5.598178e+00	7.464061e-01	-2.564870e+00	1.694858e+00	-4.482047e+00	4.436630e-01	3.175328e-01	2.236872e-01	1.230366e-01	4.980689e-01	8.271034e-01	7.671100e+00	
5  25.0047	3.695005e+00	-5.598178e+00	9.428751e-01	-2.843574e+00	1.633655e+00	-4.732853e+00	4.181162e-01	3.015229e-01	2.067540e-01	1.149559e-01	4.829238e-01	8.271034e-01	7.671100e+00	
17  21.9961	3.695005e+00	-5.598178e+00	6.729643e-01	-2.433154e+00	1.642625e+00	-4.548369e+00	4.085787e-01	2.925624e-01	2.194628e-01	1.044482e-01	4.926879e-01	8.271034e-01	7.671100e+00	
21  22.5264	3.695005e+00	-5.598178e+00	7.669696e-01	-2.396472e+00	1.615336e+00	-3.781176e+00	4.369745e-01	2.843186e-01	2.143823e-01	7.835513e-02	5.883296e-01	8.271034e-01	7.671100e+00	
6  22.7892	3.695005e+00	-5.598178e+00	4.722061e-01	-2.361285e+00	1.637853e+00	-3.731098e+00	4.415400e-01	3.012515e-01	1.881701e-01	1.102013e-01	8.689481e-01	8.271034e-01	7.671100e+00	
1  23.0133	3.695005e+00	-5.598178e+00	5.337499e-01	-2.187005e+00	1.636967e+00	-3.963039e+00	4.136662e-01	2.933100e-01	2.269428e-01	8.494266e-02	6.053059e-01	8.271034e-01	7.671100e+00	
24  21.5717	3.695005e+00	-5.598178e+00	6.495409e-01	-2.520396e+00	1.623616e+00	-4.667221e+00	4.181411e-01	2.702760e-01	2.210139e-01	7.525118e-02	9.556812e-01	8.271034e-01	7.671100e+00	
3  22.802	3.695005e+00	-5.598178e+00	7.203177e-01	-2.382674e+00	1.619081e+00	-3.438834e+00	4.100734e-01	2.744274e-01	2.155863e-01	9.749193e-02	6.472109e-01	8.271034e-01	7.671100e+00	
17  22.1252	3.695005e+00	-5.598178e+00	6.430188e-01	-2.393542e+00	1.600065e+00	-3.378344e+00	3.870610e-01	2.685349e-01	2.127998e-01	4.982707e-02	8.698068e-01	8.271034e-01	7.671100e+00	
19  22.1399	3.695005e+00	-5.598178e+00	4.360778e-01	-1.798236e+00	1.632361e+00	-3.061248e+00	4.000548e-01	2.956661e-01	2.502387e-01	5.507427e-02	8.759148e-01	8.271034e-01	7.671100e+00	
6  29.0578	3.695005e+00	-5.598178e+00	3.798752e-01	-1.816324e+00	1.601272e+00	-3.576754e+00	4.038803e-01	2.954012e-01	2.492105e-01	7.736757e-02	6.145977e-01	8.271034e-01	7.671100e+00	
1  28.6863	3.695005e+00	-5.598178e+00	3.222807e-01	-1.915300e+00	1.602977e+00	-3.365551e+00	4.400723e-01	2.629121e-01	2.479240e-01	5.702155e-02	8.625838e-01	8.271034e-01	7.671100e+00	
1  28.1941	3.695005e+00	-5.598178e+00	6.252628e-01	-2.447881e+00	1.661616e+00	-3.322622e+00	4.370894e-01	2.621514e-01	2.537107e-01	5.188549e-02	6.935419e-01	8.271034e-01	7.671100e+00	
3  28.0599	3.695005e+00	-5.598178e+00	1.163122e+00	-2.878810e+00	1.663422e+00	-3.443227e+00	4.418294e-01	2.707935e-01	2.301382e-01	4.328541e-02	6.822273e-01	8.271034e-01	7.671100e+00	
2  26.1347	3.695005e+00	-5.598178e+00	1.010257e+00	-3.143427e+00	1.663017e+00	-3.557321e+00	4.492160e-01	2.643487e-01	2.125379e-01	4.311286e-02	7.773448e-01	8.271034e-01	7.671100e+00	
42  25.9821	3.695005e+00	-5.598178e+00	1.357116e+00	-3.270101e+00	1.660795e+00	-3.456465e+00	4.261712e-01	2.720525e-01	2.203478e-01	5.261796e-02	9.541196e-01	8.271034e-01	7.671100e+00	
4  23.0516	3.695005e+00	-5.598178e+00	1.015119e+00	-3.925312e+00	1.681407e+00	-4.450634e+00	4.529876e-01	2.822288e-01	2.312659e-01	8.145285e-02	7.275382e-01	8.271034e-01	7.671100e+00	
2  23.3155	3.695005e+00	-5.598178e+00	9.474847e-01	-4.353918e+00	1.646071e+00	-3.848737e+00	4.615658e-01	2.777100e-01	2.543225e-01	9.942625e-02	6.679778e-01	8.271034e-01	7.671100e+00	
5  23.7587	3.695005e+00	-5.598178e+00	9.473705e-01	-4.170334e+00	1.611769e+00	-3.615283e+00	4.404392e-01	2.635284e-01	2.425488e-01	9.410750e-02	5.964212e-01	8.271034e-01	7.671100e+00	
15  22.7032	3.695005e+00	-5.598178e+00	8.466981e-01	-4.390173e+00	1.559396e+00	-3.321302e+00	4.491161e-01	2.971496e-01	2.453229e-01	8.635595e-02	5.243867e-01	8.271034e-01	7.671100e+00	
24  24.3107	3.695005e+00	-5.598178e+00	9.808277e-01	-3.957038e+00	1.465165e+00	-3.718516e+00	4.417183e-01	2.945212e-01	2.814461e-01	1.144855e-01	7.027933e-01	8.271034e-01	7.671100e+00	
5  25.9387	3.695005e+00	-5.598178e+00	1.086873e+00	-3.841554e+00	1.488697e+00	-3.546942e+00	4.436130e-01	3.013284e-01	2.571330e-01	1.242919e-01	8.488634e-01	8.271034e-01	7.671100e+00	
1  26.7041	3.695005e+00	-5.598178e+00	1.094796e+00	-3.860392e+00	1.432874e+00	-3.680700e+00	4.497948e-01	3.102328e-01	2.458859e-01	1.282538e-01	4.950212e-01	8.271034e-01	7.671100e+00	
3  24.1111	3.695005e+00	-5.598178e+00	7.997901e-01	-4.024346e+00	1.466578e+00	-3.861469e+00	4.345105e-01	3.012990e-01	2.790565e-01	1.533986e-01	7.302089e-01	8.271034e-01	7.671100e+00	
3  22.2332	3.695005e+00	-5.598178e+00	8.527023e-01	-3.858941e+00	1.402029e+00	-4.320394e+00	4.133714e-01	2.962366e-01	2.631847e-01	1.333540e-01	6.465785e-01	8.271034e-01	7.671100e+00	
1  21.1539	3.695005e+00	-5.598178e+00	8.313584e-01	-4.553429e+00	1.424576e+00	-3.740520e+00	3.940280e-01	3.140949e-01	2.849521e-01	1.302409e-01	7.168711e-01	8.271034e-01	7.671100e+00	
22  22.7217	3.695005e+00	-5.598178e+00	9.467077e-01	-4.784861e+00	1.454313e+00	-3.482685e+00	4.168253e-01	3.153957e-01	2.759658e-01	1.044368e-01	7.678333e-01	8.271034e-01	7.671100e+00	
4  22.9371	3.695005e+00	-5.598178e+00	9.912370e-01	-4.240273e+00	1.495240e+00	-3.455250e+00	4.024792e-01	3.038495e-01	2.638217e-01	1.046270e-01	8.272626e-01	8.271034e-01	7.671100e+00	
1  22.3174	3.695005e+00	-5.598178e+00	7.462094e-01	-4.704626e+00	1.502105e+00	-4.211635e+00	4.228738e-01	3.246914e-01	2.570210e-01	1.426673e-01	6.234945e-01	8.271034e-01	7.671100e+00	
14  22.337	3.695005e+00	-5.598178e+00	1.053343e+00	-4.305574e+00	1.430276e+00	-4.255829e+00	3.942302e-01	3.149229e-01	2.803261e-01	1.257221e-01	7.511520e-01	8.271034e-01	7.671100e+00	
2  23.2623	3.695005e+00	-5.598178e+00	8.888490e-01	-4.055260e+00	1.395273e+00	-3.814426e+00	3.888099e-01	3.347905e-01	2.755819e-01	1.162409e-01	8.109725e-01	8.271034e-01	7.671100e+00	
15  23.5884	3.695005e+00	-5.598178e+00	6.405995e-01	-3.407814e+00	1.434831e+00	-3.944504e+00	4.103261e-01	3.086862e-01	2.741376e-01	1.190728e-01	4.635824e-01	8.271034e-01	7.671100e+00	
1  22.8398	3.695005e+00	-5.598178e+00	7.851031e-01	-3.594577e+00	1.480459e+00	-4.012502e+00	4.041136e-01	2.864886e-01	2.871067e-01	1.360733e-01	5.164932e-01	8.271034e-01	7.671100e+00	
12  24.0809	3.695005e+00	-5.598178e+00	1.005506e+00	-3.237457e+00	1.468512e+00	-3.916079e+00	4.113941e-01	3.095754e-01	2.941046e-01	1.469047e-01	7.591582e-01	8.271034e-01	7.671100e+00	
3  23.0662	3.695005e+00	-5.598178e+00	1.086981e+00	-3.677284e+00	1.490096e+00	-4.168208e+00	4.098449e-01	3.050066e-01	2.947296e-01	9.259374e-02	7.509536e-01	8.271034e-01	7.671100e+00	
24  21.9031	3.695005e+00	-5.598178e+00	9.091560e-01	-4.177436e+00	1.459103e+00	-4.506182e+00	4.195842e-01	2.799529e-01	2.853284e-01	1.005037e-01	5.768642e-01	8.271034e-01	7.671100e+00	
11  23.7881	3.695005e+00	-5.598178e+00	7.365522e-01	-3.620706e+00	1.498939e+00	-4.646385e+00	3.995535e-01	2.528934e-01	2.859209e-01	1.160514e-01	8.925248e-01	8.271034e-01	7.671100e+00	
26  22.3722	3.695005e+00	-5.598178e+00	8.177576e-01	-3.083968e+00	1.446674e+00	-3.981642e+00	3.821130e-01	2.620712e-01	2.418473e-01	9.938305e-02	9.385129e-01	8.271034e-01	7.671100e+00	
3  22.2654	3.695005e+00	-5.598178e+00	8.305989e-01	-3.229400e+00	1.421450e+00	-4.214349e+00	3.913211e-01	2.804624e-01	2.563246e-01	1.166621e-01	9.735717e-01	8.271034e-01	7.671100e+00	
1  22.3571	3.695005e+00	-5.598178e+00	8.599015e-01	-3.653171e+00	1.452029e+00	-4.168517e+00	4.045929e-01	2.809373e-01	2.534641e-01	8.696311e-02	7.038152e-01	8.271034e-01	7.671100e+00	
3  22.4709	3.695005e+00	-5.598178e+00	1.001285e+00	-3.444919e+00	1.499939e+00	-3.855236e+00	4.147737e-01	2.932007e-01	2.402456e-01	1.004797e-01	5.409182e-01	8.271034e-01	7.671100e+00	
8  22.845	3.695005e+00	-5.598178e+00	7.463308e-01	-3.275533e+00	1.487583e+00	-3.441122e+00	4.087748e-01	2.996196e-01	2.284171e-01	1.209376e-01	8.412984e-01	8.271034e-01	7.671100e+00	
20  22.6237	3.695005e+00	-5.598178e+00	6.504374e-01	-3.305980e+00	1.552849e+00	-3.727781e+00	4.078297e-01	3.171759e-01	2.086545e-01	1.319859e-01	7.924578e-01	8.271034e-01	7.671100e+00	
4  24.6046	3.695005e+00	-5.598178e+00	3.351190e-01	-3.506605e+00	1.610584e+00	-3.980537e+00	4.165725e-01	2.827444e-01	1.851451e-01	1.275606e-01	9.530528e-01	8.271034e-01	7.671100e+00	
5  22.5314	3.695005e+00	-5.598178e+00	7.832920e-01	-3.566495e+00	1.629044e+00	-4.169323e+00	3.904639e-01	2.832627e-01	1.898872e-01	1.079849e-01	8.886015e-01	8.271034e-01	7.671100e+00	
4  23.791	3.695005e+00	-5.598178e+00	4.686031e-01	-3.845184e+00	1.613729e+00	-4.177393e+00	3.699392e-01	3.054841e-01	2.074765e-01	1.026270e-01	8.013209e-01	8.271034e-01	7.671100e+00	
2  23.3705	3.695005e+00	-5.598178e+00	6.752266e-01	-3.797387e+00	1.673336e+00	-3.773638e+00	3.853080e-01	3.024050e-01	2.386357e-01	1.066340e-01	8.868206e-01	8.271034e-01	7.671100e+00	
5  22.5859	3.695005e+00	-5.598178e+00	5.826681e-01	-3.503493e+00	1.641722e+00	-3.275706e+00	3.747118e-01	3.090959e-01	2.416751e-01	8.138872e-02	6.272824e-01	8.271034e-01	7.671100e+00	
3  20.6454	3.695005e+00	-5.598178e+00	6.484492e-01	-3.824705e+00	1.619407e+00	-3.344689e+00	4.304775e-01	3.030990e-01	2.231411e-01	8.132538e-02	6.189810e-01	8.271034e-01	7.671100e+00	
5  22.0828	3.695005e+00	-5.598178e+00	7.406326e-01	-3.644134e+00	1.537109e+00	-3.380134e+00	4.180476e-01	3.207216e-01	2.203548e-01	8.009090e-02	7.494508e-01	8.271034e-01	7.671100e+00	
4  22.2656	3.695005e+00	-5.598178e+00	5.715740e-01	-4.047278e+00	1.595802e+00	-3.982101e+00	4.212161e-01	3.112545e-01	1.942293e-01	6.809761e-02	5.359526e-01	8.271034e-01	7.671100e+00	
3  21.3461	3.695005e+00	-5.598178e+00	8.610082e-01	-4.149583e+00	1.655043e+00	-4.108644e+00	4.212312e-01	3.079735e-01	2.215382e-01	7.834579e-02	4.609394e-01	8.271034e-01	7.671100e+00	
3  23.1932	3.695005e+00	-5.598178e+00	6.997421e-01	-4.439109e+00	1.673440e+00	-3.887631e+00	4.403430e-01	3.371810e-01	2.113451e-01	1.094709e-01	5.873950e-01	8.271034e-01	7.671100e+00	
7  22.8314	3.695005e+00	-5.598178e+00	6.758621e-01	-4.366441e+00	1.681767e+00	-4.389714e+00	4.341258e-01	3.409661e-01	2.347732e-01	1.126237e-01	5.187097e-01	8.271034e-01	7.671100e+00	
6  22.4293	3.695005e+00	-5.598178e+00	4.235727e-01	-4.319586e+00	1.639930e+00	-4.099527e+00	4.237250e-01	3.142216e-01	2.597867e-01	1.286516e-01	7.765185e-01	8.271034e-01	7.671100e+00	
23  22.4487	3.675186e+00	-5.133775e+00	4.235727e-01	-4.319586e+00	1.639930e+00	-4.099527e+00	4.237250e-01	3.142216e-01	2.597867e-01	1.286516e-01	7.765185e-01	8.239949e-01	7.671100e+00	
16  22.0529	3.112626e+00	-5.076249e+00	4.235727e-01	-4.319586e+00	1.639930e+00	-4.099527e+00	4.237250e-01	3.142216e-01	2.597867e-01	1.286516e-01	7.765185e-01	8.319996e-01	7.671100e+00	
17  21.1585	3.112626e+00	-5.076249e+00	3.631526e-01	-4.772044e+00	1.610566e+00	-4.476538e+00	4.263890e-01	3.272088e-01	2.531504e-01	1.055650e-01	8.164295e-01	8.319996e-01	7.671100e+00	
1  22.1129	3.211525e+00	-5.296312e+00	3.631526e-01	-4.772044e+00	1.610566e+00	-4.476538e+00	4.263890e-01	3.272088e-01	2.531504e-01	1.055650e-01	8.164295e-01	8.304103e-01	7.671100e+00	
15  21.8627	3.211525e+00	-5.296312e+00	3.153518e-01	-4.726450e+00	1.616509e+00	-4.562616e+00	4.258029e-01	3.143367e-01	2.389494e-01	1.031612e-01	8.002838e-01	8.304103e-01	7.671100e+00	
1  24.0415	3.211525e+00	-5.296312e+00	1.264226e-01	-4.696162e+00	1.609810e+00	-4.355860e+00	4.464920e-01	3.359077e-01	2.426090e-01	1.172343e-01	8.263772e-01	8.304103e-01	7.671100e+00	
4  24.1795	3.211525e+00	-5.296312e+00	2.248310e-02	-4.002961e+00	1.582689e+00	-4.742587e+00	4.544199e-01	3.441248e-01	2.942980e-01	6.683930e-02	9.464482e-01	8.304103e-01	7.671100e+00	
25  24.4748	3.560478e+00	-4.025834e+00	2.248310e-02	-4.002961e+00	1.582689e+00	-4.742587e+00	4.544199e-01	3.441248e-01	2.942980e-01	6.683930e-02	9.464482e-01	8.256542e-01	7.671100e+00	
20  23.7413	3.560478e+00	-4.025834e+00	1.882135e-02	-3.478373e+00	1.548739e+00	-4.451654e+00	4.159073e-01	3.508821e-01	3.001472e-01	5.073633e-02	9.886037e-01	8.256542e-01	7.671100e+00	
5  23.8883	3.109636e+00	-4.663016e+00	1.882135e-02	-3.478373e+00	1.548739e+00	-4.451654e+00	4.159073e-01	3.508821e-01	3.001472e-01	5.073633e-02	9.886037e-01	8.317515e-01	7.671100e+00	
7  24.0837	3.109636e+00	-4.663016e+00	3.835944e-01	-3.863062e+00	1.514776e+00	-4.837511e+00	4.069760e-01	3.268521e-01	2.938063e-01	4.723044e-02	6.642583e-01	8.317515e-01	7.671100e+00	
22  23.5465	3.109636e+00	-4.663016e+00	2.490310e-01	-4.191570e+00	1.513903e+00	-4.305395e+00	4.112736e-01	2.971164e-01	3.034797e-01	6.117744e-02	8.695277e-01	8.317515e-01	7.671100e+00	
25  20.9729	3.109636e+00	-4.663016e+00	3.241031e-01	-4.489128e+00	1.517585e+00	-4.083729e+00	4.062589e-01	3.069645e-01	2.826053e-01	6.566577e-02	9.295976e-01	8.317515e-01	7.671100e+00	
39  21.6773	3.109636e+00	-4.663016e+00	4.072953e-01	-4.871695e+00	1.422875e+00	-4.497771e+00	4.030687e-01	3.185016e-01	2.711595e-01	6.112220e-02	7.731059e-01	8.317515e-01	7.671100e+00	
19  21.5038	3.540506e+00	-4.843474e+00	4.072953e-01	-4.871695e+00	1.422875e+00	-4.497771e+00	4.030687e-01	3.185016e-01	2.711595e-01	6.112220e-02	7.731059e-01	8.304907e-01	7.671100e+00	
37  21.8533	3.540506e+00	-4.843474e+00	2.438472e-01	-4.493068e+00	1.434342e+00	-4.408033e+00	4.076618e-01	3.222405e-01	2.585866e-01	5.471851e-02	9.030430e-01	8.304907e-01	7.671100e+00	
17  21.9316	3.552717e+00	-5.874435e+00	2.438472e-01	-4.493068e+00	1.434342e+00	-4.408033e+00	4.076618e-01	3.222405e-01	2.585866e-01	5.471851e-02	9.030430e-01	8.226584e-01	7.671100e+00	
12  22.5567	3.552717e+00	-5.874435e+00	3.637189e-01	-4.633044e+00	1.417536e+00	-4.574276e+00	4.169617e-01	3.297934e-01	2.467275e-01	4.265812e-02	7.950890e-01	8.226584e-01	7.671100e+00	
15  20.6981	3.552717e+00	-5.874435e+00	4.999181e-01	-4.544747e+00	1.436768e+00	-4.781771e+00	3.954415e-01	3.400311e-01	2.537872e-01	8.175076e-02	6.959300e-01	8.226584e-01	7.671100e+00	
4  21.1781	3.526635e+00	-5.438726e+00	4.999181e-01	-4.544747e+00	1.436768e+00	-4.781771e+00	3.954415e-01	3.400311e-01	2.537872e-01	8.175076e-02	6.959300e-01	8.223902e-01	7.671100e+00	
8  22.7575	3.526635e+00	-5.438726e+00	6.303244e-01	-4.899397e+00	1.394204e+00	-4.287078e+00	3.762255e-01	3.367653e-01	2.757190e-01	6.004575e-02	5.992390e-01	8.223902e-01	7.671100e+00	
6  22.795	3.526635e+00	-5.438726e+00	4.464905e-01	-4.502364e+00	1.416807e+00	-4.002364e+00	3.950258e-01	3.431375e-01	2.499196e-01	9.041613e-02	8.349209e-01	8.223902e-01	7.671100e+00	
6  25.0594	3.526635e+00	-5.438726e+00	6.611705e-01	-4.525640e+00	1.440310e+00	-4.033408e+00	4.254361e-01	3.275082e-01	2.736139e-01	9.120008e-02	4.508312e-01	8.223902e-01	7.671100e+00	
4  24.2404	3.526635e+00	-5.438726e+00	4.696451e-01	-3.457059e+00	1.462824e+00	-4.188866e+00	3.991276e-01	3.043487e-01	2.818974e-01	9.347023e-02	5.291221e-01	8.223902e-01	7.671100e+00	
1  25.1512	3.526635e+00	-5.438726e+00	6.995045e-01	-3.464902e+00	1.460281e+00	-4.309296e+00	3.912384e-01	3.095694e-01	2.662255e-01	9.965846e-02	3.414924e-01	8.223902e-01	7.671100e+00	
9  24.972	3.526635e+00	-5.438726e+00	5.871471e-01	-3.117032e+00	1.578745e+00	-4.929829e+00	4.049731e-01	2.697206e-01	2.709121e-01	9.290038e-02	4.713077e-01	8.223902e-01	7.671100e+00	
17  22.9394	3.526635e+00	-5.438726e+00	7.385706e-01	-3.235817e+00	1.624008e+00	-4.912110e+00	3.907175e-01	2.766938e-01	2.329572e-01	1.166823e-01	4.511233e-01	8.223902e-01	7.671100e+00	
3  23.0771	3.030836e+00	-5.550813e+00	7.385706e-01	-3.235817e+00	1.624008e+00	-4.912110e+00	3.907175e-01	2.766938e-01	2.329572e-01	1.166823e-01	4.511233e-01	8.265771e-01	7.671100e+00	
6  26.5852	3.030836e+00	-5.550813e+00	7.801055e-01	-3.369948e+00	1.558586e+00	-4.448313e+00	3.579409e-01	2.858739e-01	2.655871e-01	1.099902e-01	6.408868e-01	8.265771e-01	7.671100e+00	
9  26.3359	3.030836e+00	-5.550813e+00	6.807359e-01	-3.739495e+00	1.620460e+00	-4.206205e+00	3.676504e-01	2.680789e-01	2.809563e-01	1.070434e-01	6.105602e-01	8.265771e-01	7.671100e+00	
17  26.6937	3.030836e+00	-5.550813e+00	7.102297e-01	-3.696086e+00	1.596004e+00	-4.461651e+00	3.688987e-01	2.918705e-01	3.039940e-01	1.058903e-01	6.817996e-01	8.265771e-01	7.671100e+00	
11  23.5094	3.030836e+00	-5.550813e+00	4.727324e-01	-3.549102e+00	1.584095e+00	-4.476798e+00	4.092931e-01	2.896251e-01	2.772872e-01	1.103374e-01	5.952033e-01	8.265771e-01	7.671100e+00	
12  23.059	3.030836e+00	-5.550813e+00	6.344751e-01	-3.491051e+00	1.546684e+00	-4.631469e+00	4.193577e-01	2.758204e-01	2.722956e-01	9.831037e-02	5.149959e-01	8.265771e-01	7.671100e+00	
51  23.6941	3.030836e+00	-5.550813e+00	6.363877e-01	-3.318235e+00	1.564585e+00	-4.977092e+00	4.176377e-01	2.738621e-01	2.762450e-01	9.548429e-02	4.923268e-01	8.265771e-01	7.671100e+00	
4  23.9384	3.439561e+00	-4.512416e+00	6.363877e-01	-3.318235e+00	1.564585e+00	-4.977092e+00	4.176377e-01	2.738621e-01	2.762450e-01	9.548429e-02	4.923268e-01	8.244813e-01	7.671100e+00	
15  23.2103	3.439561e+00	-4.512416e+00	4.364480e-01	-2.958511e+00	1.557618e+00	-4.779695e+00	4.123326e-01	2.870039e-01	2.607081e-01	7.367915e-02	6.876586e-01	8.244813e-01	7.671100e+00	
11  23.5247	3.439561e+00	-4.512416e+00	5.804552e-01	-3.182780e+00	1.615506e+00	-4.795976e+00	3.901477e-01	2.832742e-01	2.503712e-01	7.608798e-02	4.354916e-01	8.244813e-01	7.671100e+00	
1  24.138	3.439561e+00	-4.512416e+00	5.985691e-01	-4.047625e+00	1.615332e+00	-4.997842e+00	4.098754e-01	2.670594e-01	2.834171e-01	1.000707e-01	5.998801e-01	8.244813e-01	7.671100e+00	
13  23.3301	3.439561e+00	-4.512416e+00	6.816869e-01	-3.273528e+00	1.567045e+00	-4.921863e+00	3.867573e-01	2.846226e-01	2.528894e-01	9.292183e-02	4.109264e-01	8.244813e-01	7.671100e+00	
13  23.9746	3.648776e+00	-4.337047e+00	6.816869e-01	-3.273528e+00	1.567045e+00	-4.921863e+00	3.867573e-01	2.846226e-01	2.528894e-01	9.292183e-02	4.109264e-01	8.277359e-01	7.671100e+00	
11  22.7419	3.648776e+00	-4.337047e+00	7.708832e-01	-3.234300e+00	1.497965e+00	-4.588065e+00	3.744915e-01	3.085146e-01	2.403782e-01	1.133976e-01	6.744232e-01	8.277359e-01	7.671100e+00	
1  22.5258	3.648776e+00	-4.337047e+00	6.167273e-01	-3.000171e+00	1.503502e+00	-4.448871e+00	3.926876e-01	3.068618e-01	2.337730e-01	1.157287e-01	8.971497e-01	8.277359e-01	7.671100e+00	
10  21.9081	3.648776e+00	-4.337047e+00	5.278244e-01	-3.089017e+00	1.526962e+00	-4.148759e+00	3.757203e-01	2.971215e-01	2.283000e-01	1.306310e-01	9.570049e-01	8.277359e-01	7.671100e+00	
1  21.335	3.648776e+00	-4.337047e+00	4.828710e-01	-3.124544e+00	1.483678e+00	-4.403137e+00	4.088704e-01	2.828885e-01	2.471745e-01	1.381298e-01	9.227514e-01	8.277359e-01	7.671100e+00	
3  22.6811	3.648776e+00	-4.337047e+00	5.359065e-01	-2.544258e+00	1.555721e+00	-3.426628e+00	3.966762e-01	2.898951e-01	2.443487e-01	1.244839e-01	6.862700e-01	8.277359e-01	7.671100e+00	
10  21.769	3.648776e+00	-4.337047e+00	4.623574e-01	-3.023844e+00	1.555802e+00	-3.317827e+00	4.059275e-01	2.965657e-01	2.410317e-01	1.270656e-01	9.475714e-01	8.277359e-01	7.671100e+00	
2  21.3724	3.648776e+00	-4.337047e+00	7.306360e-01	-3.064574e+00	1.514943e+00	-4.105467e+00	4.119246e-01	2.953820e-01	2.395834e-01	1.255203e-01	6.398080e-01	8.277359e-01	7.671100e+00	
14  21.3472	3.648776e+00	-4.337047e+00	7.261104e-01	-3.236197e+00	1.438693e+00	-4.223312e+00	4.021120e-01	2.874603e-01	2.540340e-01	1.241616e-01	5.170519e-01	8.277359e-01	7.671100e+00	
6  22.7946	3.648776e+00	-4.337047e+00	8.370586e-01	-3.335712e+00	1.404409e+00	-4.215439e+00	4.067157e-01	2.989513e-01	2.925496e-01	1.303341e-01	5.953953e-01	8.277359e-01	7.671100e+00	
11  23.3638	3.648776e+00	-4.337047e+00	7.774278e-01	-3.337112e+00	1.403501e+00	-4.029212e+00	3.988955e-01	2.887633e-01	3.082521e-01	1.396019e-01	7.375905e-01	8.277359e-01	7.671100e+00	
89  23.1683	3.648776e+00	-4.337047e+00	6.851036e-01	-3.288927e+00	1.465765e+00	-4.232948e+00	4.209111e-01	3.104564e-01	3.074131e-01	1.441295e-01	7.082382e-01	8.277359e-01	7.671100e+00	
4  21.7357	3.648776e+00	-4.337047e+00	5.738807e-01	-3.503180e+00	1.454127e+00	-4.399424e+00	4.127035e-01	3.089651e-01	2.638998e-01	1.167840e-01	5.471538e-01	8.277359e-01	7.671100e+00	
5  22.0357	3.648776e+00	-4.337047e+00	3.180136e-01	-4.072210e+00	1.509409e+00	-4.283628e+00	4.338090e-01	3.039538e-01	2.775718e-01	6.407037e-02	8.777559e-01	8.277359e-01	7.671100e+00	
26  20.7181	3.648776e+00	-4.337047e+00	3.158919e-01	-3.429809e+00	1.496339e+00	-4.467368e+00	4.090057e-01	3.059322e-01	2.648908e-01	5.401654e-02	9.573068e-01	8.277359e-01	7.671100e+00	
35  21.4457	3.648776e+00	-4.337047e+00	5.371686e-01	-3.106445e+00	1.550769e+00	-4.575190e+00	4.326983e-01	2.928233e-01	2.783458e-01	4.396795e-02	8.567989e-01	8.277359e-01	7.671100e+00	
7  22.1517	3.648776e+00	-4.337047e+00	6.836874e-01	-3.311502e+00	1.547318e+00	-4.784941e+00	4.430974e-01	2.951251e-01	2.760144e-01	5.863503e-02	7.548014e-01	8.277359e-01	7.671100e+00	
4  22.8262	3.648776e+00	-4.337047e+00	7.446225e-01	-3.089533e+00	1.546237e+00	-4.619493e+00	4.297962e-01	2.710136e-01	2.674624e-01	4.171347e-02	8.395210e-01	8.277359e-01	7.671100e+00	
4  22.7338	3.648776e+00	-4.337047e+00	7.651943e-01	-3.358572e+00	1.478760e+00	-4.356290e+00	4.042232e-01	2.820225e-01	2.846049e-01	2.967954e-02	8.744448e-01	8.277359e-01	7.671100e+00	
5  22.1644	3.648776e+00	-4.337047e+00	6.504741e-01	-3.601004e+00	1.522413e+00	-4.182882e+00	4.342419e-01	2.883880e-01	2.788224e-01	6.521166e-02	7.494532e-01	8.277359e-01	7.671100e+00	
2  23.2549	3.648776e+00	-4.337047e+00	6.989534e-01	-3.485102e+00	1.544842e+00	-4.110213e+00	4.577282e-01	2.864319e-01	2.680148e-01	9.998261e-02	7.482527e-01	8.277359e-01	7.671100e+00	
9  21.3427	3.648776e+00	-4.337047e+00	6.257272e-01	-3.824943e+00	1.524627e+00	-3.627931e+00	4.149317e-01	2.892903e-01	2.674769e-01	1.138672e-01	7.634903e-01	8.277359e-01	7.671100e+00	
1  21.4847	3.648776e+00	-4.337047e+00	6.188051e-01	-3.749422e+00	1.501696e+00	-4.021634e+00	4.215061e-01	2.922702e-01	2.240519e-01	1.263844e-01	5.481892e-01	8.277359e-01	7.671100e+00	
5  22.5373	3.648776e+00	-4.337047e+00	8.177632e-01	-3.867202e+00	1.574981e+00	-4.122331e+00	4.069582e-01	2.812590e-01	2.083028e-01	1.346670e-01	8.510687e-01	8.277359e-01	7.671100e+00	
2  23.8391	3.648776e+00	-4.337047e+00	5.732134e-01	-3.675686e+00	1.519670e+00	-4.031243e+00	3.971462e-01	2.779217e-01	2.383193e-01	1.412997e-01	6.636829e-01	8.277359e-01	7.671100e+00	
36  24.2011	3.648776e+00	-4.337047e+00	7.766373e-01	-3.460845e+00	1.554385e+00	-3.978229e+00	3.794050e-01	2.776471e-01	2.061283e-01	1.689425e-01	8.260994e-01	8.277359e-01	7.671100e+00	
27  24.6365	3.648776e+00	-4.337047e+00	7.220278e-01	-3.458429e+00	1.553519e+00	-4.236186e+00	3.687255e-01	2.716537e-01	1.949149e-01	1.805003e-01	9.492098e-01	8.277359e-01	7.671100e+00	
5  23.7859	3.648776e+00	-4.337047e+00	8.158408e-01	-4.183912e+00	1.577094e+00	-4.343891e+00	3.781741e-01	2.591926e-01	2.257203e-01	1.629227e-01	9.978780e-01	8.277359e-01	7.671100e+00	
23  25.5373	3.648776e+00	-4.337047e+00	8.225827e-01	-4.612520e+00	1.621911e+00	-4.479758e+00	3.798937e-01	2.901741e-01	2.281281e-01	1.876450e-01	9.723511e-01	8.277359e-01	7.671100e+00	
3  24.3703	3.648776e+00	-4.337047e+00	6.170750e-01	-4.968013e+00	1.592861e+00	-4.993009e+00	3.601034e-01	2.719570e-01	2.473764e-01	1.989252e-01	9.972315e-01	8.277359e-01	7.671100e+00	
17  24.393	3.654572e+00	-5.139050e+00	6.170750e-01	-4.968013e+00	1.592861e+00	-4.993009e+00	3.601034e-01	2.719570e-01	2.473764e-01	1.989252e-01	9.972315e-01	8.313738e-01	7.671100e+00	
24  24.4462	3.654572e+00	-5.139050e+00	1.014242e+00	-4.970835e+00	1.529800e+00	-4.465317e+00	3.988113e-01	3.057643e-01	2.582525e-01	1.861403e-01	7.679629e-01	8.313738e-01	7.671100e+00	
7  25.7457	3.654572e+00	-5.139050e+00	8.573988e-01	-3.925850e+00	1.488080e+00	-4.556818e+00	4.109839e-01	3.202827e-01	2.631940e-01	1.831250e-01	6.089050e-01	8.313738e-01	7.671100e+00	
3  28.2183	3.654572e+00	-5.139050e+00	8.326480e-01	-3.812201e+00	1.489958e+00	-4.531268e+00	4.161116e-01	3.309930e-01	2.652889e-01	1.668269e-01	9.074439e-01	8.313738e-01	7.671100e+00	
9  25.1619	3.654572e+00	-5.139050e+00	6.123951e-01	-3.114510e+00	1.483649e+00	-4.724525e+00	4.352330e-01	3.132211e-01	2.428748e-01	1.781667e-01	5.955262e-01	8.313738e-01	7.671100e+00	
12  24.4329	3.654572e+00	-5.139050e+00	7.118013e-01	-3.171506e+00	1.507482e+00	-4.733017e+00	4.211108e-01	3.191623e-01	2.717452e-01	1.471100e-01	8.764951e-01	8.313738e-01	7.671100e+00	
8  22.2388	3.654572e+00	-5.139050e+00	9.040077e-01	-3.984544e+00	1.533814e+00	-4.231487e+00	4.224636e-01	3.092623e-01	2.688809e-01	1.248714e-01	7.578649e-01	8.313738e-01	7.671100e+00	
1  22.8881	3.654572e+00	-5.139050e+00	7.030193e-01	-4.423102e+00	1.627443e+00	-4.325546e+00	4.203588e-01	3.150967e-01	2.773900e-01	1.014071e-01	4.363209e-01	8.313738e-01	7.671100e+00	
10  22.1593	3.654572e+00	-5.139050e+00	6.407179e-01	-4.774679e+00	1.656459e+00	-4.394609e+00	4.177343e-01	3.159873e-01	2.964325e-01	4.911686e-02	6.887824e-01	8.313738e-01	7.671100e+00	
7  22.5901	3.654572e+00	-5.139050e+00	7.577125e-01	-4.704304e+00	1.678380e+00	-4.041635e+00	3.987827e-01	2.956490e-01	2.788900e-01	4.962325e-02	6.457826e-01	8.313738e-01	7.671100e+00	
9  22.7546	3.654572e+00	-5.139050e+00	6.083580e-01	-4.888477e+00	1.683383e+00	-3.801579e+00	3.768226e-01	3.117859e-01	2.450732e-01	8.244813e-02	8.697680e-01	8.313738e-01	7.671100e+00	
8  22.8393	3.654572e+00	-5.139050e+00	7.988181e-01	-4.760579e+00	1.638323e+00	-3.838933e+00	3.804779e-01	2.854965e-01	2.776764e-01	7.249318e-02	8.334848e-01	8.313738e-01	7.671100e+00	
8  20.6252	3.654572e+00	-5.139050e+00	7.544044e-01	-4.321445e+00	1.572140e+00	-3.625667e+00	4.190759e-01	3.003384e-01	2.418801e-01	8.921635e-02	7.610280e-01	8.313738e-01	7.671100e+00	
4  23.309	3.654572e+00	-5.139050e+00	1.077922e+00	-4.585528e+00	1.564508e+00	-4.187501e+00	3.869978e-01	3.120917e-01	2.366074e-01	9.306317e-02	6.734691e-01	8.313738e-01	7.671100e+00	
25  22.8968	3.654572e+00	-5.139050e+00	1.066948e+00	-4.291804e+00	1.547542e+00	-4.995657e+00	3.969028e-01	2.969716e-01	2.657140e-01	1.182437e-01	5.745870e-01	8.313738e-01	7.671100e+00	
15  25.1191	3.654572e+00	-5.139050e+00	1.236158e+00	-3.497444e+00	1.606685e+00	-4.375530e+00	3.987084e-01	2.944642e-01	2.820225e-01	1.188949e-01	9.209492e-01	8.313738e-01	7.671100e+00	
1  26.7854	3.654572e+00	-5.139050e+00	9.799721e-01	-3.332832e+00	1.661433e+00	-4.721767e+00	4.093813e-01	3.112950e-01	2.745056e-01	1.376831e-01	8.982773e-01	8.313738e-01	7.671100e+00	
24  24.4375	3.654572e+00	-5.139050e+00	9.922692e-01	-3.838697e+00	1.627674e+00	-4.856067e+00	4.140026e-01	3.061288e-01	3.074581e-01	1.431630e-01	6.950997e-01	8.313738e-01	7.671100e+00	
3  25.5302	3.654572e+00	-5.139050e+00	8.790544e-01	-3.433345e+00	1.639797e+00	-4.855607e+00	3.922870e-01	3.137261e-01	2.868458e-01	1.477559e-01	8.090643e-01	8.313738e-01	7.671100e+00	
56  24.9231	3.654572e+00	-5.139050e+00	9.659047e-01	-2.823987e+00	1.657114e+00	-4.748014e+00	4.101844e-01	2.638751e-01	2.943705e-01	9.479509e-02	9.164011e-01	8.313738e-01	7.671100e+00	
7  23.8884	3.654572e+00	-5.139050e+00	7.605553e-01	-3.485145e+00	1.664579e+00	-4.504596e+00	4.159493e-01	2.615538e-01	2.800053e-01	9.007951e-02	8.245564e-01	8.313738e-01	7.671100e+00	
16  23.5378	3.654572e+00	-5.139050e+00	7.865863e-01	-3.389752e+00	1.671107e+00	-4.685103e+00	4.006291e-01	2.752068e-01	2.823003e-01	8.240666e-02	6.409092e-01	8.313738e-01	7.671100e+00	
10  23.4504	3.654572e+00	-5.139050e+00	9.496454e-01	-2.815132e+00	1.665407e+00	-4.806413e+00	4.184545e-01	2.910849e-01	2.749862e-01	8.776974e-02	6.720675e-01	8.313738e-01	7.671100e+00	
6  23.63	3.654572e+00	-5.139050e+00	9.528941e-01	-3.280281e+00	1.615725e+00	-4.750505e+00	4.003032e-01	3.071087e-01	2.752809e-01	7.428965e-02	7.735076e-01	8.313738e-01	7.671100e+00	
5  23.4711	3.654572e+00	-5.139050e+00	4.492758e-01	-3.083307e+00	1.663422e+00	-4.555098e+00	4.159514e-01	3.210341e-01	2.664718e-01	1.161398e-01	6.475371e-01	8.313738e-01	7.671100e+00	
3  23.7219	3.654572e+00	-5.139050e+00	2.730444e-01	-3.179395e+00	1.626737e+00	-4.846117e+00	4.255059e-01	3.041495e-01	2.138645e-01	1.449106e-01	9.707215e-01	8.313738e-01	7.671100e+00	
3  23.7329	3.424857e+00	-5.866804e+00	2.730444e-01	-3.179395e+00	1.626737e+00	-4.846117e+00	4.255059e-01	3.041495e-01	2.138645e-01	1.449106e-01	9.707215e-01	8.299533e-01	7.671100e+00	
8  22.6488	3.424857e+00	-5.866804e+00	3.677735e-01	-3.614734e+00	1.683344e+00	-4.637869e+00	4.244923e-01	3.327777e-01	2.145938e-01	1.228105e-01	7.845742e-01	8.299533e-01	7.671100e+00	
28  22.1811	3.695066e+00	-5.597347e+00	3.677735e-01	-3.614734e+00	1.683344e+00	-4.637869e+00	4.244923e-01	3.327777e-01	2.145938e-01	1.228105e-01	7.845742e-01	8.260411e-01	7.671100e+00	
1  23.4573	3.695066e+00	-5.597347e+00	3.606488e-01	-3.442465e+00	1.646215e+00	-4.569097e+00	4.369720e-01	3.329220e-01	2.202075e-01	9.875610e-02	5.715743e-01	8.260411e-01	7.671100e+00	
1  21.68	3.695066e+00	-5.597347e+00	4.846787e-01	-3.819867e+00	1.651726e+00	-4.578970e+00	4.451514e-01	3.488907e-01	2.157517e-01	9.338864e-02	5.858521e-01	8.260411e-01	7.671100e+00	
9  20.7807	3.695066e+00	-5.597347e+00	5.729079e-01	-4.029049e+00	1.660272e+00	-4.041166e+00	4.134301e-01	3.289281e-01	2.330933e-01	8.890943e-02	5.539135e-01	8.260411e-01	7.671100e+00	
6  21.2612	3.695066e+00	-5.597347e+00	4.079196e-01	-4.387067e+00	1.613834e+00	-3.998002e+00	4.137276e-01	3.515686e-01	2.280298e-01	1.017715e-01	6.838389e-01	8.260411e-01	7.671100e+00	
8  22.1174	3.695066e+00	-5.597347e+00	7.323752e-01	-4.705571e+00	1.640136e+00	-4.658523e+00	4.183142e-01	3.295082e-01	2.436253e-01	1.043926e-01	3.165916e-01	8.260411e-01	7.671100e+00	
20  22.0192	3.695066e+00	-5.597347e+00	5.226150e-01	-4.518809e+00	1.675377e+00	-4.264097e+00	4.312447e-01	2.991431e-01	2.446842e-01	1.161139e-01	5.228615e-01	8.260411e-01	7.671100e+00	
9  21.7425	3.695066e+00	-5.597347e+00	4.837971e-01	-4.385559e+00	1.688825e+00	-3.736964e+00	4.229706e-01	3.089394e-01	2.423698e-01	1.043196e-01	5.969227e-01	8.260411e-01	7.671100e+00	
2  22.786	3.695066e+00	-5.597347e+00	4.166967e-01	-4.086153e+00	1.644781e+00	-4.021115e+00	3.921357e-01	2.948365e-01	2.663238e-01	7.172405e-02	7.608847e-01	8.260411e-01	7.671100e+00	
7  22.8626	3.695066e+00	-5.597347e+00	4.092016e-01	-4.302661e+00	1.571089e+00	-4.062229e+00	4.349508e-01	3.167814e-01	2.526342e-01	5.467800e-02	6.190817e-01	8.260411e-01	7.671100e+00	
23  22.301	3.695066e+00	-5.597347e+00	4.344047e-01	-4.245686e+00	1.561234e+00	-4.385708e+00	4.199776e-01	3.634301e-01	2.551375e-01	4.569062e-02	6.494103e-01	8.260411e-01	7.671100e+00	
46  21.2921	3.695066e+00	-5.597347e+00	3.953760e-01	-4.321699e+00	1.536621e+00	-4.139334e+00	4.034749e-01	3.412875e-01	2.569289e-01	4.549145e-02	7.344478e-01	8.260411e-01	7.671100e+00	
5  20.7223	3.695066e+00	-5.597347e+00	2.580374e-01	-4.206536e+00	1.496302e+00	-3.354484e+00	3.897669e-01	3.450121e-01	2.447204e-01	6.789297e-02	9.680206e-01	8.260411e-01	7.671100e+00	
6  20.682	3.384166e+00	-5.801575e+00	2.580374e-01	-4.206536e+00	1.496302e+00	-3.354484e+00	3.897669e-01	3.450121e-01	2.447204e-01	6.789297e-02	9.680206e-01	8.248459e-01	7.671100e+00	
8  21.8752	3.384166e+00	-5.801575e+00	5.003647e-01	-4.225857e+00	1.563286e+00	-4.065200e+00	4.326624e-01	3.195814e-01	2.801784e-01	1.043598e-01	6.340780e-01	8.248459e-01	7.671100e+00	
17  20.6137	3.384166e+00	-5.801575e+00	5.767992e-01	-4.268292e+00	1.585355e+00	-4.471856e+00	4.314973e-01	3.190833e-01	2.540198e-01	9.769769e-02	5.573854e-01	8.248459e-01	7.671100e+00	
9  23.6919	3.384166e+00	-5.801575e+00	5.902120e-01	-4.131493e+00	1.537905e+00	-4.002825e+00	4.373794e-01	3.164728e-01	2.795144e-01	1.232184e-01	5.201681e-01	8.248459e-01	7.671100e+00	
20  23.6263	3.384166e+00	-5.801575e+00	5.010633e-01	-3.725923e+00	1.515548e+00	-4.517116e+00	4.486500e-01	3.012884e-01	2.814050e-01	1.647419e-01	7.918764e-01	8.248459e-01	7.671100e+00	
2  25.2719	3.384166e+00	-5.801575e+00	8.772342e-01	-4.206409e+00	1.529425e+00	-4.591552e+00	4.251956e-01	2.865146e-01	2.631697e-01	1.740703e-01	9.744734e-01	8.248459e-01	7.671100e+00	
11  22.3642	3.384166e+00	-5.801575e+00	6.285376e-01	-3.522797e+00	1.494994e+00	-4.585620e+00	3.998875e-01	2.835568e-01	2.417926e-01	1.628541e-01	9.272883e-01	8.248459e-01	7.671100e+00	
5  22.8532	3.384166e+00	-5.801575e+00	6.794470e-01	-3.945026e+00	1.548656e+00	-3.866145e+00	4.213136e-01	3.027653e-01	2.389344e-01	1.597134e-01	6.644455e-01	8.248459e-01	7.671100e+00	
27  23.0851	3.384166e+00	-5.801575e+00	4.938964e-01	-4.631220e+00	1.480053e+00	-3.192048e+00	3.988702e-01	3.094869e-01	2.166498e-01	1.565960e-01	6.943740e-01	8.248459e-01	7.671100e+00	
11  25.6901	3.384166e+00	-5.801575e+00	2.392968e-01	-4.223228e+00	1.442385e+00	-3.783757e+00	3.877989e-01	3.063611e-01	2.101244e-01	1.697037e-01	9.133499e-01	8.248459e-01	7.671100e+00	
14  22.8256	3.384166e+00	-5.801575e+00	3.886385e-01	-4.952248e+00	1.434079e+00	-3.762407e+00	3.910183e-01	3.312727e-01	2.146661e-01	1.419164e-01	7.883568e-01	8.248459e-01	7.671100e+00	
3  23.2576	3.384166e+00	-5.801575e+00	2.514496e-01	-4.612511e+00	1.431848e+00	-3.498162e+00	4.017235e-01	3.357076e-01	1.956753e-01	1.187197e-01	9.839641e-01	8.248459e-01	7.671100e+00	
1  23.1094	3.384166e+00	-5.801575e+00	6.935131e-01	-4.655088e+00	1.441772e+00	-3.271788e+00	4.139565e-01	3.161228e-01	1.773209e-01	1.026647e-01	4.324640e-01	8.248459e-01	7.671100e+00	
18  22.6765	3.384166e+00	-5.801575e+00	6.822652e-01	-4.750220e+00	1.513906e+00	-3.320115e+00	3.795882e-01	3.226236e-01	1.859369e-01	8.231624e-02	6.051125e-01	8.248459e-01	7.671100e+00	
6  21.5933	3.384166e+00	-5.801575e+00	8.243811e-01	-4.548316e+00	1.425816e+00	-3.170039e+00	3.922214e-01	3.202054e-01	2.051015e-01	8.234788e-02	4.925000e-01	8.248459e-01	7.671100e+00	
22  21.2775	3.384166e+00	-5.801575e+00	7.300630e-01	-4.202083e+00	1.466808e+00	-3.347764e+00	3.932084e-01	3.377870e-01	2.118154e-01	7.228095e-02	4.318066e-01	8.248459e-01	7.671100e+00	
8  22.8408	3.384166e+00	-5.801575e+00	8.096786e-01	-4.714086e+00	1.377620e+00	-2.855545e+00	3.841199e-01	3.319026e-01	2.041396e-01	7.019267e-02	5.497809e-01	8.248459e-01	7.671100e+00	
7  23.0758	3.384166e+00	-5.801575e+00	6.945691e-01	-4.576411e+00	1.331048e+00	-2.596649e+00	3.680670e-01	3.486735e-01	1.856606e-01	8.957505e-02	5.871317e-01	8.248459e-01	7.671100e+00	
3  25.2513	3.384166e+00	-5.801575e+00	6.152548e-01	-4.645523e+00	1.297637e+00	-2.253434e+00	3.438969e-01	3.886069e-01	1.916939e-01	8.168218e-02	4.093224e-01	8.248459e-01	7.671100e+00	
12  24.7521	3.013316e+00	-5.435791e+00	6.152548e-01	-4.645523e+00	1.297637e+00	-2.253434e+00	3.438969e-01	3.886069e-01	1.916939e-01	8.168218e-02	4.093224e-01	8.316289e-01	7.671100e+00	
1  23.9942	3.013316e+00	-5.435791e+00	5.901797e-01	-4.545661e+00	1.290238e+00	-2.111319e+00	3.993020e-01	3.640170e-01	2.011438e-01	8.570908e-02	2.689266e-01	8.316289e-01	7.671100e+00	
15  24.26	3.013316e+00	-5.435791e+00	4.366275e-01	-4.691553e+00	1.330725e+00	-2.676966e+00	3.937307e-01	3.722592e-01	1.936205e-01	1.279794e-01	5.020018e-01	8.316289e-01	7.671100e+00	
17  22.6615	3.013316e+00	-5.435791e+00	4.961588e-01	-4.549057e+00	1.372731e+00	-3.206165e+00	3.940908e-01	3.790681e-01	2.091607e-01	8.935784e-02	5.561706e-01	8.316289e-01	7.671100e+00	
47  22.9169	3.013316e+00	-5.435791e+00	5.945784e-01	-4.580662e+00	1.296768e+00	-3.258108e+00	3.733951e-01	3.697709e-01	2.381675e-01	1.134689e-01	5.285708e-01	8.316289e-01	7.671100e+00	
13  24.1847	3.013316e+00	-5.435791e+00	4.214512e-01	-4.082590e+00	1.363183e+00	-3.341052e+00	3.938722e-01	3.619846e-01	2.479594e-01	1.073402e-01	4.682522e-01	8.316289e-01	7.671100e+00	
5  23.2385	3.013316e+00	-5.435791e+00	2.412440e-01	-3.905143e+00	1.374869e+00	-3.001446e+00	4.093311e-01	3.744988e-01	2.482109e-01	1.010045e-01	7.304986e-01	8.316289e-01	7.671100e+00	
7  23.5681	3.069160e+00	-5.138497e+00	2.412440e-01	-3.905143e+00	1.374869e+00	-3.001446e+00	4.093311e-01	3.744988e-01	2.482109e-01	1.010045e-01	7.304986e-01	8.299436e-01	7.671100e+00	
3  23.5525	3.069160e+00	-5.138497e+00	2.725936e-01	-4.178012e+00	1.380892e+00	-2.471659e+00	4.076574e-01	3.565342e-01	2.513019e-01	9.594038e-02	8.968896e-01	8.299436e-01	7.671100e+00	
7  24.2395	3.509156e+00	-5.312340e+00	2.725936e-01	-4.178012e+00	1.380892e+00	-2.471659e+00	4.076574e-01	3.565342e-01	2.513019e-01	9.594038e-02	8.968896e-01	8.300797e-01	7.671100e+00	
30  23.0484	3.509156e+00	-5.312340e+00	2.379056e-01	-4.289838e+00	1.447334e+00	-2.666542e+00	4.197579e-01	3.392225e-01	2.453057e-01	8.967743e-02	8.083698e-01	8.300797e-01	7.671100e+00	
7  26.3427	3.509156e+00	-5.312340e+00	4.603443e-01	-4.501968e+00	1.501740e+00	-2.205131e+00	4.099131e-01	3.671332e-01	2.493629e-01	3.635327e-02	7.523964e-01	8.300797e-01	7.671100e+00	
7  25.5185	3.048807e+00	-4.927931e+00	4.603443e-01	-4.501968e+00	1.501740e+00	-2.205131e+00	4.099131e-01	3.671332e-01	2.493629e-01	3.635327e-02	7.523964e-01	8.245017e-01	7.671100e+00	
15  21.1213	3.048807e+00	-4.927931e+00	5.081777e-01	-4.970104e+00	1.505853e+00	-2.163988e+00	3.825780e-01	3.522717e-01	2.321158e-01	5.230642e-02	5.515747e-01	8.245017e-01	7.671100e+00	
23  20.4331	3.562491e+00	-4.999249e+00	5.081777e-01	-4.970104e+00	1.505853e+00	-2.163988e+00	3.825780e-01	3.522717e-01	2.321158e-01	5.230642e-02	5.515747e-01	8.283318e-01	7.671100e+00	
31  21.9099	3.019399e+00	-4.555081e+00	5.081777e-01	-4.970104e+00	1.505853e+00	-2.163988e+00	3.825780e-01	3.522717e-01	2.321158e-01	5.230642e-02	5.515747e-01	8.301715e-01	7.671100e+00	
2  22.6827	3.019399e+00	-4.555081e+00	1.933220e-01	-4.726921e+00	1.528918e+00	-1.960494e+00	3.980288e-01	3.582003e-01	2.517366e-01	5.529639e-02	7.653407e-01	8.301715e-01	7.671100e+00	
3  23.0139	3.071108e+00	-5.111584e+00	1.933220e-01	-4.726921e+00	1.528918e+00	-1.960494e+00	3.980288e-01	3.582003e-01	2.517366e-01	5.529639e-02	7.653407e-01	8.267454e-01	7.671100e+00	
5  23.1436	3.071108e+00	-5.111584e+00	3.625682e-01	-4.894099e+00	1.488137e+00	-1.720304e+00	3.989605e-01	3.543770e-01	2.803670e-01	4.817998e-02	6.899292e-01	8.267454e-01	7.671100e+00	
1  24.9568	3.071108e+00	-5.111584e+00	3.540522e-01	-4.353558e+00	1.541016e+00	-1.692079e+00	4.191679e-01	3.687174e-01	2.561261e-01	7.541051e-02	7.905521e-01	8.267454e-01	7.671100e+00	
92  25.7639	3.071108e+00	-5.111584e+00	3.605047e-01	-4.880065e+00	1.547093e+00	-2.248541e+00	4.294178e-01	3.583588e-01	2.965790e-01	9.027811e-02	7.110783e-01	8.267454e-01	7.671100e+00	
2  27.8241	3.071108e+00	-5.111584e+00	2.465770e-01	-4.553420e+00	1.544184e+00	-2.298192e+00	4.483391e-01	3.363887e-01	3.049209e-01	7.676637e-02	7.246358e-01	8.267454e-01	7.671100e+00	
23  23.3448	3.071108e+00	-5.111584e+00	3.884703e-01	-4.500833e+00	1.504435e+00	-2.477355e+00	3.964761e-01	3.632718e-01	2.939415e-01	6.796739e-02	7.328165e-01	8.267454e-01	7.671100e+00	
26  22.3837	3.071108e+00	-5.111584e+00	3.385946e-01	-4.072297e+00	1.466853e+00	-3.380313e+00	4.052211e-01	3.584298e-01	2.940148e-01	6.693621e-02	8.006712e-01	8.267454e-01	7.671100e+00	
4  22.4178	3.071108e+00	-5.111584e+00	5.303629e-01	-4.440190e+00	1.445988e+00	-3.240821e+00	4.029323e-01	3.568593e-01	2.645606e-01	8.527192e-02	5.979272e-01	8.267454e-01	7.671100e+00	
10  23.2291	3.071108e+00	-5.111584e+00	2.573158e-01	-4.432950e+00	1.495237e+00	-3.147126e+00	4.072061e-01	3.369875e-01	2.986331e-01	6.968949e-02	9.982434e-01	8.267454e-01	7.671100e+00	
1  24.7655	3.071108e+00	-5.111584e+00	4.411598e-01	-4.733404e+00	1.485722e+00	-2.989532e+00	4.144645e-01	3.451109e-01	2.857825e-01	8.536779e-02	8.230546e-01	8.267454e-01	7.671100e+00	
37  22.6431	3.071108e+00	-5.111584e+00	4.932658e-01	-4.434220e+00	1.525016e+00	-3.237845e+00	4.114765e-01	3.348612e-01	2.751624e-01	9.181017e-02	5.691954e-01	8.267454e-01	7.671100e+00	
1  23.0631	3.071108e+00	-5.111584e+00	3.470847e-01	-4.018342e+00	1.548330e+00	-3.248512e+00	4.028614e-01	3.714995e-01	2.751572e-01	7.519063e-02	8.175765e-01	8.267454e-01	7.671100e+00	
6  24.7916	3.071108e+00	-5.111584e+00	3.618521e-01	-4.025583e+00	1.581692e+00	-3.113933e+00	4.468729e-01	3.737027e-01	2.760372e-01	6.875437e-02	6.977987e-01	8.267454e-01	7.671100e+00	
5  24.1976	3.071108e+00	-5.111584e+00	1.983128e-01	-4.187056e+00	1.561379e+00	-2.708424e+00	4.309044e-01	3.654049e-01	2.845735e-01	1.068622e-01	8.225214e-01	8.267454e-01	7.671100e+00	
20  26.5995	3.071108e+00	-5.111584e+00	1.649020e-01	-3.609946e+00	1.589163e+00	-2.672140e+00	4.261166e-01	3.870731e-01	3.063040e-01	1.033167e-01	7.449907e-01	8.267454e-01	7.671100e+00	
6  25.7443	3.071108e+00	-5.111584e+00	3.222343e-01	-3.277224e+00	1.609430e+00	-3.156556e+00	3.842615e-01	3.844945e-01	2.890201e-01	1.257455e-01	7.526079e-01	8.267454e-01	7.671100e+00	
1  25.4482	3.096493e+00	-5.130403e+00	3.222343e-01	-3.277224e+00	1.609430e+00	-3.156556e+00	3.842615e-01	3.844945e-01	2.890201e-01	1.257455e-01	7.526079e-01	8.249769e-01	7.671100e+00	
17  24.3505	3.096493e+00	-5.130403e+00	2.553203e-01	-3.425341e+00	1.513360e+00	-2.795678e+00	3.614950e-01	3.750798e-01	2.854912e-01	1.038116e-01	9.644773e-01	8.249769e-01	7.671100e+00	
3  24.02	3.096493e+00	-5.130403e+00	4.227002e-01	-4.459794e+00	1.432112e+00	-2.722265e+00	3.918221e-01	3.584542e-01	3.077802e-01	1.052982e-01	6.239746e-01	8.249769e-01	7.671100e+00	
2  25.7083	2.854415e+00	-4.849171e+00	4.227002e-01	-4.459794e+00	1.432112e+00	-2.722265e+00	3.918221e-01	3.584542e-01	3.077802e-01	1.052982e-01	6.239746e-01	8.285336e-01	7.671100e+00	
19  24.4017	2.854415e+00	-4.849171e+00	3.562475e-01	-4.294979e+00	1.381403e+00	-2.847201e+00	3.901703e-01	3.656161e-01	2.936374e-01	1.204700e-01	8.017921e-01	8.285336e-01	7.671100e+00	
8  24.2377	2.854415e+00	-4.849171e+00	2.494800e-01	-4.408491e+00	1.383848e+00	-2.856810e+00	3.951321e-01	3.777060e-01	3.048240e-01	1.078010e-01	8.648763e-01	8.285336e-01	7.671100e+00	
16  26.2979	2.854415e+00	-4.849171e+00	2.925798e-01	-4.723151e+00	1.417999e+00	-2.237637e+00	4.202341e-01	3.734641e-01	2.859432e-01	1.063715e-01	6.607959e-01	8.285336e-01	7.671100e+00	
38  25.9611	3.338235e+00	-4.709308e+00	2.925798e-01	-4.723151e+00	1.417999e+00	-2.237637e+00	4.202341e-01	3.734641e-01	2.859432e-01	1.063715e-01	6.607959e-01	8.273004e-01	7.671100e+00	
2  26.6189	3.338235e+00	-4.709308e+00	3.561876e-01	-4.561222e+00	1.446415e+00	-2.756966e+00	4.328469e-01	3.424762e-01	2.854628e-01	1.068586e-01	6.198042e-01	8.273004e-01	7.671100e+00	
8  24.9874	3.338235e+00	-4.709308e+00	4.863981e-01	-4.208575e+00	1.473009e+00	-3.053652e+00	4.309061e-01	3.379502e-01	2.921480e-01	8.500002e-02	5.874942e-01	8.273004e-01	7.671100e+00	
2  25.0215	3.338235e+00	-4.709308e+00	4.772983e-01	-3.808366e+00	1.490916e+00	-3.083145e+00	4.338182e-01	3.276878e-01	2.928223e-01	9.307643e-02	5.977682e-01	8.273004e-01	7.671100e+00	
6  24.0616	3.338235e+00	-4.709308e+00	2.997775e-01	-3.847094e+00	1.476171e+00	-2.906500e+00	4.080517e-01	3.527428e-01	2.813514e-01	1.202516e-01	9.464827e-01	8.273004e-01	7.671100e+00	
17  23.5995	3.338235e+00	-4.709308e+00	3.407076e-01	-4.240656e+00	1.443388e+00	-3.645929e+00	4.130142e-01	3.834461e-01	2.946443e-01	1.354600e-01	7.647073e-01	8.273004e-01	7.671100e+00	
8  23.8688	3.338235e+00	-4.709308e+00	3.387049e-01	-4.141747e+00	1.408845e+00	-3.858240e+00	4.303947e-01	3.926939e-01	2.704518e-01	1.167796e-01	7.642482e-01	8.273004e-01	7.671100e+00	
7  22.4256	3.338235e+00	-4.709308e+00	3.474577e-01	-4.263997e+00	1.392568e+00	-3.376416e+00	4.097221e-01	3.592464e-01	2.625081e-01	1.142488e-01	7.490293e-01	8.273004e-01	7.671100e+00	
10  22.5795	3.301410e+00	-4.401699e+00	3.474577e-01	-4.263997e+00	1.392568e+00	-3.376416e+00	4.097221e-01	3.592464e-01	2.625081e-01	1.142488e-01	7.490293e-01	8.285898e-01	7.671100e+00	
1  22.8049	3.026730e+00	-5.381414e+00	3.474577e-01	-4.263997e+00	1.392568e+00	-3.376416e+00	4.097221e-01	3.592464e-01	2.625081e-01	1.142488e-01	7.490293e-01	8.237150e-01	7.671100e+00	
1  23.3322	3.364110e+00	-5.206084e+00	3.474577e-01	-4.263997e+00	1.392568e+00	-3.376416e+00	4.097221e-01	3.592464e-01	2.625081e-01	1.142488e-01	7.490293e-01	8.249060e-01	7.671100e+00	
8  21.1107	3.364110e+00	-5.206084e+00	5.747978e-01	-4.086090e+00	1.354322e+00	-3.149243e+00	3.865434e-01	3.487698e-01	2.459150e-01	1.203678e-01	7.410221e-01	8.249060e-01	7.671100e+00	
9  20.6994	3.364110e+00	-5.206084e+00	4.458652e-01	-3.904900e+00	1.434430e+00	-3.042642e+00	3.869453e-01	3.380064e-01	2.509799e-01	1.104359e-01	8.611359e-01	8.249060e-01	7.671100e+00	
1  21.2553	3.364110e+00	-5.206084e+00	5.942714e-01	-4.156652e+00	1.469834e+00	-3.018949e+00	3.828028e-01	3.201941e-01	2.681600e-01	9.393589e-02	8.419432e-01	8.249060e-01	7.671100e+00	
10  20.1788	3.364110e+00	-5.206084e+00	6.914323e-01	-4.900174e+00	1.457741e+00	-2.929964e+00	3.829703e-01	2.888185e-01	2.835806e-01	8.601916e-02	5.898351e-01	8.249060e-01	7.671100e+00	
14  20.2346	3.364110e+00	-5.206084e+00	5.156057e-01	-4.836697e+00	1.531159e+00	-3.144958e+00	3.705038e-01	3.021632e-01	2.564930e-01	8.145297e-02	8.085113e-01	8.249060e-01	7.671100e+00	
1  20.4267	3.165089e+00	-5.278097e+00	5.156057e-01	-4.836697e+00	1.531159e+00	-3.144958e+00	3.705038e-01	3.021632e-01	2.564930e-01	8.145297e-02	8.085113e-01	8.327492e-01	7.671100e+00	
5  21.7612	3.467355e+00	-5.231441e+00	5.156057e-01	-4.836697e+00	1.531159e+00	-3.144958e+00	3.705038e-01	3.021632e-01	2.564930e-01	8.145297e-02	8.085113e-01	8.241671e-01	7.671100e+00	
1  21.8992	3.467355e+00	-5.231441e+00	2.241723e-01	-4.596590e+00	1.575321e+00	-3.057331e+00	4.014676e-01	3.113949e-01	2.718136e-01	6.848214e-02	9.215952e-01	8.241671e-01	7.671100e+00	
24  23.1256	3.467355e+00	-5.231441e+00	2.172892e-01	-4.628299e+00	1.568624e+00	-2.988278e+00	4.211001e-01	3.223458e-01	2.956180e-01	3.479358e-02	9.267910e-01	8.241671e-01	7.671100e+00	
13  22.9267	3.467355e+00	-5.231441e+00	4.747111e-01	-4.981761e+00	1.625176e+00	-3.197341e+00	3.921334e-01	3.179239e-01	2.779692e-01	2.911904e-02	7.179359e-01	8.241671e-01	7.671100e+00	
29  23.181	3.387777e+00	-5.066186e+00	4.747111e-01	-4.981761e+00	1.625176e+00	-3.197341e+00	3.921334e-01	3.179239e-01	2.779692e-01	2.911904e-02	7.179359e-01	8.234331e-01	7.671100e+00	
7  26.3097	3.387777e+00	-5.066186e+00	2.906918e-01	-4.652940e+00	1.576570e+00	-3.512108e+00	3.794461e-01	3.062736e-01	2.724726e-01	5.123589e-02	6.568638e-01	8.234331e-01	7.671100e+00	
4  23.9768	3.387777e+00	-5.066186e+00	4.876106e-01	-4.607360e+00	1.635198e+00	-3.530400e+00	3.893567e-01	2.822609e-01	2.512794e-01	6.052247e-02	5.284933e-01	8.234331e-01	7.671100e+00	
11  23.1373	3.387777e+00	-5.066186e+00	5.113816e-01	-4.288541e+00	1.697450e+00	-3.935525e+00	3.858316e-01	2.997123e-01	2.529811e-01	3.808155e-02	6.316928e-01	8.234331e-01	7.671100e+00	
37  21.9919	3.387777e+00	-5.066186e+00	4.119894e-01	-4.703851e+00	1.668303e+00	-4.401197e+00	3.916181e-01	3.272862e-01	2.507678e-01	4.213062e-02	7.157900e-01	8.234331e-01	7.671100e+00	
4  22.3576	2.920845e+00	-4.967112e+00	4.119894e-01	-4.703851e+00	1.668303e+00	-4.401197e+00	3.916181e-01	3.272862e-01	2.507678e-01	4.213062e-02	7.157900e-01	8.321035e-01	7.671100e+00	
23  22.2401	2.920845e+00	-4.967112e+00	4.263741e-01	-4.429113e+00	1.688568e+00	-4.935578e+00	4.129409e-01	3.209394e-01	2.436635e-01	3.087437e-02	6.392479e-01	8.321035e-01	7.671100e+00	
1  22.0615	2.920845e+00	-4.967112e+00	3.448545e-01	-4.066419e+00	1.674723e+00	-4.781876e+00	4.490711e-01	3.393644e-01	2.399416e-01	4.953372e-02	7.150619e-01	8.321035e-01	7.671100e+00	
3  23.8291	2.920845e+00	-4.967112e+00	1.647491e-01	-3.878325e+00	1.661129e+00	-4.458801e+00	4.583595e-01	3.489215e-01	2.098582e-01	6.865273e-02	9.925958e-01	8.321035e-01	7.671100e+00	
10  24.6859	2.920845e+00	-4.967112e+00	1.939491e-01	-3.813079e+00	1.685918e+00	-4.431424e+00	4.992736e-01	3.399465e-01	1.923312e-01	7.352710e-02	9.132701e-01	8.321035e-01	7.671100e+00	
31  25.4564	2.920845e+00	-4.967112e+00	2.076530e-01	-4.267133e+00	1.691078e+00	-4.503947e+00	5.270972e-01	3.512498e-01	1.924050e-01	9.088611e-02	8.135825e-01	8.321035e-01	7.671100e+00	
5  25.1377	2.920845e+00	-4.967112e+00	1.246148e-01	-3.742301e+00	1.645891e+00	-4.571029e+00	5.044608e-01	3.718606e-01	2.028711e-01	9.401189e-02	9.398950e-01	8.321035e-01	7.671100e+00	
11  24.9417	3.026388e+00	-5.512599e+00	1.246148e-01	-3.742301e+00	1.645891e+00	-4.571029e+00	5.044608e-01	3.718606e-01	2.028711e-01	9.401189e-02	9.398950e-01	8.240577e-01	7.671100e+00	
17  24.8068	3.461107e+00	-5.519460e+00	1.246148e-01	-3.742301e+00	1.645891e+00	-4.571029e+00	5.044608e-01	3.718606e-01	2.028711e-01	9.401189e-02	9.398950e-01	8.312334e-01	7.671100e+00	
21  26.1505	3.461107e+00	-5.519460e+00	2.306726e-01	-3.555372e+00	1.654471e+00	-4.190809e+00	5.030668e-01	3.447114e-01	1.866358e-01	7.593490e-02	6.988619e-01	8.312334e-01	7.671100e+00	
21  26.3071	3.461107e+00	-5.519460e+00	4.851752e-01	-3.354624e+00	1.675550e+00	-4.207693e+00	4.982660e-01	3.512254e-01	2.110541e-01	1.122675e-01	6.628803e-01	8.312334e-01	7.671100e+00	
1  26.374	3.461107e+00	-5.519460e+00	4.562610e-01	-3.879566e+00	1.618506e+00	-4.299702e+00	4.938210e-01	3.447807e-01	1.832257e-01	8.778207e-02	5.112108e-01	8.312334e-01	7.671100e+00	
1  29.7813	3.461107e+00	-5.519460e+00	6.024541e-01	-4.482358e+00	1.617957e+00	-3.925824e+00	4.679689e-01	3.656038e-01	1.800995e-01	1.007105e-01	4.737804e-01	8.312334e-01	7.671100e+00	
6  30.1485	3.461107e+00	-5.519460e+00	4.835939e-01	-4.703591e+00	1.626444e+00	-3.433115e+00	4.965722e-01	3.427541e-01	1.872888e-01	7.811180e-02	8.099603e-01	8.312334e-01	7.671100e+00	
2  29.8415	3.434334e+00	-5.501244e+00	4.835939e-01	-4.703591e+00	1.626444e+00	-3.433115e+00	4.965722e-01	3.427541e-01	1.872888e-01	7.811180e-02	8.099603e-01	8.304288e-01	7.671100e+00	
19  24.4816	3.434334e+00	-5.501244e+00	2.027943e-01	-4.945640e+00	1.647320e+00	-3.597102e+00	4.857379e-01	3.444127e-01	1.985880e-01	6.466085e-02	8.996423e-01	8.304288e-01	7.671100e+00	
5  24.8223	3.403742e+00	-5.334544e+00	2.027943e-01	-4.945640e+00	1.647320e+00	-3.597102e+00	4.857379e-01	3.444127e-01	1.985880e-01	6.466085e-02	8.996423e-01	8.322122e-01	7.671100e+00	
4  25.3569	3.403742e+00	-5.334544e+00	1.897364e-01	-4.381483e+00	1.608537e+00	-3.026496e+00	4.723321e-01	3.484083e-01	2.116241e-01	6.438988e-02	7.051564e-01	8.322122e-01	7.671100e+00	
5  23.8006	3.403742e+00	-5.334544e+00	1.262471e-01	-4.569537e+00	1.595980e+00	-3.043961e+00	4.556342e-01	3.575333e-01	2.123752e-01	6.362390e-02	8.740181e-01	8.322122e-01	7.671100e+00	
14  24.4113	3.403742e+00	-5.334544e+00	5.498133e-01	-4.915521e+00	1.637097e+00	-3.334210e+00	4.494544e-01	3.350719e-01	2.028896e-01	7.010181e-02	6.463704e-01	8.322122e-01	7.671100e+00	
7  24.372	3.403742e+00	-5.334544e+00	4.584519e-01	-4.451790e+00	1.615808e+00	-2.999175e+00	4.451296e-01	3.510802e-01	2.377327e-01	6.371797e-02	5.305546e-01	8.322122e-01	7.671100e+00	
30  23.6771	3.403742e+00	-5.334544e+00	1.991461e-01	-4.163861e+00	1.630615e+00	-2.704719e+00	4.480138e-01	3.738802e-01	2.227953e-01	7.916293e-02	7.524075e-01	8.322122e-01	7.671100e+00	
8  25.9572	3.403742e+00	-5.334544e+00	1.848975e-01	-3.830374e+00	1.596124e+00	-2.635627e+00	4.598525e-01	3.999483e-01	2.591169e-01	9.221197e-02	8.116546e-01	8.322122e-01	7.671100e+00	
17  25.0347	3.403742e+00	-5.334544e+00	9.277511e-02	-4.012628e+00	1.681605e+00	-3.124029e+00	4.511701e-01	4.288968e-01	2.338032e-01	6.453971e-02	9.895540e-01	8.322122e-01	7.671100e+00	
2  25.0861	3.403742e+00	-5.334544e+00	1.523090e-02	-4.487632e+00	1.696458e+00	-2.990547e+00	4.691644e-01	3.987822e-01	2.438085e-01	2.477255e-02	7.788201e-01	8.322122e-01	7.671100e+00	
4  23.8762	3.403742e+00	-5.334544e+00	3.371525e-02	-4.351407e+00	1.656038e+00	-2.601766e+00	4.137739e-01	3.727443e-01	2.321662e-01	4.801032e-02	8.237056e-01	8.322122e-01	7.671100e+00	
28  23.5406	3.403742e+00	-5.334544e+00	1.653645e-01	-4.429293e+00	1.628999e+00	-2.277959e+00	4.189299e-01	3.774279e-01	2.394371e-01	6.288544e-02	8.890913e-01	8.322122e-01	7.671100e+00	
2  24.2115	3.403742e+00	-5.334544e+00	3.227668e-01	-4.084015e+00	1.542579e+00	-2.578355e+00	4.052686e-01	4.149373e-01	2.153587e-01	6.084645e-02	7.335079e-01	8.322122e-01	7.671100e+00	
1  24.6765	3.403742e+00	-5.334544e+00	4.089458e-01	-3.837794e+00	1.482426e+00	-1.971353e+00	4.031873e-01	4.077078e-01	2.044165e-01	6.198129e-02	5.399621e-01	8.322122e-01	7.671100e+00	
38  24.4139	3.403742e+00	-5.334544e+00	1.485899e-01	-3.987624e+00	1.489668e+00	-1.943109e+00	4.072078e-01	4.177522e-01	2.127470e-01	3.703649e-02	6.843445e-01	8.322122e-01	7.671100e+00	
12  24.8456	3.221584e+00	-5.532647e+00	1.485899e-01	-3.987624e+00	1.489668e+00	-1.943109e+00	4.072078e-01	4.177522e-01	2.127470e-01	3.703649e-02	6.843445e-01	8.294479e-01	7.671100e+00	
3  24.504	2.987863e+00	-4.505112e+00	1.485899e-01	-3.987624e+00	1.489668e+00	-1.943109e+00	4.072078e-01	4.177522e-01	2.127470e-01	3.703649e-02	6.843445e-01	8.330760e-01	7.671100e+00	
34  24.1109	2.987863e+00	-4.505112e+00	1.429805e-01	-4.319837e+00	1.505564e+00	-2.881168e+00	4.391518e-01	4.046894e-01	2.174477e-01	5.682844e-02	8.216077e-01	8.330760e-01	7.671100e+00	
28  23.4299	2.987863e+00	-4.505112e+00	9.603592e-02	-3.818022e+00	1.441235e+00	-2.636617e+00	4.117287e-01	4.206443e-01	2.276348e-01	6.196339e-02	9.030494e-01	8.330760e-01	7.671100e+00	
5  24.479	3.227698e+00	-5.624157e+00	9.603592e-02	-3.818022e+00	1.441235e+00	-2.636617e+00	4.117287e-01	4.206443e-01	2.276348e-01	6.196339e-02	9.030494e-01	8.237310e-01	7.671100e+00	
18  25.976	3.227698e+00	-5.624157e+00	3.158536e-01	-4.034801e+00	1.404221e+00	-2.747667e+00	4.299532e-01	4.132401e-01	2.041322e-01	1.023213e-01	7.685838e-01	8.237310e-01	7.671100e+00	
3  26.9603	3.239033e+00	-5.670843e+00	3.158536e-01	-4.034801e+00	1.404221e+00	-2.747667e+00	4.299532e-01	4.132401e-01	2.041322e-01	1.023213e-01	7.685838e-01	8.322940e-01	7.671100e+00	
5  26.53	3.239033e+00	-5.670843e+00	3.728580e-01	-4.023948e+00	1.412336e+00	-3.107926e+00	4.300300e-01	4.132625e-01	2.051991e-01	9.413164e-02	5.567230e-01	8.322940e-01	7.671100e+00	
28  24.6143	3.239033e+00	-5.670843e+00	2.953036e-01	-3.941674e+00	1.426230e+00	-2.571643e+00	4.067122e-01	3.957123e-01	1.814594e-01	1.013318e-01	7.272398e-01	8.322940e-01	7.671100e+00	
5  24.3101	3.239033e+00	-5.670843e+00	5.586092e-02	-4.220939e+00	1.396431e+00	-3.091867e+00	4.119136e-01	3.780272e-01	2.019511e-01	8.220390e-02	9.158702e-01	8.322940e-01	7.671100e+00	
6  24.727	3.239033e+00	-5.670843e+00	1.507157e-01	-3.908121e+00	1.406752e+00	-3.239089e+00	4.229316e-01	3.619283e-01	2.112319e-01	1.105403e-01	9.695339e-01	8.322940e-01	7.671100e+00	
8  23.9503	3.239033e+00	-5.670843e+00	2.667598e-01	-4.340086e+00	1.417992e+00	-3.795459e+00	4.069738e-01	3.776613e-01	1.979802e-01	1.238341e-01	7.828291e-01	8.322940e-01	7.671100e+00	
24  24.11	3.555651e+00	-5.129343e+00	2.667598e-01	-4.340086e+00	1.417992e+00	-3.795459e+00	4.069738e-01	3.776613e-01	1.979802e-01	1.238341e-01	7.828291e-01	8.240645e-01	7.671100e+00	
20  22.7069	3.555651e+00	-5.129343e+00	3.414804e-01	-4.119972e+00	1.368735e+00	-3.159358e+00	3.875489e-01	3.757980e-01	2.042196e-01	1.089407e-01	7.309263e-01	8.240645e-01	7.671100e+00	
3  22.6368	3.370447e+00	-5.125235e+00	3.414804e-01	-4.119972e+00	1.368735e+00	-3.159358e+00	3.875489e-01	3.757980e-01	2.042196e-01	1.089407e-01	7.309263e-01	8.303259e-01	7.671100e+00	
16  21.4975	3.370447e+00	-5.125235e+00	5.744666e-01	-4.061429e+00	1.349323e+00	-2.301675e+00	3.809242e-01	3.784627e-01	2.052250e-01	8.984660e-02	3.971853e-01	8.303259e-01	7.671100e+00	
2  21.9946	3.370447e+00	-5.125235e+00	4.489508e-01	-4.395315e+00	1.400990e+00	-1.478063e+00	3.606155e-01	3.555012e-01	1.793417e-01	6.357118e-02	6.351046e-01	8.303259e-01	7.671100e+00	
27  22.2178	3.387681e+00	-4.261838e+00	4.489508e-01	-4.395315e+00	1.400990e+00	-1.478063e+00	3.606155e-01	3.555012e-01	1.793417e-01	6.357118e-02	6.351046e-01	8.225738e-01	7.671100e+00	
31  19.6813	3.387681e+00	-4.261838e+00	6.946920e-01	-4.470784e+00	1.350135e+00	-1.553987e+00	3.832185e-01	3.147224e-01	1.837506e-01	7.347435e-02	3.627206e-01	8.225738e-01	7.671100e+00	
9  21.334	3.387681e+00	-4.261838e+00	8.694826e-01	-4.649035e+00	1.370010e+00	-1.219404e+00	4.026032e-01	3.065192e-01	1.856392e-01	9.129666e-02	2.879220e-01	8.225738e-01	7.671100e+00	
40  21.1173	3.261405e+00	-4.183027e+00	8.694826e-01	-4.649035e+00	1.370010e+00	-1.219404e+00	4.026032e-01	3.065192e-01	1.856392e-01	9.129666e-02	2.879220e-01	8.284913e-01	7.671100e+00	
91  18.3103	3.261405e+00	-4.183027e+00	7.511735e-01	-4.545781e+00	1.457652e+00	-1.278501e+00	3.788025e-01	2.961417e-01	1.772602e-01	5.800638e-02	1.891399e-01	8.284913e-01	7.671100e+00	
1  18.657	3.249467e+00	-4.765276e+00	7.511735e-01	-4.545781e+00	1.457652e+00	-1.278501e+00	3.788025e-01	2.961417e-01	1.772602e-01	5.800638e-02	1.891399e-01	8.258669e-01	7.671100e+00	
79  17.8768	3.439573e+00	-4.141889e+00	7.511735e-01	-4.545781e+00	1.457652e+00	-1.278501e+00	3.788025e-01	2.961417e-01	1.772602e-01	5.800638e-02	1.891399e-01	8.240028e-01	7.671100e+00	
2  21.7194	3.439573e+00	-4.141889e+00	7.062613e-01	-3.959007e+00	1.361050e+00	-1.370428e+00	3.597410e-01	3.286899e-01	1.985888e-01	9.125432e-02	5.663084e-01	8.240028e-01	7.671100e+00	
1  21.5937	3.439573e+00	-4.141889e+00	6.946338e-01	-3.629891e+00	1.373148e+00	-1.124317e+00	3.885901e-01	3.420175e-01	1.921158e-01	9.990181e-02	3.386812e-01	8.240028e-01	7.671100e+00	
2  20.6892	3.439573e+00	-4.141889e+00	6.602836e-01	-3.753790e+00	1.307992e+00	-9.304128e-01	3.826090e-01	3.419504e-01	2.005237e-01	8.643597e-02	3.376993e-01	8.240028e-01	7.671100e+00	
9  24.84	3.439573e+00	-4.141889e+00	9.115226e-01	-4.427812e+00	1.304996e+00	-9.952770e-01	3.711658e-01	3.481722e-01	2.249117e-01	7.197704e-02	1.649759e-01	8.240028e-01	7.671100e+00	
9  25.2023	3.439573e+00	-4.141889e+00	8.910943e-01	-4.766598e+00	1.281404e+00	-1.642624e+00	3.607990e-01	3.752597e-01	1.939610e-01	5.989342e-02	2.521186e-01	8.240028e-01	7.671100e+00	
1  24.0628	3.439573e+00	-4.141889e+00	9.698562e-01	-4.885551e+00	1.229521e+00	-1.509389e+00	3.686817e-01	3.525361e-01	2.021163e-01	8.788153e-02	5.458818e-01	8.240028e-01	7.671100e+00	
1  24.6419	3.439573e+00	-4.141889e+00	9.956472e-01	-4.900091e+00	1.292870e+00	-1.329767e+00	3.667075e-01	3.525868e-01	2.230180e-01	5.964187e-02	6.834448e-01	8.240028e-01	7.671100e+00	
6  24.2845	3.439573e+00	-4.141889e+00	1.055312e+00	-4.863559e+00	1.253243e+00	-1.112685e+00	3.767623e-01	3.525191e-01	2.268977e-01	6.883964e-02	7.216307e-01	8.240028e-01	7.671100e+00	
3  24.2478	3.614757e+00	-4.654160e+00	1.055312e+00	-4.863559e+00	1.253243e+00	-1.112685e+00	3.767623e-01	3.525191e-01	2.268977e-01	6.883964e-02	7.216307e-01	8.233344e-01	7.671100e+00	
1  22.8105	3.614757e+00	-4.654160e+00	8.742285e-01	-4.161728e+00	1.230360e+00	-7.705472e-01	3.696434e-01	3.302187e-01	2.335612e-01	8.466240e-02	7.861698e-01	8.233344e-01	7.671100e+00	
7  21.8985	3.614757e+00	-4.654160e+00	9.252240e-01	-4.515077e+00	1.162450e+00	-4.631300e-01	3.792227e-01	3.355770e-01	2.181328e-01	7.473391e-02	2.530581e-01	8.233344e-01	7.671100e+00	
4  23.263	3.523940e+00	-4.632346e+00	9.252240e-01	-4.515077e+00	1.162450e+00	-4.631300e-01	3.792227e-01	3.355770e-01	2.181328e-01	7.473391e-02	2.530581e-01	8.261471e-01	7.671100e+00	
28  21.9675	3.523940e+00	-4.632346e+00	8.659482e-01	-4.714647e+00	1.201578e+00	-6.431051e-02	3.973816e-01	3.226748e-01	1.974040e-01	8.284662e-02	4.748922e-01	8.261471e-01	7.671100e+00	
23  21.508	3.144813e+00	-5.685696e+00	8.659482e-01	-4.714647e+00	1.201578e+00	-6.431051e-02	3.973816e-01	3.226748e-01	1.974040e-01	8.284662e-02	4.748922e-01	8.296216e-01	7.671100e+00	
1  23.6012	3.485111e+00	-5.773902e+00	8.659482e-01	-4.714647e+00	1.201578e+00	-6.431051e-02	3.973816e-01	3.226748e-01	1.974040e-01	8.284662e-02	4.748922e-01	8.303792e-01	7.671100e+00	
5  24.6861	3.485111e+00	-5.773902e+00	7.024239e-01	-4.402592e+00	1.179664e+00	-2.376707e-01	3.825466e-01	2.963951e-01	1.888090e-01	1.082171e-01	2.495820e-01	8.303792e-01	7.671100e+00	
6  22.1324	3.485111e+00	-5.773902e+00	6.697975e-01	-4.577162e+00	1.210911e+00	-4.251394e-01	3.573108e-01	3.354077e-01	1.896690e-01	9.429801e-02	3.463810e-01	8.303792e-01	7.671100e+00	
6  21.7748	3.485111e+00	-5.773902e+00	6.434671e-01	-4.447687e+00	1.178814e+00	-3.175236e-01	3.721210e-01	3.293932e-01	2.171252e-01	7.425005e-02	3.789853e-01	8.303792e-01	7.671100e+00	
3  21.9277	3.485111e+00	-5.773902e+00	6.951723e-01	-4.538566e+00	1.195763e+00	8.085326e-02	3.562242e-01	3.342111e-01	1.700438e-01	5.115524e-02	3.226804e-01	8.303792e-01	7.671100e+00	
21  23.3122	3.547814e+00	-5.398849e+00	6.951723e-01	-4.538566e+00	1.195763e+00	8.085326e-02	3.562242e-01	3.342111e-01	1.700438e-01	5.115524e-02	3.226804e-01	8.291912e-01	7.671100e+00	
23  21.3823	3.547814e+00	-5.398849e+00	5.182029e-01	-4.821675e+00	1.257859e+00	-6.665911e-02	3.800238e-01	3.527886e-01	2.002588e-01	2.402035e-02	5.013490e-01	8.291912e-01	7.671100e+00	
17  21.3061	3.055198e+00	-5.195690e+00	5.182029e-01	-4.821675e+00	1.257859e+00	-6.665911e-02	3.800238e-01	3.527886e-01	2.002588e-01	2.402035e-02	5.013490e-01	8.276106e-01	7.671100e+00	
24  23.3385	3.055198e+00	-5.195690e+00	6.235185e-01	-3.533989e+00	1.317602e+00	2.520584e-01	3.588201e-01	3.324735e-01	1.742690e-01	2.422452e-02	3.092557e-01	8.276106e-01	7.671100e+00	
24  21.7718	3.055198e+00	-5.195690e+00	6.540182e-01	-4.320329e+00	1.267435e+00	3.430252e-01	3.753254e-01	3.098336e-01	1.607954e-01	5.326869e-02	3.049297e-01	8.276106e-01	7.671100e+00	
26  23.1052	3.055198e+00	-5.195690e+00	8.196196e-01	-3.991781e+00	1.320524e+00	1.444425e-01	3.688534e-01	3.296887e-01	1.785585e-01	5.280544e-02	3.827541e-01	8.276106e-01	7.671100e+00	
17  22.4231	3.055198e+00	-5.195690e+00	6.012030e-01	-4.606534e+00	1.290394e+00	4.833108e-01	3.815513e-01	3.612464e-01	1.857825e-01	5.603106e-02	5.162172e-01	8.276106e-01	7.671100e+00	
30  21.7351	3.055198e+00	-5.195690e+00	6.278792e-01	-4.989392e+00	1.319334e+00	6.526003e-01	3.693144e-01	3.497469e-01	1.907123e-01	5.630538e-02	4.641222e-01	8.276106e-01	7.671100e+00	
1  22.2575	3.055198e+00	-5.195690e+00	6.783050e-01	-4.447230e+00	1.278771e+00	1.014431e-01	3.646886e-01	3.442808e-01	1.743303e-01	8.992248e-02	3.364938e-01	8.276106e-01	7.671100e+00	
