23  21.3073	3.481090e+00	-5.634851e+00	8.091208e-01	-4.686667e+00	1.483571e+00	-1.373240e+00	3.611472e-01	2.833681e-01	1.782204e-01	7.344309e-02	6.151408e-01	8.308801e-01	7.671100e+00	
39  20.5698	3.481090e+00	-5.634851e+00	7.120628e-01	-3.946113e+00	1.513908e+00	-1.486508e+00	3.702144e-01	2.881065e-01	1.751827e-01	4.970720e-02	5.755721e-01	8.308801e-01	7.671100e+00	
10  22.0256	3.571263e+00	-5.409317e+00	7.120628e-01	-3.946113e+00	1.513908e+00	-1.486508e+00	3.702144e-01	2.881065e-01	1.751827e-01	4.970720e-02	5.755721e-01	8.322612e-01	7.671100e+00	
47  21.0608	3.164098e+00	-5.299173e+00	7.120628e-01	-3.946113e+00	1.513908e+00	-1.486508e+00	3.702144e-01	2.881065e-01	1.751827e-01	4.970720e-02	5.755721e-01	8.327694e-01	7.671100e+00	
8  23.4143	3.164098e+00	-5.299173e+00	5.714983e-01	-4.278210e+00	1.471735e+00	-1.022201e+00	3.872582e-01	2.719330e-01	2.184205e-01	5.874271e-02	5.210676e-01	8.327694e-01	7.671100e+00	
1  23.1142	3.590857e+00	-4.841318e+00	5.714983e-01	-4.278210e+00	1.471735e+00	-1.022201e+00	3.872582e-01	2.719330e-01	2.184205e-01	5.874271e-02	5.210676e-01	8.267894e-01	7.671100e+00	
10  23.7083	3.434122e+00	-5.095588e+00	5.714983e-01	-4.278210e+00	1.471735e+00	-1.022201e+00	3.872582e-01	2.719330e-01	2.184205e-01	5.874271e-02	5.210676e-01	8.303453e-01	7.671100e+00	
5  23.3123	3.404538e+00	-5.071525e+00	5.714983e-01	-4.278210e+00	1.471735e+00	-1.022201e+00	3.872582e-01	2.719330e-01	2.184205e-01	5.874271e-02	5.210676e-01	8.323510e-01	7.671100e+00	
5  22.5772	3.404538e+00	-5.071525e+00	6.963179e-01	-4.407438e+00	1.452181e+00	-5.567505e-01	3.631395e-01	2.823944e-01	2.127775e-01	5.560547e-02	7.429287e-01	8.323510e-01	7.671100e+00	
182  23.2451	3.404538e+00	-5.071525e+00	4.857737e-01	-4.865223e+00	1.455694e+00	-7.575142e-01	3.620273e-01	2.787176e-01	2.015208e-01	3.012395e-02	9.424676e-01	8.323510e-01	7.671100e+00	
9  21.779	3.404538e+00	-5.071525e+00	4.897073e-01	-4.600754e+00	1.414667e+00	-9.756125e-01	3.694483e-01	2.977222e-01	2.137910e-01	2.835595e-02	5.235842e-01	8.323510e-01	7.671100e+00	
2  21.7308	3.404538e+00	-5.071525e+00	5.874826e-01	-4.452430e+00	1.466898e+00	-1.085138e+00	3.733592e-01	3.034329e-01	2.030587e-01	6.775878e-02	8.161007e-01	8.323510e-01	7.671100e+00	
17  19.1539	3.404538e+00	-5.071525e+00	7.691428e-01	-4.320879e+00	1.428611e+00	-1.370230e+00	3.863132e-01	2.947842e-01	1.827913e-01	7.992927e-02	1.065720e-01	8.323510e-01	7.671100e+00	
23  19.266	3.620722e+00	-5.334175e+00	7.691428e-01	-4.320879e+00	1.428611e+00	-1.370230e+00	3.863132e-01	2.947842e-01	1.827913e-01	7.992927e-02	1.065720e-01	8.284463e-01	7.671100e+00	
10  19.6627	3.233835e+00	-5.387341e+00	7.691428e-01	-4.320879e+00	1.428611e+00	-1.370230e+00	3.863132e-01	2.947842e-01	1.827913e-01	7.992927e-02	1.065720e-01	8.283146e-01	7.671100e+00	
2  18.9174	3.082755e+00	-5.588627e+00	7.691428e-01	-4.320879e+00	1.428611e+00	-1.370230e+00	3.863132e-01	2.947842e-01	1.827913e-01	7.992927e-02	1.065720e-01	8.301936e-01	7.671100e+00	
25  19.7174	3.082755e+00	-5.588627e+00	7.953073e-01	-4.264422e+00	1.412365e+00	-3.493423e-01	3.769343e-01	2.977414e-01	1.871033e-01	6.968867e-02	1.747985e-01	8.301936e-01	7.671100e+00	
4  21.1582	3.082755e+00	-5.588627e+00	7.004224e-01	-3.867201e+00	1.403861e+00	-1.368577e-02	3.575059e-01	3.024254e-01	1.861520e-01	4.288007e-02	2.710698e-01	8.301936e-01	7.671100e+00	
59  21.4646	3.082755e+00	-5.588627e+00	8.682305e-01	-3.811819e+00	1.301520e+00	5.834908e-01	3.714234e-01	3.042525e-01	1.662089e-01	6.092899e-02	8.128318e-02	8.301936e-01	7.671100e+00	
4  21.5179	3.082755e+00	-5.588627e+00	7.320488e-01	-3.880561e+00	1.317544e+00	4.314233e-01	3.449442e-01	3.028579e-01	1.734872e-01	5.843142e-02	9.363834e-02	8.301936e-01	7.671100e+00	
16  19.2014	3.082755e+00	-5.588627e+00	7.885925e-01	-4.400176e+00	1.280402e+00	7.642462e-01	3.632791e-01	2.964095e-01	1.557042e-01	6.387501e-02	1.189479e-02	8.301936e-01	7.671100e+00	
138  19.1065	3.587939e+00	-5.717459e+00	7.885925e-01	-4.400176e+00	1.280402e+00	7.642462e-01	3.632791e-01	2.964095e-01	1.557042e-01	6.387501e-02	1.189479e-02	8.258042e-01	7.671100e+00	
21  21.3707	3.587939e+00	-5.717459e+00	7.833326e-01	-3.887364e+00	1.245562e+00	8.646092e-01	3.629280e-01	3.239956e-01	1.792816e-01	7.506562e-02	1.450568e-01	8.258042e-01	7.671100e+00	
8  22.9572	3.587939e+00	-5.717459e+00	6.323859e-01	-3.332495e+00	1.258380e+00	1.036625e+00	3.940349e-01	3.373414e-01	1.879429e-01	5.760881e-02	3.850944e-01	8.258042e-01	7.671100e+00	
10  23.7795	3.587939e+00	-5.717459e+00	7.580667e-01	-3.302803e+00	1.238343e+00	3.742839e-01	3.960194e-01	3.304413e-01	2.159667e-01	6.082667e-02	7.180101e-01	8.258042e-01	7.671100e+00	
2  23.8674	3.471662e+00	-5.815658e+00	7.580667e-01	-3.302803e+00	1.238343e+00	3.742839e-01	3.960194e-01	3.304413e-01	2.159667e-01	6.082667e-02	7.180101e-01	8.225204e-01	7.671100e+00	
23  23.0819	3.471662e+00	-5.815658e+00	5.560718e-01	-2.718303e+00	1.259381e+00	5.360449e-01	3.858157e-01	3.172783e-01	2.231087e-01	5.251823e-02	6.903580e-01	8.225204e-01	7.671100e+00	
22  22.8471	3.471662e+00	-5.815658e+00	7.018290e-01	-2.624209e+00	1.242606e+00	-1.639636e-01	3.870246e-01	3.253228e-01	2.309422e-01	7.416704e-02	6.630601e-01	8.225204e-01	7.671100e+00	
17  22.3826	3.471662e+00	-5.815658e+00	5.330349e-01	-2.896564e+00	1.221238e+00	-1.787197e-01	3.699278e-01	3.430860e-01	2.367358e-01	7.316091e-02	7.655734e-01	8.225204e-01	7.671100e+00	
9  22.7136	3.471662e+00	-5.815658e+00	3.928725e-01	-2.660363e+00	1.209206e+00	-6.309895e-01	3.912192e-01	3.711019e-01	2.176307e-01	6.555707e-02	8.924208e-01	8.225204e-01	7.671100e+00	
13  23.0554	3.471662e+00	-5.815658e+00	4.043066e-01	-2.868458e+00	1.242141e+00	-8.321661e-01	3.934653e-01	3.693649e-01	2.123001e-01	2.977748e-02	7.707353e-01	8.225204e-01	7.671100e+00	
28  22.2351	3.471662e+00	-5.815658e+00	4.790932e-01	-3.404385e+00	1.288816e+00	-1.119868e+00	3.797054e-01	3.750895e-01	2.074595e-01	2.463569e-02	5.879277e-01	8.225204e-01	7.671100e+00	
9  21.3672	3.471662e+00	-5.815658e+00	4.567049e-01	-3.342576e+00	1.305503e+00	-1.299331e+00	3.740876e-01	3.527930e-01	2.225179e-01	3.697582e-02	6.185512e-01	8.225204e-01	7.671100e+00	
24  20.6578	3.471662e+00	-5.815658e+00	6.551363e-01	-3.009691e+00	1.322936e+00	-1.086705e+00	3.892777e-01	3.245217e-01	2.084507e-01	6.686358e-02	3.679243e-01	8.225204e-01	7.671100e+00	
22  21.192	3.471662e+00	-5.815658e+00	6.910084e-01	-2.753277e+00	1.372550e+00	-1.438680e+00	3.757483e-01	3.351104e-01	2.248393e-01	6.164327e-02	4.042704e-01	8.225204e-01	7.671100e+00	
4  23.191	3.471662e+00	-5.815658e+00	3.960087e-01	-2.739557e+00	1.358893e+00	-1.661763e+00	3.914540e-01	3.181833e-01	2.304889e-01	5.058643e-02	6.360628e-01	8.225204e-01	7.671100e+00	
6  22.7136	3.471662e+00	-5.815658e+00	5.291341e-01	-2.167542e+00	1.317278e+00	-1.689792e+00	3.768286e-01	3.242917e-01	2.795528e-01	5.498184e-02	7.913051e-01	8.225204e-01	7.671100e+00	
52  21.9702	3.471662e+00	-5.815658e+00	6.166967e-01	-1.269095e+00	1.320781e+00	-2.021277e+00	3.673324e-01	3.258035e-01	2.495067e-01	7.951141e-02	5.010021e-01	8.225204e-01	7.671100e+00	
9  22.1423	3.082280e+00	-4.921608e+00	6.166967e-01	-1.269095e+00	1.320781e+00	-2.021277e+00	3.673324e-01	3.258035e-01	2.495067e-01	7.951141e-02	5.010021e-01	8.291878e-01	7.671100e+00	
6  23.0757	3.082280e+00	-4.921608e+00	6.233035e-01	-1.780357e+00	1.398352e+00	-2.320146e+00	3.668234e-01	3.253201e-01	2.295759e-01	1.255118e-01	6.312275e-01	8.291878e-01	7.671100e+00	
3  22.7542	3.082280e+00	-4.921608e+00	3.164138e-01	-1.835285e+00	1.436971e+00	-2.104412e+00	3.764455e-01	2.968882e-01	2.400047e-01	1.306029e-01	9.565074e-01	8.291878e-01	7.671100e+00	
6  23.8342	3.082280e+00	-4.921608e+00	2.166085e-01	-1.286485e+00	1.497333e+00	-2.094062e+00	3.705146e-01	2.900690e-01	2.592971e-01	1.126012e-01	9.984140e-01	8.291878e-01	7.671100e+00	
16  23.8479	3.082280e+00	-4.921608e+00	2.710268e-01	-1.910050e+00	1.522699e+00	-2.848965e+00	3.722703e-01	2.960308e-01	2.620479e-01	1.369577e-01	8.952479e-01	8.291878e-01	7.671100e+00	
22  24.0949	3.082280e+00	-4.921608e+00	2.613820e-01	-1.855144e+00	1.556481e+00	-2.398261e+00	3.827387e-01	3.229730e-01	2.744447e-01	1.369044e-01	9.024073e-01	8.291878e-01	7.671100e+00	
7  24.0987	3.082280e+00	-4.921608e+00	4.315588e-01	-1.782802e+00	1.503301e+00	-2.605529e+00	4.155325e-01	3.311963e-01	2.678226e-01	1.136759e-01	6.343572e-01	8.291878e-01	7.671100e+00	
2  25.5765	3.082280e+00	-4.921608e+00	4.749926e-01	-1.749490e+00	1.477193e+00	-2.643156e+00	4.313206e-01	3.017223e-01	2.355768e-01	9.200570e-02	8.299783e-01	8.291878e-01	7.671100e+00	
26  26.216	3.082280e+00	-4.921608e+00	5.260068e-01	-1.305922e+00	1.526072e+00	-2.401314e+00	4.205560e-01	3.002111e-01	2.280859e-01	9.132367e-02	8.449285e-01	8.291878e-01	7.671100e+00	
9  25.6543	3.082280e+00	-4.921608e+00	6.911006e-01	-8.310809e-01	1.522264e+00	-2.224262e+00	4.054302e-01	2.883588e-01	2.043140e-01	9.909132e-02	7.786248e-01	8.291878e-01	7.671100e+00	
7  25.8058	3.082280e+00	-4.921608e+00	5.277598e-01	-9.457446e-01	1.572317e+00	-2.080720e+00	4.092028e-01	2.783878e-01	2.135900e-01	1.151809e-01	7.776241e-01	8.291878e-01	7.671100e+00	
4  29.5219	3.082280e+00	-4.921608e+00	4.112565e-01	-1.055799e+00	1.540676e+00	-2.415698e+00	3.899614e-01	2.760905e-01	2.111911e-01	1.068290e-01	5.630134e-01	8.291878e-01	7.671100e+00	
8  25.6099	3.082280e+00	-4.921608e+00	4.693010e-01	-3.443789e-01	1.530006e+00	-3.027740e+00	4.022081e-01	2.804570e-01	1.909875e-01	1.059107e-01	7.187073e-01	8.291878e-01	7.671100e+00	
1  24.3861	3.082280e+00	-4.921608e+00	3.008042e-01	-1.460350e-01	1.550100e+00	-3.244979e+00	3.930000e-01	2.877213e-01	1.885445e-01	8.844293e-02	8.689556e-01	8.291878e-01	7.671100e+00	
1  25.0705	3.082280e+00	-4.921608e+00	4.426833e-01	8.407246e-02	1.549767e+00	-3.186155e+00	3.577331e-01	3.079529e-01	1.971024e-01	1.001186e-01	7.698260e-01	8.291878e-01	7.671100e+00	
16  23.8349	3.082280e+00	-4.921608e+00	3.878189e-01	1.051887e-01	1.536859e+00	-2.500855e+00	3.611542e-01	2.857564e-01	1.761950e-01	8.537288e-02	9.132017e-01	8.291878e-01	7.671100e+00	
32  23.5141	3.684857e+00	-5.125797e+00	3.878189e-01	1.051887e-01	1.536859e+00	-2.500855e+00	3.611542e-01	2.857564e-01	1.761950e-01	8.537288e-02	9.132017e-01	8.303817e-01	7.671100e+00	
9  23.5277	3.336675e+00	-4.905298e+00	3.878189e-01	1.051887e-01	1.536859e+00	-2.500855e+00	3.611542e-01	2.857564e-01	1.761950e-01	8.537288e-02	9.132017e-01	8.257831e-01	7.671100e+00	
2  23.1745	3.336675e+00	-4.905298e+00	3.786039e-01	3.419362e-01	1.528117e+00	-2.311411e+00	3.996678e-01	3.032096e-01	2.080112e-01	1.054227e-01	9.816966e-01	8.257831e-01	7.671100e+00	
5  23.8991	3.266226e+00	-4.532030e+00	3.786039e-01	3.419362e-01	1.528117e+00	-2.311411e+00	3.996678e-01	3.032096e-01	2.080112e-01	1.054227e-01	9.816966e-01	8.317579e-01	7.671100e+00	
1  25.056	3.266226e+00	-4.532030e+00	3.074093e-01	2.484542e-01	1.555708e+00	-2.030519e+00	3.777353e-01	2.991200e-01	2.326410e-01	1.142188e-01	8.260916e-01	8.317579e-01	7.671100e+00	
3  23.667	3.266226e+00	-4.532030e+00	4.516365e-01	-5.162622e-01	1.596900e+00	-1.839554e+00	4.005590e-01	3.143471e-01	2.271484e-01	7.805085e-02	8.040400e-01	8.317579e-01	7.671100e+00	
2  23.9785	3.266226e+00	-4.532030e+00	2.292664e-01	-1.032307e+00	1.605291e+00	-1.778438e+00	4.069934e-01	3.289502e-01	2.551794e-01	1.020790e-01	9.268172e-01	8.317579e-01	7.671100e+00	
4  24.3281	3.127688e+00	-4.643303e+00	2.292664e-01	-1.032307e+00	1.605291e+00	-1.778438e+00	4.069934e-01	3.289502e-01	2.551794e-01	1.020790e-01	9.268172e-01	8.236855e-01	7.671100e+00	
8  25.9004	3.127688e+00	-4.643303e+00	3.166578e-01	-6.251876e-01	1.593790e+00	-1.849813e+00	4.001755e-01	3.551581e-01	2.400359e-01	8.915839e-02	9.064916e-01	8.236855e-01	7.671100e+00	
9  27.1849	3.144077e+00	-5.120078e+00	3.166578e-01	-6.251876e-01	1.593790e+00	-1.849813e+00	4.001755e-01	3.551581e-01	2.400359e-01	8.915839e-02	9.064916e-01	8.297384e-01	7.671100e+00	
2  26.0029	3.144077e+00	-5.120078e+00	4.270155e-01	-4.412860e-01	1.628056e+00	-1.354237e+00	4.237385e-01	3.390582e-01	2.082028e-01	8.820752e-02	7.134069e-01	8.297384e-01	7.671100e+00	
7  24.9175	3.284872e+00	-5.764432e+00	4.270155e-01	-4.412860e-01	1.628056e+00	-1.354237e+00	4.237385e-01	3.390582e-01	2.082028e-01	8.820752e-02	7.134069e-01	8.272680e-01	7.671100e+00	
1  26.0755	3.284872e+00	-5.764432e+00	2.963474e-01	-5.822698e-01	1.655406e+00	-1.614260e+00	4.414352e-01	3.554976e-01	2.200424e-01	7.176253e-02	9.403725e-01	8.272680e-01	7.671100e+00	
1  26.1041	3.284872e+00	-5.764432e+00	3.223335e-01	-1.010109e+00	1.594650e+00	-1.732412e+00	4.402604e-01	3.551663e-01	2.274447e-01	7.850065e-02	8.977896e-01	8.272680e-01	7.671100e+00	
8  22.4061	3.284872e+00	-5.764432e+00	3.712472e-01	-1.000645e+00	1.510065e+00	-1.985745e+00	4.135244e-01	3.291510e-01	2.244404e-01	6.365278e-02	7.781699e-01	8.272680e-01	7.671100e+00	
15  23.2917	3.284872e+00	-5.764432e+00	2.166843e-01	-1.391710e+00	1.549312e+00	-1.838958e+00	3.882254e-01	3.018555e-01	2.482310e-01	1.061955e-01	9.719628e-01	8.272680e-01	7.671100e+00	
12  25.0219	3.488985e+00	-5.667568e+00	2.166843e-01	-1.391710e+00	1.549312e+00	-1.838958e+00	3.882254e-01	3.018555e-01	2.482310e-01	1.061955e-01	9.719628e-01	8.300389e-01	7.671100e+00	
34  23.3736	3.663102e+00	-4.366757e+00	2.166843e-01	-1.391710e+00	1.549312e+00	-1.838958e+00	3.882254e-01	3.018555e-01	2.482310e-01	1.061955e-01	9.719628e-01	8.313566e-01	7.671100e+00	
54  22.1483	3.663102e+00	-4.366757e+00	4.646420e-01	-1.497536e+00	1.560804e+00	-2.277561e+00	3.741478e-01	2.951414e-01	2.264563e-01	9.297494e-02	8.240216e-01	8.313566e-01	7.671100e+00	
2  24.2865	3.107707e+00	-5.046961e+00	4.646420e-01	-1.497536e+00	1.560804e+00	-2.277561e+00	3.741478e-01	2.951414e-01	2.264563e-01	9.297494e-02	8.240216e-01	8.291848e-01	7.671100e+00	
24  22.2909	3.107707e+00	-5.046961e+00	5.354503e-01	-2.111941e+00	1.506937e+00	-1.930796e+00	3.727024e-01	3.091712e-01	2.283823e-01	8.943377e-02	5.035333e-01	8.291848e-01	7.671100e+00	
3  23.649	3.107707e+00	-5.046961e+00	3.181972e-01	-2.411393e+00	1.446786e+00	-2.208582e+00	3.903596e-01	3.163024e-01	2.206518e-01	8.399937e-02	6.410654e-01	8.291848e-01	7.671100e+00	
5  22.345	3.107707e+00	-5.046961e+00	3.623218e-01	-2.495183e+00	1.391137e+00	-2.579563e+00	3.834188e-01	3.304555e-01	2.368734e-01	4.934664e-02	6.624632e-01	8.291848e-01	7.671100e+00	
44  23.7039	3.107707e+00	-5.046961e+00	3.387657e-01	-2.814298e+00	1.457388e+00	-2.474127e+00	3.438378e-01	3.190322e-01	2.280092e-01	3.056192e-02	8.281004e-01	8.291848e-01	7.671100e+00	
2  22.2526	3.107707e+00	-5.046961e+00	3.450789e-01	-2.520181e+00	1.458230e+00	-2.824682e+00	3.741997e-01	3.302948e-01	2.414229e-01	4.401348e-02	7.163734e-01	8.291848e-01	7.671100e+00	
5  22.2954	3.107707e+00	-5.046961e+00	3.196459e-01	-2.580901e+00	1.392929e+00	-2.413372e+00	3.637446e-01	3.676355e-01	2.334739e-01	5.585724e-02	7.615522e-01	8.291848e-01	7.671100e+00	
22  22.9382	3.107707e+00	-5.046961e+00	1.009809e-01	-2.535784e+00	1.373141e+00	-2.516859e+00	3.856177e-01	3.642256e-01	2.528739e-01	8.691972e-02	9.036969e-01	8.291848e-01	7.671100e+00	
6  23.6262	3.107707e+00	-5.046961e+00	1.488381e-01	-2.923026e+00	1.431944e+00	-2.669173e+00	4.215972e-01	3.561288e-01	2.304517e-01	1.020127e-01	9.590230e-01	8.291848e-01	7.671100e+00	
5  24.2162	3.107707e+00	-5.046961e+00	2.608005e-01	-2.421570e+00	1.477868e+00	-3.047425e+00	4.292937e-01	3.600045e-01	2.258321e-01	8.290330e-02	6.516976e-01	8.291848e-01	7.671100e+00	
9  25.3111	3.107707e+00	-5.046961e+00	3.634400e-01	-1.484909e+00	1.475577e+00	-3.286815e+00	4.142796e-01	3.842114e-01	2.228671e-01	1.150488e-01	5.496627e-01	8.291848e-01	7.671100e+00	
1  24.7792	3.107707e+00	-5.046961e+00	4.180332e-01	-1.459984e+00	1.476024e+00	-3.495630e+00	4.162295e-01	3.619429e-01	2.088111e-01	1.342590e-01	6.400526e-01	8.291848e-01	7.671100e+00	
2  24.4842	3.107707e+00	-5.046961e+00	2.796330e-01	-1.735410e+00	1.535362e+00	-4.027589e+00	3.792363e-01	3.655307e-01	2.267110e-01	1.042587e-01	6.328663e-01	8.291848e-01	7.671100e+00	
12  23.6924	3.107707e+00	-5.046961e+00	3.052728e-01	-1.620946e+00	1.572853e+00	-4.033189e+00	4.164542e-01	3.757562e-01	2.065738e-01	1.068487e-01	7.572048e-01	8.291848e-01	7.671100e+00	
6  23.9761	3.200751e+00	-4.149394e+00	3.052728e-01	-1.620946e+00	1.572853e+00	-4.033189e+00	4.164542e-01	3.757562e-01	2.065738e-01	1.068487e-01	7.572048e-01	8.238140e-01	7.671100e+00	
34  24.8112	3.200751e+00	-4.149394e+00	4.890209e-01	-1.842451e+00	1.643588e+00	-4.049914e+00	3.962406e-01	3.649185e-01	1.915982e-01	8.404094e-02	4.504384e-01	8.238140e-01	7.671100e+00	
2  25.4314	3.200751e+00	-4.149394e+00	3.982969e-01	-1.638817e+00	1.621830e+00	-4.327525e+00	3.886002e-01	3.754983e-01	1.843410e-01	9.233760e-02	4.854795e-01	8.238140e-01	7.671100e+00	
1  22.6627	3.200751e+00	-4.149394e+00	3.439786e-01	-2.179004e+00	1.623262e+00	-4.674638e+00	4.171284e-01	3.552684e-01	1.980303e-01	9.131406e-02	5.904293e-01	8.238140e-01	7.671100e+00	
1  23.156	3.200751e+00	-4.149394e+00	2.024217e-01	-1.775991e+00	1.653911e+00	-4.652094e+00	4.047328e-01	3.477753e-01	2.033320e-01	9.451745e-02	8.332136e-01	8.238140e-01	7.671100e+00	
12  23.4698	3.407661e+00	-4.541174e+00	2.024217e-01	-1.775991e+00	1.653911e+00	-4.652094e+00	4.047328e-01	3.477753e-01	2.033320e-01	9.451745e-02	8.332136e-01	8.304966e-01	7.671100e+00	
4  23.2448	3.004150e+00	-4.784985e+00	2.024217e-01	-1.775991e+00	1.653911e+00	-4.652094e+00	4.047328e-01	3.477753e-01	2.033320e-01	9.451745e-02	8.332136e-01	8.242386e-01	7.671100e+00	
6  23.3327	3.004150e+00	-4.784985e+00	4.122358e-01	-1.450949e+00	1.675880e+00	-4.382565e+00	4.034757e-01	3.342357e-01	2.117210e-01	6.848573e-02	7.251227e-01	8.242386e-01	7.671100e+00	
9  23.4597	2.922313e+00	-4.253590e+00	4.122358e-01	-1.450949e+00	1.675880e+00	-4.382565e+00	4.034757e-01	3.342357e-01	2.117210e-01	6.848573e-02	7.251227e-01	8.323123e-01	7.671100e+00	
2  22.646	2.922313e+00	-4.253590e+00	5.145690e-01	-1.872452e+00	1.671253e+00	-4.360358e+00	3.931738e-01	3.134610e-01	2.015278e-01	6.700329e-02	4.750554e-01	8.323123e-01	7.671100e+00	
11  22.86	3.188832e+00	-4.779348e+00	5.145690e-01	-1.872452e+00	1.671253e+00	-4.360358e+00	3.931738e-01	3.134610e-01	2.015278e-01	6.700329e-02	4.750554e-01	8.328207e-01	7.671100e+00	
65  22.6979	2.950461e+00	-4.477358e+00	5.145690e-01	-1.872452e+00	1.671253e+00	-4.360358e+00	3.931738e-01	3.134610e-01	2.015278e-01	6.700329e-02	4.750554e-01	8.253956e-01	7.671100e+00	
1  27.2819	2.950461e+00	-4.477358e+00	6.614653e-01	-1.954729e+00	1.647365e+00	-4.910342e+00	4.028818e-01	2.901778e-01	2.062849e-01	4.504775e-02	5.404661e-01	8.253956e-01	7.671100e+00	
8  26.1444	3.420555e+00	-5.028739e+00	6.614653e-01	-1.954729e+00	1.647365e+00	-4.910342e+00	4.028818e-01	2.901778e-01	2.062849e-01	4.504775e-02	5.404661e-01	8.277422e-01	7.671100e+00	
1  27.6772	3.420555e+00	-5.028739e+00	7.712488e-01	-1.815037e+00	1.681101e+00	-4.547972e+00	4.173610e-01	3.066395e-01	1.882182e-01	4.701587e-02	7.313744e-01	8.277422e-01	7.671100e+00	
6  27.2186	3.420555e+00	-5.028739e+00	6.932633e-01	-2.267007e+00	1.632908e+00	-4.278833e+00	4.213522e-01	3.214258e-01	1.975386e-01	7.193027e-02	7.894556e-01	8.277422e-01	7.671100e+00	
7  27.3161	3.420555e+00	-5.028739e+00	6.240225e-01	-1.735043e+00	1.597390e+00	-4.136766e+00	4.180882e-01	3.214217e-01	2.030034e-01	6.968735e-02	2.241570e-01	8.277422e-01	7.671100e+00	
2  27.5784	3.540881e+00	-5.823794e+00	6.240225e-01	-1.735043e+00	1.597390e+00	-4.136766e+00	4.180882e-01	3.214217e-01	2.030034e-01	6.968735e-02	2.241570e-01	8.314129e-01	7.671100e+00	
1  23.1573	3.540881e+00	-5.823794e+00	7.223934e-01	-3.055832e+00	1.537550e+00	-3.611739e+00	4.107079e-01	3.036328e-01	1.863407e-01	7.135115e-02	3.452179e-01	8.314129e-01	7.671100e+00	
14  23.2869	3.540881e+00	-5.823794e+00	7.266392e-01	-3.430406e+00	1.459250e+00	-3.426371e+00	4.116720e-01	2.942415e-01	1.960970e-01	7.837098e-02	2.980070e-01	8.314129e-01	7.671100e+00	
12  25.0938	3.540881e+00	-5.823794e+00	9.097636e-01	-3.586748e+00	1.493666e+00	-3.613912e+00	4.011573e-01	3.112440e-01	1.973636e-01	8.150132e-02	7.244509e-02	8.314129e-01	7.671100e+00	
11  22.6563	3.540881e+00	-5.823794e+00	8.391451e-01	-3.691015e+00	1.537090e+00	-3.136507e+00	4.195908e-01	2.893872e-01	1.915147e-01	7.858456e-02	3.375061e-01	8.314129e-01	7.671100e+00	
7  24.1094	3.540881e+00	-5.823794e+00	7.064564e-01	-3.559022e+00	1.534038e+00	-3.530055e+00	4.156232e-01	2.708697e-01	1.943019e-01	8.702053e-02	7.019029e-01	8.314129e-01	7.671100e+00	
6  23.9351	3.540881e+00	-5.823794e+00	6.563546e-01	-3.565372e+00	1.602825e+00	-4.308524e+00	4.224445e-01	2.557622e-01	2.242858e-01	9.190665e-02	5.384871e-01	8.314129e-01	7.671100e+00	
3  22.4834	3.540881e+00	-5.823794e+00	5.424240e-01	-3.043270e+00	1.634099e+00	-4.503542e+00	4.145602e-01	2.897616e-01	2.016167e-01	1.010635e-01	7.743916e-01	8.314129e-01	7.671100e+00	
3  22.647	3.269669e+00	-5.407263e+00	5.424240e-01	-3.043270e+00	1.634099e+00	-4.503542e+00	4.145602e-01	2.897616e-01	2.016167e-01	1.010635e-01	7.743916e-01	8.328626e-01	7.671100e+00	
17  22.7379	3.269669e+00	-5.407263e+00	6.110787e-01	-2.770382e+00	1.611517e+00	-4.391421e+00	4.015123e-01	2.981764e-01	1.895800e-01	8.771909e-02	4.697830e-01	8.328626e-01	7.671100e+00	
7  22.134	3.269669e+00	-5.407263e+00	6.636074e-01	-2.611338e+00	1.629206e+00	-4.399855e+00	4.073637e-01	2.811271e-01	2.165944e-01	9.330344e-02	6.301743e-01	8.328626e-01	7.671100e+00	
104  22.7243	3.269669e+00	-5.407263e+00	3.595145e-01	-2.189577e+00	1.683325e+00	-4.984127e+00	3.813972e-01	3.125030e-01	2.547974e-01	1.048405e-01	9.003382e-01	8.328626e-01	7.671100e+00	
73  22.7707	3.268383e+00	-5.539016e+00	3.595145e-01	-2.189577e+00	1.683325e+00	-4.984127e+00	3.813972e-01	3.125030e-01	2.547974e-01	1.048405e-01	9.003382e-01	8.325182e-01	7.671100e+00	
27  22.987	3.268383e+00	-5.539016e+00	1.466975e-01	-2.162809e+00	1.697860e+00	-4.955807e+00	4.333432e-01	3.211328e-01	2.782469e-01	1.111039e-01	9.902140e-01	8.325182e-01	7.671100e+00	
11  22.7295	3.409816e+00	-4.818567e+00	1.466975e-01	-2.162809e+00	1.697860e+00	-4.955807e+00	4.333432e-01	3.211328e-01	2.782469e-01	1.111039e-01	9.902140e-01	8.270570e-01	7.671100e+00	
2  22.479	3.548019e+00	-5.063368e+00	1.466975e-01	-2.162809e+00	1.697860e+00	-4.955807e+00	4.333432e-01	3.211328e-01	2.782469e-01	1.111039e-01	9.902140e-01	8.288653e-01	7.671100e+00	
8  21.9443	3.548019e+00	-5.063368e+00	2.695811e-01	-2.297736e+00	1.590817e+00	-4.979720e+00	4.147823e-01	3.036636e-01	2.972265e-01	9.053867e-02	9.328603e-01	8.288653e-01	7.671100e+00	
6  21.9047	3.623668e+00	-5.640005e+00	2.695811e-01	-2.297736e+00	1.590817e+00	-4.979720e+00	4.147823e-01	3.036636e-01	2.972265e-01	9.053867e-02	9.328603e-01	8.297860e-01	7.671100e+00	
18  23.5178	3.623668e+00	-5.640005e+00	4.561323e-01	-2.771455e+00	1.623519e+00	-4.771321e+00	3.926186e-01	3.194308e-01	2.851841e-01	9.255668e-02	9.589003e-01	8.297860e-01	7.671100e+00	
1  24.4493	3.623668e+00	-5.640005e+00	5.699565e-01	-3.274397e+00	1.617769e+00	-4.586582e+00	4.141744e-01	3.132107e-01	2.736188e-01	1.118216e-01	9.682082e-01	8.297860e-01	7.671100e+00	
12  23.5222	3.623668e+00	-5.640005e+00	3.821874e-01	-3.536646e+00	1.637693e+00	-4.991858e+00	3.954597e-01	3.460665e-01	3.084839e-01	1.164866e-01	7.537699e-01	8.297860e-01	7.671100e+00	
35  22.1782	3.623668e+00	-5.640005e+00	3.234467e-01	-3.202332e+00	1.653365e+00	-4.820589e+00	4.275913e-01	3.484617e-01	2.823302e-01	1.197970e-01	8.871923e-01	8.297860e-01	7.671100e+00	
11  22.6548	3.623668e+00	-5.640005e+00	3.506981e-01	-3.562576e+00	1.683502e+00	-4.718378e+00	4.652441e-01	3.504743e-01	2.899169e-01	1.235259e-01	8.432490e-01	8.297860e-01	7.671100e+00	
13  22.4255	3.623668e+00	-5.640005e+00	5.749609e-01	-3.586020e+00	1.632235e+00	-4.925452e+00	4.597038e-01	3.277696e-01	2.794025e-01	1.259816e-01	6.825066e-01	8.297860e-01	7.671100e+00	
13  22.0209	3.623668e+00	-5.640005e+00	4.301304e-01	-4.334831e+00	1.637421e+00	-4.396193e+00	4.655806e-01	3.521353e-01	2.542147e-01	1.006359e-01	7.585796e-01	8.297860e-01	7.671100e+00	
26  22.0568	3.623668e+00	-5.640005e+00	2.201134e-01	-3.689401e+00	1.636526e+00	-4.230336e+00	4.545005e-01	3.552933e-01	2.741417e-01	1.011215e-01	9.321194e-01	8.297860e-01	7.671100e+00	
19  22.1063	3.623668e+00	-5.640005e+00	3.671795e-01	-3.951775e+00	1.635817e+00	-4.395714e+00	4.477956e-01	3.534960e-01	2.869237e-01	8.562862e-02	7.811601e-01	8.297860e-01	7.671100e+00	
1  22.127	3.648923e+00	-5.452017e+00	3.671795e-01	-3.951775e+00	1.635817e+00	-4.395714e+00	4.477956e-01	3.534960e-01	2.869237e-01	8.562862e-02	7.811601e-01	8.288435e-01	7.671100e+00	
17  22.2785	3.166089e+00	-4.762358e+00	3.671795e-01	-3.951775e+00	1.635817e+00	-4.395714e+00	4.477956e-01	3.534960e-01	2.869237e-01	8.562862e-02	7.811601e-01	8.313736e-01	7.671100e+00	
1  22.7528	3.166089e+00	-4.762358e+00	3.486908e-01	-3.225053e+00	1.663549e+00	-4.702630e+00	4.502166e-01	3.468054e-01	2.403533e-01	1.074455e-01	9.107213e-01	8.313736e-01	7.671100e+00	
4  22.742	3.166089e+00	-4.762358e+00	3.356001e-01	-3.434377e+00	1.679402e+00	-4.811841e+00	4.640478e-01	3.631678e-01	2.511339e-01	1.087713e-01	7.255340e-01	8.313736e-01	7.671100e+00	
10  22.5916	3.307954e+00	-4.279840e+00	3.356001e-01	-3.434377e+00	1.679402e+00	-4.811841e+00	4.640478e-01	3.631678e-01	2.511339e-01	1.087713e-01	7.255340e-01	8.241380e-01	7.671100e+00	
19  23.1615	2.951956e+00	-4.353154e+00	3.356001e-01	-3.434377e+00	1.679402e+00	-4.811841e+00	4.640478e-01	3.631678e-01	2.511339e-01	1.087713e-01	7.255340e-01	8.233663e-01	7.671100e+00	
20  24.4198	2.951956e+00	-4.353154e+00	2.398020e-01	-3.312158e+00	1.599128e+00	-4.827213e+00	4.851951e-01	3.700702e-01	2.110552e-01	8.185645e-02	7.271742e-01	8.233663e-01	7.671100e+00	
8  24.9854	2.951956e+00	-4.353154e+00	3.329354e-01	-3.512769e+00	1.635287e+00	-4.705693e+00	4.898824e-01	3.417397e-01	1.989959e-01	9.685348e-02	8.101838e-01	8.233663e-01	7.671100e+00	
10  24.237	2.951956e+00	-4.353154e+00	4.158459e-01	-3.326200e+00	1.679613e+00	-4.972963e+00	5.173004e-01	3.266189e-01	2.205376e-01	7.535693e-02	5.408387e-01	8.233663e-01	7.671100e+00	
15  25.8468	2.951956e+00	-4.353154e+00	3.168494e-01	-3.491472e+00	1.616916e+00	-4.549544e+00	5.188242e-01	3.505787e-01	2.510837e-01	7.828872e-02	6.951938e-01	8.233663e-01	7.671100e+00	
4  26.1944	2.951956e+00	-4.353154e+00	3.359073e-01	-2.890237e+00	1.570517e+00	-4.204914e+00	4.831441e-01	3.281573e-01	2.337801e-01	9.185235e-02	5.709104e-01	8.233663e-01	7.671100e+00	
5  26.1165	2.951956e+00	-4.353154e+00	5.796655e-01	-3.758791e+00	1.539652e+00	-3.894517e+00	4.417718e-01	3.294980e-01	2.107350e-01	9.480581e-02	7.202296e-01	8.233663e-01	7.671100e+00	
16  22.8555	2.951956e+00	-4.353154e+00	4.434702e-01	-3.937935e+00	1.528451e+00	-4.244605e+00	4.216093e-01	3.206883e-01	1.872890e-01	8.512259e-02	6.631305e-01	8.233663e-01	7.671100e+00	
2  22.1933	2.951956e+00	-4.353154e+00	4.038944e-01	-4.069422e+00	1.572867e+00	-3.556162e+00	4.186311e-01	3.268731e-01	1.849469e-01	6.972010e-02	6.519060e-01	8.233663e-01	7.671100e+00	
2  22.9623	3.445807e+00	-4.174787e+00	4.038944e-01	-4.069422e+00	1.572867e+00	-3.556162e+00	4.186311e-01	3.268731e-01	1.849469e-01	6.972010e-02	6.519060e-01	8.251734e-01	7.671100e+00	
16  23.6659	3.445807e+00	-4.174787e+00	5.317335e-01	-4.761348e+00	1.573032e+00	-3.881862e+00	4.343501e-01	3.358279e-01	1.972112e-01	7.483910e-02	7.824476e-01	8.251734e-01	7.671100e+00	
6  23.4778	3.445807e+00	-4.174787e+00	5.017732e-01	-4.738586e+00	1.618515e+00	-4.212296e+00	4.389909e-01	3.320500e-01	2.177378e-01	5.418780e-02	8.366719e-01	8.251734e-01	7.671100e+00	
11  21.6554	3.445807e+00	-4.174787e+00	5.635752e-01	-4.714756e+00	1.588460e+00	-4.671008e+00	4.356919e-01	3.155399e-01	2.515753e-01	5.252294e-02	5.173423e-01	8.251734e-01	7.671100e+00	
2  22.3881	3.445807e+00	-4.174787e+00	7.743191e-01	-4.803062e+00	1.584458e+00	-4.121276e+00	4.286863e-01	3.016115e-01	2.265531e-01	6.660698e-02	7.214261e-01	8.251734e-01	7.671100e+00	
1  25.222	3.445807e+00	-4.174787e+00	8.304170e-01	-4.878586e+00	1.622450e+00	-3.919411e+00	4.074445e-01	2.996263e-01	2.194363e-01	9.193517e-02	8.703654e-01	8.251734e-01	7.671100e+00	
1  22.9412	3.445807e+00	-4.174787e+00	7.589305e-01	-4.578717e+00	1.611798e+00	-3.067722e+00	4.215388e-01	2.877389e-01	2.414663e-01	8.854788e-02	7.229359e-01	8.251734e-01	7.671100e+00	
7  22.0726	3.445807e+00	-4.174787e+00	7.335266e-01	-4.703855e+00	1.637293e+00	-2.818927e+00	4.346845e-01	2.801820e-01	2.234219e-01	7.929698e-02	4.873828e-01	8.251734e-01	7.671100e+00	
4  21.6513	3.445807e+00	-4.174787e+00	6.087494e-01	-4.177823e+00	1.651320e+00	-3.477990e+00	4.497366e-01	2.959717e-01	2.158125e-01	7.301823e-02	4.950893e-01	8.251734e-01	7.671100e+00	
13  21.7511	3.445807e+00	-4.174787e+00	4.623123e-01	-4.378589e+00	1.666061e+00	-3.836016e+00	4.435798e-01	3.131009e-01	2.516415e-01	8.751118e-02	8.098489e-01	8.251734e-01	7.671100e+00	
30  22.5201	3.445807e+00	-4.174787e+00	4.504806e-01	-4.143240e+00	1.631934e+00	-3.740555e+00	4.458907e-01	2.835263e-01	2.472549e-01	6.721518e-02	9.116010e-01	8.251734e-01	7.671100e+00	
3  23.6036	3.445807e+00	-4.174787e+00	4.698051e-01	-4.551234e+00	1.666109e+00	-3.443321e+00	4.340500e-01	2.720293e-01	2.451427e-01	8.335886e-02	8.296666e-01	8.251734e-01	7.671100e+00	
6  23.4703	3.445807e+00	-4.174787e+00	4.838063e-01	-4.668139e+00	1.663166e+00	-2.950457e+00	4.328711e-01	2.796940e-01	2.319753e-01	8.812987e-02	8.056729e-01	8.251734e-01	7.671100e+00	
20  24.9348	3.445807e+00	-4.174787e+00	3.533431e-01	-4.963171e+00	1.685821e+00	-2.884523e+00	4.248312e-01	2.844744e-01	2.827109e-01	9.405365e-02	8.853411e-01	8.251734e-01	7.671100e+00	
32  26.1107	3.299973e+00	-4.509676e+00	3.533431e-01	-4.963171e+00	1.685821e+00	-2.884523e+00	4.248312e-01	2.844744e-01	2.827109e-01	9.405365e-02	8.853411e-01	8.287788e-01	7.671100e+00	
10  26.4274	2.952218e+00	-4.907342e+00	3.533431e-01	-4.963171e+00	1.685821e+00	-2.884523e+00	4.248312e-01	2.844744e-01	2.827109e-01	9.405365e-02	8.853411e-01	8.230005e-01	7.671100e+00	
4  25.3298	2.952218e+00	-4.907342e+00	3.535909e-01	-4.766696e+00	1.690098e+00	-2.708754e+00	3.930247e-01	3.268765e-01	2.547965e-01	8.776434e-02	5.400296e-01	8.230005e-01	7.671100e+00	
8  23.5362	2.952218e+00	-4.907342e+00	3.792296e-01	-4.637601e+00	1.664098e+00	-3.392376e+00	4.475239e-01	3.253295e-01	2.506554e-01	1.068207e-01	6.647716e-01	8.230005e-01	7.671100e+00	
8  23.4533	3.095542e+00	-5.450219e+00	3.792296e-01	-4.637601e+00	1.664098e+00	-3.392376e+00	4.475239e-01	3.253295e-01	2.506554e-01	1.068207e-01	6.647716e-01	8.269503e-01	7.671100e+00	
4  22.0526	3.095542e+00	-5.450219e+00	4.759346e-01	-4.820809e+00	1.685954e+00	-4.057203e+00	4.277832e-01	3.043545e-01	2.665184e-01	1.016103e-01	7.127904e-01	8.269503e-01	7.671100e+00	
11  21.8887	3.693022e+00	-5.345034e+00	4.759346e-01	-4.820809e+00	1.685954e+00	-4.057203e+00	4.277832e-01	3.043545e-01	2.665184e-01	1.016103e-01	7.127904e-01	8.296015e-01	7.671100e+00	
11  23.0583	2.882227e+00	-4.495506e+00	4.759346e-01	-4.820809e+00	1.685954e+00	-4.057203e+00	4.277832e-01	3.043545e-01	2.665184e-01	1.016103e-01	7.127904e-01	8.238091e-01	7.671100e+00	
3  21.9906	3.626654e+00	-5.285554e+00	4.759346e-01	-4.820809e+00	1.685954e+00	-4.057203e+00	4.277832e-01	3.043545e-01	2.665184e-01	1.016103e-01	7.127904e-01	8.303271e-01	7.671100e+00	
35  21.9838	3.626654e+00	-5.285554e+00	5.958304e-01	-4.833192e+00	1.680602e+00	-4.656864e+00	4.370912e-01	3.258520e-01	2.555329e-01	8.772096e-02	4.143381e-01	8.303271e-01	7.671100e+00	
3  22.5519	3.626654e+00	-5.285554e+00	4.468504e-01	-3.578392e+00	1.662406e+00	-4.809236e+00	4.259968e-01	3.251149e-01	2.579513e-01	1.113345e-01	5.517837e-01	8.303271e-01	7.671100e+00	
7  23.32	3.626654e+00	-5.285554e+00	5.231763e-01	-3.536235e+00	1.671748e+00	-4.684028e+00	4.052182e-01	3.166023e-01	2.397164e-01	1.219966e-01	4.575670e-01	8.303271e-01	7.671100e+00	
2  25.1144	3.626654e+00	-5.285554e+00	5.100720e-01	-3.890966e+00	1.653439e+00	-4.490401e+00	4.194336e-01	3.170644e-01	2.176278e-01	1.164830e-01	4.008023e-01	8.303271e-01	7.671100e+00	
1  24.6183	3.626654e+00	-5.285554e+00	6.479190e-01	-3.705615e+00	1.621618e+00	-4.133299e+00	4.323698e-01	3.106497e-01	1.801639e-01	1.356369e-01	7.777814e-01	8.303271e-01	7.671100e+00	
1  24.9108	3.626654e+00	-5.285554e+00	6.088675e-01	-3.840225e+00	1.643235e+00	-4.113561e+00	4.379440e-01	2.966987e-01	1.639263e-01	1.078623e-01	7.768999e-01	8.303271e-01	7.671100e+00	
1  26.5087	3.626654e+00	-5.285554e+00	9.662918e-01	-4.206680e+00	1.625792e+00	-3.381204e+00	4.279125e-01	2.635205e-01	1.673705e-01	9.634482e-02	7.500283e-01	8.303271e-01	7.671100e+00	
8  26.9629	3.626654e+00	-5.285554e+00	1.091647e+00	-4.274666e+00	1.644240e+00	-2.335686e+00	4.189768e-01	3.141156e-01	1.495334e-01	9.830134e-02	5.180636e-01	8.303271e-01	7.671100e+00	
8  27.3842	3.626654e+00	-5.285554e+00	1.127127e+00	-4.287009e+00	1.624354e+00	-2.940715e+00	4.359373e-01	3.287035e-01	1.903528e-01	1.169671e-01	5.118254e-01	8.303271e-01	7.671100e+00	
2  27.1491	3.626654e+00	-5.285554e+00	9.059574e-01	-4.246884e+00	1.597311e+00	-3.477156e+00	4.392741e-01	3.183406e-01	2.177880e-01	1.070294e-01	1.771866e-01	8.303271e-01	7.671100e+00	
3  24.1964	3.626654e+00	-5.285554e+00	9.520072e-01	-3.931667e+00	1.532046e+00	-3.365654e+00	4.027328e-01	3.178391e-01	2.093221e-01	8.790848e-02	4.518681e-01	8.303271e-01	7.671100e+00	
29  22.9299	3.626654e+00	-5.285554e+00	8.658632e-01	-4.105544e+00	1.587059e+00	-4.259157e+00	4.390491e-01	3.149590e-01	2.271345e-01	8.168229e-02	4.058395e-01	8.303271e-01	7.671100e+00	
3  23.5152	3.626654e+00	-5.285554e+00	4.205803e-01	-3.967505e+00	1.564829e+00	-3.583047e+00	4.483409e-01	3.089197e-01	2.420218e-01	1.002074e-01	6.735402e-01	8.303271e-01	7.671100e+00	
8  22.2796	3.626654e+00	-5.285554e+00	4.122706e-01	-4.044261e+00	1.625665e+00	-3.351963e+00	4.151736e-01	3.006409e-01	2.475272e-01	1.192107e-01	7.857565e-01	8.303271e-01	7.671100e+00	
19  21.9154	3.626654e+00	-5.285554e+00	5.438829e-01	-3.488776e+00	1.558125e+00	-3.152041e+00	3.978874e-01	2.872138e-01	2.372129e-01	1.192510e-01	7.330824e-01	8.303271e-01	7.671100e+00	
12  21.2986	3.626654e+00	-5.285554e+00	7.205397e-01	-3.172224e+00	1.603857e+00	-3.436688e+00	3.890705e-01	2.833084e-01	2.245626e-01	1.007679e-01	4.904402e-01	8.303271e-01	7.671100e+00	
7  23.5837	3.626654e+00	-5.285554e+00	5.688723e-01	-2.983924e+00	1.613616e+00	-3.282774e+00	3.695107e-01	2.818761e-01	2.214458e-01	8.309346e-02	6.798863e-01	8.303271e-01	7.671100e+00	
2  25.7035	3.626654e+00	-5.285554e+00	9.245971e-01	-3.010560e+00	1.637419e+00	-3.131590e+00	3.901133e-01	3.145336e-01	2.397472e-01	7.878748e-02	7.681432e-01	8.303271e-01	7.671100e+00	
2  24.1964	3.669603e+00	-4.700226e+00	9.245971e-01	-3.010560e+00	1.637419e+00	-3.131590e+00	3.901133e-01	3.145336e-01	2.397472e-01	7.878748e-02	7.681432e-01	8.241510e-01	7.671100e+00	
3  23.0698	3.669603e+00	-4.700226e+00	8.024680e-01	-2.613632e+00	1.631845e+00	-2.544978e+00	3.912204e-01	3.029030e-01	2.217560e-01	8.449026e-02	7.710638e-01	8.241510e-01	7.671100e+00	
6  22.0745	3.669603e+00	-4.700226e+00	7.358757e-01	-3.014776e+00	1.604446e+00	-2.730950e+00	3.945587e-01	2.998959e-01	2.203862e-01	1.168043e-01	7.170669e-01	8.241510e-01	7.671100e+00	
1  24.7996	3.324201e+00	-5.200756e+00	7.358757e-01	-3.014776e+00	1.604446e+00	-2.730950e+00	3.945587e-01	2.998959e-01	2.203862e-01	1.168043e-01	7.170669e-01	8.330724e-01	7.671100e+00	
16  24.3169	3.324201e+00	-5.200756e+00	6.644179e-01	-2.797541e+00	1.644265e+00	-3.427968e+00	3.809845e-01	2.993731e-01	2.259946e-01	1.114257e-01	5.944732e-01	8.330724e-01	7.671100e+00	
9  25.0727	3.324201e+00	-5.200756e+00	6.932928e-01	-2.748143e+00	1.659403e+00	-3.434868e+00	4.049261e-01	3.098688e-01	2.153667e-01	1.290148e-01	7.321046e-01	8.330724e-01	7.671100e+00	
6  24.8188	3.324201e+00	-5.200756e+00	3.782402e-01	-2.927177e+00	1.688694e+00	-3.158211e+00	4.317779e-01	3.392109e-01	2.236887e-01	1.297682e-01	8.384135e-01	8.330724e-01	7.671100e+00	
4  25.2978	3.199460e+00	-4.796661e+00	3.782402e-01	-2.927177e+00	1.688694e+00	-3.158211e+00	4.317779e-01	3.392109e-01	2.236887e-01	1.297682e-01	8.384135e-01	8.235865e-01	7.671100e+00	
2  25.0109	3.199460e+00	-4.796661e+00	1.961501e-01	-2.829413e+00	1.546782e+00	-2.794737e+00	3.651957e-01	3.198668e-01	2.014040e-01	1.122549e-01	8.145595e-01	8.235865e-01	7.671100e+00	
4  24.8781	3.199460e+00	-4.796661e+00	4.005487e-01	-2.912085e+00	1.489878e+00	-2.351881e+00	3.735101e-01	3.104146e-01	2.008040e-01	5.799186e-02	4.690944e-01	8.235865e-01	7.671100e+00	
10  23.7864	3.199460e+00	-4.796661e+00	3.991965e-01	-3.217163e+00	1.466678e+00	-2.600507e+00	3.698644e-01	2.870092e-01	1.941542e-01	2.772959e-02	9.578315e-01	8.235865e-01	7.671100e+00	
1  23.6359	3.199460e+00	-4.796661e+00	3.711695e-01	-3.402144e+00	1.524626e+00	-2.325490e+00	3.670039e-01	2.774549e-01	1.873432e-01	6.629379e-02	9.664094e-01	8.235865e-01	7.671100e+00	
4  24.2216	3.199460e+00	-4.796661e+00	5.002671e-01	-3.075731e+00	1.550990e+00	-2.509565e+00	3.577475e-01	2.788563e-01	1.935451e-01	6.527728e-02	6.390549e-01	8.235865e-01	7.671100e+00	
6  27.6551	3.199460e+00	-4.796661e+00	8.219613e-01	-2.889860e+00	1.581348e+00	-2.845046e+00	3.699087e-01	2.702937e-01	1.734601e-01	2.845441e-02	6.045366e-01	8.235865e-01	7.671100e+00	
5  26.7287	3.199460e+00	-4.796661e+00	7.594665e-01	-3.156670e+00	1.556637e+00	-3.795434e+00	3.850280e-01	2.831180e-01	1.843103e-01	4.587859e-02	8.329142e-01	8.235865e-01	7.671100e+00	
5  25.3313	3.199460e+00	-4.796661e+00	3.109863e-01	-3.157069e+00	1.605105e+00	-4.238554e+00	3.470138e-01	2.916758e-01	1.928770e-01	4.373863e-02	9.773056e-01	8.235865e-01	7.671100e+00	
4  25.208	3.199460e+00	-4.796661e+00	2.828881e-01	-4.237233e+00	1.595880e+00	-4.496113e+00	3.707831e-01	2.862746e-01	1.972797e-01	6.954932e-02	8.454806e-01	8.235865e-01	7.671100e+00	
32  24.7626	3.215943e+00	-5.892904e+00	2.828881e-01	-4.237233e+00	1.595880e+00	-4.496113e+00	3.707831e-01	2.862746e-01	1.972797e-01	6.954932e-02	8.454806e-01	8.327174e-01	7.671100e+00	
1  25.647	3.336939e+00	-5.855070e+00	2.828881e-01	-4.237233e+00	1.595880e+00	-4.496113e+00	3.707831e-01	2.862746e-01	1.972797e-01	6.954932e-02	8.454806e-01	8.253878e-01	7.671100e+00	
9  24.8504	2.912070e+00	-5.797453e+00	2.828881e-01	-4.237233e+00	1.595880e+00	-4.496113e+00	3.707831e-01	2.862746e-01	1.972797e-01	6.954932e-02	8.454806e-01	8.283970e-01	7.671100e+00	
5  24.2708	2.912070e+00	-5.797453e+00	5.866416e-01	-4.157573e+00	1.547086e+00	-4.851636e+00	4.194050e-01	2.816421e-01	1.952174e-01	7.529274e-02	7.340329e-01	8.283970e-01	7.671100e+00	
44  23.6667	2.912070e+00	-5.797453e+00	7.090572e-01	-4.018672e+00	1.544959e+00	-4.833328e+00	4.080779e-01	2.719278e-01	2.133387e-01	5.434360e-02	4.498862e-01	8.283970e-01	7.671100e+00	
6  23.4205	2.912070e+00	-5.797453e+00	6.890865e-01	-4.045709e+00	1.621060e+00	-4.638692e+00	4.157983e-01	2.959439e-01	2.302604e-01	5.280888e-02	4.707543e-01	8.283970e-01	7.671100e+00	
9  23.65	2.912070e+00	-5.797453e+00	7.478371e-01	-3.924809e+00	1.658847e+00	-4.934540e+00	4.305927e-01	2.929570e-01	2.049697e-01	6.176430e-02	1.670156e-01	8.283970e-01	7.671100e+00	
2  23.1311	2.912070e+00	-5.797453e+00	5.635192e-01	-3.516682e+00	1.638670e+00	-4.290717e+00	4.210433e-01	3.152381e-01	2.213058e-01	4.396832e-02	5.291764e-01	8.283970e-01	7.671100e+00	
32  22.76	2.912070e+00	-5.797453e+00	3.433018e-01	-4.087497e+00	1.683326e+00	-4.823646e+00	4.138848e-01	3.016022e-01	2.437872e-01	2.518797e-02	8.176317e-01	8.283970e-01	7.671100e+00	
3  24.0179	2.912070e+00	-5.797453e+00	3.923265e-01	-3.904519e+00	1.679678e+00	-4.917723e+00	4.021456e-01	2.837772e-01	1.983437e-01	5.347953e-02	7.902943e-01	8.283970e-01	7.671100e+00	
38  23.9445	3.477353e+00	-5.262953e+00	3.923265e-01	-3.904519e+00	1.679678e+00	-4.917723e+00	4.021456e-01	2.837772e-01	1.983437e-01	5.347953e-02	7.902943e-01	8.288642e-01	7.671100e+00	
3  23.8954	3.477353e+00	-5.262953e+00	4.932362e-01	-3.630264e+00	1.637938e+00	-4.849557e+00	4.079161e-01	2.785730e-01	1.950437e-01	7.129935e-02	6.882966e-01	8.288642e-01	7.671100e+00	
5  24.7033	3.477353e+00	-5.262953e+00	6.223185e-01	-3.445912e+00	1.672799e+00	-4.714816e+00	3.909111e-01	2.695470e-01	2.026346e-01	5.728193e-02	8.863800e-01	8.288642e-01	7.671100e+00	
4  24.3937	3.477353e+00	-5.262953e+00	6.675472e-01	-3.589928e+00	1.666800e+00	-4.292177e+00	4.464293e-01	2.619762e-01	1.914971e-01	8.915392e-02	4.672028e-01	8.288642e-01	7.671100e+00	
11  24.4542	3.477353e+00	-5.262953e+00	8.297120e-01	-3.567724e+00	1.648590e+00	-4.968297e+00	4.422331e-01	2.764836e-01	1.985348e-01	1.170373e-01	4.191345e-01	8.288642e-01	7.671100e+00	
12  24.8728	3.477353e+00	-5.262953e+00	7.691883e-01	-3.729956e+00	1.653102e+00	-4.770857e+00	4.222343e-01	2.740963e-01	2.051736e-01	1.038522e-01	8.064857e-01	8.288642e-01	7.671100e+00	
5  21.4399	3.477353e+00	-5.262953e+00	4.900280e-01	-4.569271e+00	1.662668e+00	-4.698900e+00	3.964370e-01	3.107831e-01	1.911734e-01	1.016711e-01	6.124633e-01	8.288642e-01	7.671100e+00	
2  22.4656	3.477353e+00	-5.262953e+00	4.854203e-01	-4.863334e+00	1.623225e+00	-3.794446e+00	4.054532e-01	3.009247e-01	2.180220e-01	8.209618e-02	4.084914e-01	8.288642e-01	7.671100e+00	
8  21.0257	3.477353e+00	-5.262953e+00	4.383320e-01	-4.710873e+00	1.654374e+00	-3.990518e+00	3.944040e-01	3.223387e-01	2.064394e-01	7.729935e-02	6.782518e-01	8.288642e-01	7.671100e+00	
49  21.2564	3.465727e+00	-5.294394e+00	4.383320e-01	-4.710873e+00	1.654374e+00	-3.990518e+00	3.944040e-01	3.223387e-01	2.064394e-01	7.729935e-02	6.782518e-01	8.254411e-01	7.671100e+00	
77  22.8296	3.465727e+00	-5.294394e+00	7.854586e-01	-4.527289e+00	1.679219e+00	-4.531645e+00	3.939898e-01	3.386296e-01	2.102025e-01	9.990730e-02	2.127073e-01	8.254411e-01	7.671100e+00	
2  22.1864	3.465727e+00	-5.294394e+00	7.418509e-01	-4.469308e+00	1.690670e+00	-4.738939e+00	4.164884e-01	3.230433e-01	2.270801e-01	7.187487e-02	2.011604e-01	8.254411e-01	7.671100e+00	
1  21.9298	3.465727e+00	-5.294394e+00	6.110679e-01	-4.574459e+00	1.652631e+00	-4.182408e+00	4.540411e-01	3.112858e-01	1.979619e-01	9.431399e-02	5.876284e-01	8.254411e-01	7.671100e+00	
25  22.0093	3.465727e+00	-5.294394e+00	5.856236e-01	-4.495560e+00	1.652964e+00	-4.955038e+00	4.367391e-01	3.207699e-01	1.951962e-01	1.327359e-01	4.682042e-01	8.254411e-01	7.671100e+00	
30  22.1796	3.077537e+00	-5.018397e+00	5.856236e-01	-4.495560e+00	1.652964e+00	-4.955038e+00	4.367391e-01	3.207699e-01	1.951962e-01	1.327359e-01	4.682042e-01	8.250929e-01	7.671100e+00	
35  22.4222	3.077537e+00	-5.018397e+00	5.925496e-01	-4.762941e+00	1.680026e+00	-4.337991e+00	4.368856e-01	3.117688e-01	1.992981e-01	1.363561e-01	5.825066e-01	8.250929e-01	7.671100e+00	
17  22.1568	3.211782e+00	-5.121212e+00	5.925496e-01	-4.762941e+00	1.680026e+00	-4.337991e+00	4.368856e-01	3.117688e-01	1.992981e-01	1.363561e-01	5.825066e-01	8.309437e-01	7.671100e+00	
4  24.039	3.211782e+00	-5.121212e+00	7.373266e-01	-4.964483e+00	1.641099e+00	-4.311245e+00	4.695200e-01	2.781671e-01	2.042581e-01	1.440832e-01	4.999572e-01	8.309437e-01	7.671100e+00	
22  26.1066	3.211782e+00	-5.121212e+00	9.358377e-01	-4.729469e+00	1.608388e+00	-4.096401e+00	4.506589e-01	2.723364e-01	1.993340e-01	1.597682e-01	6.118493e-01	8.309437e-01	7.671100e+00	
4  24.945	3.211782e+00	-5.121212e+00	7.747376e-01	-4.067805e+00	1.601865e+00	-3.711316e+00	4.533444e-01	2.865405e-01	1.849094e-01	1.078062e-01	8.410134e-01	8.309437e-01	7.671100e+00	
4  27.5724	3.211782e+00	-5.121212e+00	7.241936e-01	-4.047598e+00	1.621635e+00	-3.632690e+00	4.923070e-01	2.733507e-01	1.796325e-01	9.873248e-02	6.249718e-01	8.309437e-01	7.671100e+00	
3  26.2989	3.211782e+00	-5.121212e+00	5.415069e-01	-4.395420e+00	1.653262e+00	-3.834862e+00	5.189059e-01	3.049219e-01	2.332704e-01	8.157373e-02	9.021033e-01	8.309437e-01	7.671100e+00	
1  23.5926	3.211782e+00	-5.121212e+00	5.756571e-01	-4.582483e+00	1.692876e+00	-3.932493e+00	4.904855e-01	3.142025e-01	2.289079e-01	1.014306e-01	5.008677e-01	8.309437e-01	7.671100e+00	
9  24.0062	3.432717e+00	-5.768722e+00	5.756571e-01	-4.582483e+00	1.692876e+00	-3.932493e+00	4.904855e-01	3.142025e-01	2.289079e-01	1.014306e-01	5.008677e-01	8.315777e-01	7.671100e+00	
5  24.7168	3.432717e+00	-5.768722e+00	5.926083e-01	-4.786419e+00	1.675098e+00	-3.912674e+00	4.669199e-01	2.968574e-01	2.128620e-01	1.527554e-01	5.760726e-01	8.315777e-01	7.671100e+00	
3  25.907	3.432717e+00	-5.768722e+00	4.090865e-01	-4.539844e+00	1.633631e+00	-3.399821e+00	4.550965e-01	3.025617e-01	2.012786e-01	1.614407e-01	7.461297e-01	8.315777e-01	7.671100e+00	
17  25.3896	3.432717e+00	-5.768722e+00	4.134170e-01	-4.786247e+00	1.671704e+00	-3.776157e+00	4.395894e-01	3.050881e-01	1.987770e-01	1.812468e-01	7.926938e-01	8.315777e-01	7.671100e+00	
12  25.5622	3.205092e+00	-5.681297e+00	4.134170e-01	-4.786247e+00	1.671704e+00	-3.776157e+00	4.395894e-01	3.050881e-01	1.987770e-01	1.812468e-01	7.926938e-01	8.252431e-01	7.671100e+00	
12  24.6476	3.205092e+00	-5.681297e+00	2.409195e-01	-4.631546e+00	1.569077e+00	-3.390419e+00	4.249889e-01	3.164140e-01	2.189290e-01	1.715573e-01	8.635449e-01	8.252431e-01	7.671100e+00	
5  24.3297	3.205092e+00	-5.681297e+00	3.432161e-01	-4.303313e+00	1.550249e+00	-3.323112e+00	4.174763e-01	3.205447e-01	2.270989e-01	1.628515e-01	8.890420e-01	8.252431e-01	7.671100e+00	
3  23.47	3.205092e+00	-5.681297e+00	3.398729e-01	-4.314507e+00	1.551989e+00	-3.286886e+00	3.895545e-01	3.229076e-01	2.421426e-01	1.359472e-01	6.821791e-01	8.252431e-01	7.671100e+00	
2  23.2681	3.523796e+00	-5.808062e+00	3.398729e-01	-4.314507e+00	1.551989e+00	-3.286886e+00	3.895545e-01	3.229076e-01	2.421426e-01	1.359472e-01	6.821791e-01	8.255644e-01	7.671100e+00	
5  23.939	3.523796e+00	-5.808062e+00	2.494481e-01	-4.068946e+00	1.562505e+00	-3.421536e+00	3.723563e-01	3.217793e-01	1.934120e-01	1.449602e-01	9.861640e-01	8.255644e-01	7.671100e+00	
10  25.8499	3.523796e+00	-5.808062e+00	4.580546e-01	-4.292661e+00	1.569680e+00	-3.524689e+00	3.607301e-01	3.319411e-01	2.335663e-01	1.629627e-01	6.060928e-01	8.255644e-01	7.671100e+00	
2  25.7108	3.523796e+00	-5.808062e+00	3.852960e-01	-4.653203e+00	1.535359e+00	-3.413149e+00	3.462801e-01	3.337366e-01	2.322363e-01	1.711770e-01	7.871501e-01	8.255644e-01	7.671100e+00	
5  26.1021	3.523796e+00	-5.808062e+00	4.918684e-01	-4.836206e+00	1.543852e+00	-3.496928e+00	3.822342e-01	3.262784e-01	1.999497e-01	1.583105e-01	4.469080e-01	8.255644e-01	7.671100e+00	
25  24.4852	3.523796e+00	-5.808062e+00	5.883429e-01	-4.934622e+00	1.627619e+00	-3.228098e+00	3.816182e-01	3.173937e-01	2.028355e-01	1.565184e-01	6.802446e-01	8.255644e-01	7.671100e+00	
1  26.2865	3.523796e+00	-5.808062e+00	9.168309e-01	-4.737363e+00	1.631743e+00	-3.282082e+00	4.012264e-01	2.847157e-01	2.100361e-01	1.538378e-01	7.074815e-01	8.255644e-01	7.671100e+00	
7  25.5886	3.523796e+00	-5.808062e+00	8.788011e-01	-4.778121e+00	1.656184e+00	-3.607610e+00	4.098135e-01	2.917305e-01	2.145303e-01	1.438496e-01	5.300957e-01	8.255644e-01	7.671100e+00	
1  26.1971	3.523796e+00	-5.808062e+00	8.386509e-01	-4.163918e+00	1.628679e+00	-3.902648e+00	4.236225e-01	3.086243e-01	2.117944e-01	1.320699e-01	7.459697e-01	8.255644e-01	7.671100e+00	
5  25.9963	3.523796e+00	-5.808062e+00	8.082813e-01	-4.147347e+00	1.561326e+00	-4.043656e+00	4.188584e-01	2.682125e-01	1.886817e-01	1.380418e-01	8.057605e-01	8.255644e-01	7.671100e+00	
1  26.3353	3.523796e+00	-5.808062e+00	7.923252e-01	-4.292467e+00	1.628692e+00	-4.465812e+00	4.174802e-01	2.594485e-01	2.135578e-01	1.193872e-01	3.582288e-01	8.255644e-01	7.671100e+00	
23  24.8415	3.523796e+00	-5.808062e+00	9.431173e-01	-4.501947e+00	1.635842e+00	-4.870189e+00	4.248877e-01	2.620514e-01	2.448705e-01	1.185138e-01	6.357192e-01	8.255644e-01	7.671100e+00	
19  27.3415	3.523796e+00	-5.808062e+00	1.105011e+00	-4.720831e+00	1.569915e+00	-4.523007e+00	4.545129e-01	2.955272e-01	2.178900e-01	9.355703e-02	3.836518e-01	8.255644e-01	7.671100e+00	
6  26.692	3.523796e+00	-5.808062e+00	9.534090e-01	-4.938835e+00	1.638079e+00	-4.586598e+00	4.800632e-01	3.060838e-01	2.432787e-01	8.849317e-02	2.946735e-01	8.255644e-01	7.671100e+00	
3  23.7198	3.523796e+00	-5.808062e+00	8.186146e-01	-4.645851e+00	1.669760e+00	-4.519713e+00	4.468284e-01	2.930910e-01	2.508092e-01	8.464915e-02	5.518116e-01	8.255644e-01	7.671100e+00	
43  21.8132	3.523796e+00	-5.808062e+00	7.002395e-01	-4.248226e+00	1.675745e+00	-4.605200e+00	4.495433e-01	2.882689e-01	2.487788e-01	1.002076e-01	4.801397e-01	8.255644e-01	7.671100e+00	
19  22.1117	3.523796e+00	-5.808062e+00	7.147347e-01	-4.444316e+00	1.618393e+00	-4.910611e+00	4.550103e-01	3.046175e-01	2.157641e-01	8.773299e-02	2.538758e-01	8.255644e-01	7.671100e+00	
29  22.8303	2.713479e+00	-5.599218e+00	7.147347e-01	-4.444316e+00	1.618393e+00	-4.910611e+00	4.550103e-01	3.046175e-01	2.157641e-01	8.773299e-02	2.538758e-01	8.322336e-01	7.671100e+00	
7  25.4133	2.713479e+00	-5.599218e+00	6.804419e-01	-4.394919e+00	1.621477e+00	-4.480532e+00	4.567321e-01	2.883393e-01	1.947916e-01	1.005116e-01	5.604519e-01	8.322336e-01	7.671100e+00	
18  26.6224	2.713479e+00	-5.599218e+00	6.999374e-01	-4.506268e+00	1.570556e+00	-4.838824e+00	4.602678e-01	2.775119e-01	1.877568e-01	9.840582e-02	5.558723e-02	8.322336e-01	7.671100e+00	
5  26.6931	2.774712e+00	-4.640515e+00	6.999374e-01	-4.506268e+00	1.570556e+00	-4.838824e+00	4.602678e-01	2.775119e-01	1.877568e-01	9.840582e-02	5.558723e-02	8.288227e-01	7.671100e+00	
6  24.0501	2.774712e+00	-4.640515e+00	5.674917e-01	-4.757250e+00	1.554279e+00	-4.752391e+00	4.591039e-01	2.845004e-01	1.880877e-01	1.079147e-01	5.059216e-01	8.288227e-01	7.671100e+00	
10  24.3571	3.398413e+00	-4.771280e+00	5.674917e-01	-4.757250e+00	1.554279e+00	-4.752391e+00	4.591039e-01	2.845004e-01	1.880877e-01	1.079147e-01	5.059216e-01	8.310347e-01	7.671100e+00	
2  24.507	3.398413e+00	-4.771280e+00	4.537452e-01	-4.625818e+00	1.544734e+00	-4.566143e+00	4.478943e-01	2.792325e-01	2.225128e-01	1.251165e-01	7.602595e-01	8.310347e-01	7.671100e+00	
12  24.5492	3.586455e+00	-4.554436e+00	4.537452e-01	-4.625818e+00	1.544734e+00	-4.566143e+00	4.478943e-01	2.792325e-01	2.225128e-01	1.251165e-01	7.602595e-01	8.250474e-01	7.671100e+00	
10  21.6737	3.586455e+00	-4.554436e+00	4.155040e-01	-4.467984e+00	1.591193e+00	-4.153574e+00	4.003373e-01	2.799627e-01	2.216771e-01	1.206670e-01	8.947451e-01	8.250474e-01	7.671100e+00	
4  21.7754	3.651260e+00	-5.155267e+00	4.155040e-01	-4.467984e+00	1.591193e+00	-4.153574e+00	4.003373e-01	2.799627e-01	2.216771e-01	1.206670e-01	8.947451e-01	8.290257e-01	7.671100e+00	
9  21.9736	3.651260e+00	-5.155267e+00	5.440663e-01	-4.464276e+00	1.614326e+00	-3.824675e+00	3.987854e-01	2.817307e-01	2.410387e-01	1.159766e-01	7.680523e-01	8.290257e-01	7.671100e+00	
4  21.3131	3.651260e+00	-5.155267e+00	6.236223e-01	-3.881581e+00	1.573288e+00	-3.750904e+00	4.103388e-01	2.709932e-01	2.442852e-01	8.812266e-02	8.721506e-01	8.290257e-01	7.671100e+00	
2  24.6798	3.651260e+00	-5.155267e+00	5.773324e-01	-3.834750e+00	1.614779e+00	-3.648698e+00	3.974254e-01	2.697616e-01	2.610771e-01	1.294148e-01	7.425136e-01	8.290257e-01	7.671100e+00	
6  24.4457	3.651260e+00	-5.155267e+00	7.586868e-01	-4.785290e+00	1.607963e+00	-4.247663e+00	3.979399e-01	2.522605e-01	2.573171e-01	1.342186e-01	8.533055e-01	8.290257e-01	7.671100e+00	
1  24.1154	3.651260e+00	-5.155267e+00	6.641273e-01	-4.721894e+00	1.597932e+00	-4.219438e+00	3.898047e-01	2.555598e-01	2.837901e-01	1.379605e-01	9.703255e-01	8.290257e-01	7.671100e+00	
3  23.5585	3.651260e+00	-5.155267e+00	4.858304e-01	-3.550771e+00	1.543717e+00	-4.035028e+00	3.662461e-01	2.706385e-01	2.857387e-01	1.560624e-01	9.088166e-01	8.290257e-01	7.671100e+00	
9  22.9312	3.651260e+00	-5.155267e+00	4.314430e-01	-3.594292e+00	1.536300e+00	-3.359706e+00	3.601207e-01	2.953124e-01	2.815319e-01	1.466210e-01	9.348796e-01	8.290257e-01	7.671100e+00	
14  23.1791	3.651260e+00	-5.155267e+00	5.813236e-01	-3.794240e+00	1.538962e+00	-3.539409e+00	3.735072e-01	3.003020e-01	2.931311e-01	1.237258e-01	8.816121e-01	8.290257e-01	7.671100e+00	
8  22.0022	3.651260e+00	-5.155267e+00	5.082954e-01	-3.999386e+00	1.488831e+00	-3.428160e+00	4.124510e-01	2.814553e-01	2.626700e-01	1.024195e-01	8.171550e-01	8.290257e-01	7.671100e+00	
8  21.2429	3.651260e+00	-5.155267e+00	3.956063e-01	-3.453894e+00	1.494457e+00	-3.917165e+00	4.131772e-01	2.879791e-01	2.895702e-01	6.381185e-02	9.756683e-01	8.290257e-01	7.671100e+00	
21  21.6864	3.651260e+00	-5.155267e+00	4.554550e-01	-3.387033e+00	1.561099e+00	-4.109874e+00	4.388801e-01	2.854467e-01	2.779663e-01	9.076285e-02	9.329958e-01	8.290257e-01	7.671100e+00	
5  23.7716	3.651260e+00	-5.155267e+00	3.558254e-01	-3.352397e+00	1.581287e+00	-4.546832e+00	4.513881e-01	2.649996e-01	2.977688e-01	9.548223e-02	9.813225e-01	8.290257e-01	7.671100e+00	
1  23.1672	3.651260e+00	-5.155267e+00	4.035623e-01	-3.613425e+00	1.617720e+00	-4.572313e+00	4.434200e-01	2.696123e-01	2.973471e-01	1.378583e-01	9.578975e-01	8.290257e-01	7.671100e+00	
30  22.7949	3.651260e+00	-5.155267e+00	6.775232e-01	-3.439765e+00	1.575558e+00	-4.704102e+00	4.238261e-01	2.759904e-01	2.908544e-01	1.511541e-01	9.059585e-01	8.290257e-01	7.671100e+00	
8  22.2051	3.651260e+00	-5.155267e+00	5.799945e-01	-3.610560e+00	1.626934e+00	-4.829592e+00	4.015164e-01	2.786498e-01	2.786091e-01	1.452242e-01	9.105185e-01	8.290257e-01	7.671100e+00	
5  22.1533	3.651260e+00	-5.155267e+00	6.165871e-01	-4.004903e+00	1.619248e+00	-4.521989e+00	4.175267e-01	2.754452e-01	2.496277e-01	1.427521e-01	9.866667e-01	8.290257e-01	7.671100e+00	
17  22.8291	3.651260e+00	-5.155267e+00	6.874289e-01	-4.628345e+00	1.667933e+00	-4.805735e+00	4.200400e-01	2.636069e-01	2.451570e-01	1.509992e-01	9.889620e-01	8.290257e-01	7.671100e+00	
9  22.9983	3.651260e+00	-5.155267e+00	6.274493e-01	-3.944781e+00	1.674285e+00	-4.274541e+00	4.380431e-01	2.772025e-01	2.421352e-01	1.296758e-01	9.855700e-01	8.290257e-01	7.671100e+00	
17  22.2246	3.396501e+00	-4.204077e+00	6.274493e-01	-3.944781e+00	1.674285e+00	-4.274541e+00	4.380431e-01	2.772025e-01	2.421352e-01	1.296758e-01	9.855700e-01	8.304920e-01	7.671100e+00	
13  21.5228	3.396501e+00	-4.204077e+00	5.989503e-01	-4.438333e+00	1.614040e+00	-4.261255e+00	3.953788e-01	2.668171e-01	2.381029e-01	1.162487e-01	9.588823e-01	8.304920e-01	7.671100e+00	
8  21.0322	3.396501e+00	-4.204077e+00	8.875226e-01	-4.559400e+00	1.603277e+00	-3.819749e+00	4.134241e-01	2.754085e-01	2.415636e-01	1.121030e-01	5.336111e-01	8.304920e-01	7.671100e+00	
1  20.6076	3.396501e+00	-4.204077e+00	6.758314e-01	-4.887817e+00	1.551288e+00	-3.574924e+00	4.178388e-01	2.895803e-01	2.363770e-01	9.180450e-02	7.666484e-01	8.304920e-01	7.671100e+00	
34  21.9294	3.396501e+00	-4.204077e+00	1.069434e+00	-4.675956e+00	1.538056e+00	-3.259529e+00	4.045203e-01	2.906775e-01	2.313991e-01	7.926438e-02	6.119601e-01	8.304920e-01	7.671100e+00	
3  23.8298	3.396501e+00	-4.204077e+00	6.029550e-01	-4.158662e+00	1.541254e+00	-3.172721e+00	4.124401e-01	2.583430e-01	2.324534e-01	8.360383e-02	9.018146e-01	8.304920e-01	7.671100e+00	
6  21.132	3.396501e+00	-4.204077e+00	8.657051e-01	-4.211163e+00	1.492244e+00	-2.856856e+00	4.067462e-01	2.871324e-01	2.416919e-01	6.278216e-02	5.802048e-01	8.304920e-01	7.671100e+00	
4  21.9338	3.396501e+00	-4.204077e+00	9.584354e-01	-4.587278e+00	1.499721e+00	-2.442420e+00	3.823181e-01	2.833543e-01	2.537521e-01	6.829121e-02	5.794322e-01	8.304920e-01	7.671100e+00	
43  23.0643	3.396501e+00	-4.204077e+00	9.374579e-01	-4.348308e+00	1.512827e+00	-1.957543e+00	4.009853e-01	3.021522e-01	2.500380e-01	7.258636e-02	4.498672e-01	8.304920e-01	7.671100e+00	
5  23.3702	3.396501e+00	-4.204077e+00	8.532970e-01	-4.322590e+00	1.471028e+00	-2.107411e+00	4.149819e-01	2.854647e-01	2.318463e-01	7.190933e-02	6.235507e-01	8.304920e-01	7.671100e+00	
11  22.0472	3.396501e+00	-4.204077e+00	8.696372e-01	-4.496944e+00	1.498299e+00	-2.825286e+00	3.925468e-01	2.757517e-01	2.079052e-01	5.497462e-02	7.909979e-01	8.304920e-01	7.671100e+00	
3  22.0767	3.396501e+00	-4.204077e+00	7.828253e-01	-4.438282e+00	1.462838e+00	-2.223884e+00	3.735385e-01	2.984770e-01	1.792604e-01	6.535114e-02	7.500864e-01	8.304920e-01	7.671100e+00	
17  21.4815	3.396501e+00	-4.204077e+00	6.518350e-01	-4.742531e+00	1.441607e+00	-1.493631e+00	3.735031e-01	2.878423e-01	2.084051e-01	2.472864e-02	7.425753e-01	8.304920e-01	7.671100e+00	
8  21.3167	3.379396e+00	-5.054629e+00	6.518350e-01	-4.742531e+00	1.441607e+00	-1.493631e+00	3.735031e-01	2.878423e-01	2.084051e-01	2.472864e-02	7.425753e-01	8.304763e-01	7.671100e+00	
15  23.1678	3.379396e+00	-5.054629e+00	9.733267e-01	-4.685313e+00	1.437965e+00	-1.763930e+00	3.788227e-01	2.758032e-01	1.988503e-01	3.346602e-02	4.114448e-01	8.304763e-01	7.671100e+00	
32  23.1723	3.656019e+00	-4.281028e+00	9.733267e-01	-4.685313e+00	1.437965e+00	-1.763930e+00	3.788227e-01	2.758032e-01	1.988503e-01	3.346602e-02	4.114448e-01	8.298906e-01	7.671100e+00	
6  23.4957	3.594071e+00	-4.107625e+00	9.733267e-01	-4.685313e+00	1.437965e+00	-1.763930e+00	3.788227e-01	2.758032e-01	1.988503e-01	3.346602e-02	4.114448e-01	8.284447e-01	7.671100e+00	
21  21.2949	3.594071e+00	-4.107625e+00	9.094026e-01	-4.998720e+00	1.513053e+00	-1.202930e+00	3.706770e-01	3.007529e-01	2.007993e-01	4.159495e-02	3.236820e-01	8.284447e-01	7.671100e+00	
74  20.2148	3.594071e+00	-4.107625e+00	7.147859e-01	-4.607774e+00	1.445737e+00	-8.628566e-01	3.775463e-01	3.281292e-01	1.709317e-01	2.563986e-02	3.456812e-01	8.284447e-01	7.671100e+00	
6  20.587	3.594071e+00	-4.107625e+00	6.362183e-01	-3.825115e+00	1.446195e+00	-4.008224e-02	3.840947e-01	3.220053e-01	1.946622e-01	3.669374e-02	3.940238e-01	8.284447e-01	7.671100e+00	
31  22.6795	3.594071e+00	-4.107625e+00	5.864979e-01	-3.414514e+00	1.426141e+00	2.938171e-01	3.990866e-01	3.165359e-01	1.819051e-01	7.081969e-02	4.360230e-01	8.284447e-01	7.671100e+00	
31  23.5948	3.594071e+00	-4.107625e+00	6.729574e-01	-3.672089e+00	1.464523e+00	5.054596e-01	3.706567e-01	3.371573e-01	2.031867e-01	9.864955e-02	3.328074e-01	8.284447e-01	7.671100e+00	
14  22.814	3.594071e+00	-4.107625e+00	4.909554e-01	-3.767920e+00	1.414014e+00	4.543416e-01	3.799063e-01	3.409295e-01	1.874564e-01	9.024120e-02	4.499919e-01	8.284447e-01	7.671100e+00	
15  22.1496	3.594071e+00	-4.107625e+00	5.447720e-01	-3.709204e+00	1.435403e+00	-3.453619e-01	3.667585e-01	3.109566e-01	2.385970e-01	9.320385e-02	5.197639e-01	8.284447e-01	7.671100e+00	
13  22.1107	3.391885e+00	-4.232451e+00	5.447720e-01	-3.709204e+00	1.435403e+00	-3.453619e-01	3.667585e-01	3.109566e-01	2.385970e-01	9.320385e-02	5.197639e-01	8.255368e-01	7.671100e+00	
21  22.7397	3.391885e+00	-4.232451e+00	5.974143e-01	-4.286366e+00	1.418889e+00	-2.425728e-01	3.702303e-01	3.101377e-01	2.271057e-01	1.151633e-01	6.696804e-01	8.255368e-01	7.671100e+00	
5  24.9491	3.103041e+00	-4.379688e+00	5.974143e-01	-4.286366e+00	1.418889e+00	-2.425728e-01	3.702303e-01	3.101377e-01	2.271057e-01	1.151633e-01	6.696804e-01	8.244978e-01	7.671100e+00	
4  24.9859	3.103041e+00	-4.379688e+00	7.272079e-01	-4.246857e+00	1.391163e+00	-5.260382e-01	3.672612e-01	3.165254e-01	1.889487e-01	1.020673e-01	6.271798e-02	8.244978e-01	7.671100e+00	
14  24.5575	3.103041e+00	-4.379688e+00	7.243971e-01	-4.689151e+00	1.407071e+00	-1.224436e+00	3.620349e-01	3.278947e-01	1.499028e-01	1.061090e-01	8.578334e-02	8.244978e-01	7.671100e+00	
10  26.063	3.103041e+00	-4.379688e+00	4.327649e-01	-4.822014e+00	1.328179e+00	-8.361795e-01	3.726788e-01	3.207224e-01	1.517702e-01	1.044229e-01	7.561699e-01	8.244978e-01	7.671100e+00	
20  26.015	2.996431e+00	-4.275407e+00	4.327649e-01	-4.822014e+00	1.328179e+00	-8.361795e-01	3.726788e-01	3.207224e-01	1.517702e-01	1.044229e-01	7.561699e-01	8.284012e-01	7.671100e+00	
11  24.5778	2.996431e+00	-4.275407e+00	5.404276e-01	-4.567491e+00	1.337099e+00	-1.330057e-01	3.756067e-01	3.121173e-01	1.634331e-01	1.136685e-01	5.735600e-01	8.284012e-01	7.671100e+00	
12  22.0359	2.996431e+00	-4.275407e+00	7.206012e-01	-4.569082e+00	1.379368e+00	-3.844883e-02	3.707940e-01	3.072482e-01	1.454164e-01	7.936181e-02	1.330002e-01	8.284012e-01	7.671100e+00	
12  22.5063	3.098831e+00	-5.047573e+00	7.206012e-01	-4.569082e+00	1.379368e+00	-3.844883e-02	3.707940e-01	3.072482e-01	1.454164e-01	7.936181e-02	1.330002e-01	8.233243e-01	7.671100e+00	
21  22.2143	3.050379e+00	-5.046330e+00	7.206012e-01	-4.569082e+00	1.379368e+00	-3.844883e-02	3.707940e-01	3.072482e-01	1.454164e-01	7.936181e-02	1.330002e-01	8.233721e-01	7.671100e+00	
19  22.3282	2.765250e+00	-4.598976e+00	7.206012e-01	-4.569082e+00	1.379368e+00	-3.844883e-02	3.707940e-01	3.072482e-01	1.454164e-01	7.936181e-02	1.330002e-01	8.270334e-01	7.671100e+00	
7  24.9104	2.765250e+00	-4.598976e+00	7.079193e-01	-4.395987e+00	1.330568e+00	3.981812e-01	3.723958e-01	3.221815e-01	1.521650e-01	9.288865e-02	3.355023e-01	8.270334e-01	7.671100e+00	
3  23.563	2.765250e+00	-4.598976e+00	6.671962e-01	-4.658415e+00	1.330995e+00	4.711821e-01	3.718491e-01	3.236490e-01	1.584415e-01	8.302980e-02	3.993076e-01	8.270334e-01	7.671100e+00	
4  22.6406	2.765250e+00	-4.598976e+00	6.414346e-01	-4.572803e+00	1.325412e+00	9.342705e-01	3.605980e-01	3.068470e-01	1.873012e-01	6.983192e-02	8.098958e-02	8.270334e-01	7.671100e+00	
3  22.6837	2.846689e+00	-5.013447e+00	6.414346e-01	-4.572803e+00	1.325412e+00	9.342705e-01	3.605980e-01	3.068470e-01	1.873012e-01	6.983192e-02	8.098958e-02	8.320894e-01	7.671100e+00	
21  24.4574	2.846689e+00	-5.013447e+00	6.719879e-01	-4.654047e+00	1.377685e+00	1.109781e+00	3.502668e-01	3.345593e-01	1.753717e-01	8.183485e-02	6.706237e-02	8.320894e-01	7.671100e+00	
12  24.5162	2.846689e+00	-5.013447e+00	3.866829e-01	-4.880091e+00	1.433219e+00	1.495268e+00	3.557846e-01	3.397747e-01	1.869882e-01	6.957336e-02	7.072286e-01	8.320894e-01	7.671100e+00	
6  24.1768	2.846689e+00	-5.013447e+00	3.921139e-01	-4.757475e+00	1.446614e+00	8.966295e-01	3.496425e-01	3.546657e-01	1.923891e-01	4.742119e-02	5.534479e-01	8.320894e-01	7.671100e+00	
25  24.0364	2.846689e+00	-5.013447e+00	5.177365e-01	-4.831831e+00	1.391674e+00	3.790463e-01	3.634315e-01	3.180552e-01	2.066674e-01	2.563039e-02	6.870310e-01	8.320894e-01	7.671100e+00	
9  21.6422	3.632034e+00	-5.065805e+00	5.177365e-01	-4.831831e+00	1.391674e+00	3.790463e-01	3.634315e-01	3.180552e-01	2.066674e-01	2.563039e-02	6.870310e-01	8.294636e-01	7.671100e+00	
6  22.4471	3.632034e+00	-5.065805e+00	4.961548e-01	-3.838279e+00	1.415659e+00	8.136590e-02	3.832823e-01	3.145435e-01	1.875586e-01	2.422916e-02	7.194766e-01	8.294636e-01	7.671100e+00	
16  21.9955	3.632034e+00	-5.065805e+00	4.851480e-01	-3.946009e+00	1.372056e+00	2.343992e-02	3.693986e-01	3.263940e-01	1.773542e-01	3.690615e-02	4.840181e-01	8.294636e-01	7.671100e+00	
24  20.7191	3.632034e+00	-5.065805e+00	5.979281e-01	-3.895609e+00	1.345591e+00	-2.162808e-02	3.806472e-01	3.274238e-01	1.983565e-01	2.956871e-02	5.115353e-01	8.294636e-01	7.671100e+00	
8  20.6864	3.200997e+00	-5.172913e+00	5.979281e-01	-3.895609e+00	1.345591e+00	-2.162808e-02	3.806472e-01	3.274238e-01	1.983565e-01	2.956871e-02	5.115353e-01	8.223746e-01	7.671100e+00	
61  20.9905	3.200997e+00	-5.172913e+00	5.804446e-01	-3.710664e+00	1.355434e+00	-3.990922e-01	3.796189e-01	3.338553e-01	1.990494e-01	2.456709e-02	5.374044e-01	8.223746e-01	7.671100e+00	
15  21.6275	3.200997e+00	-5.172913e+00	4.413590e-01	-3.738303e+00	1.357308e+00	-8.419706e-01	3.837232e-01	3.276908e-01	1.978366e-01	4.113958e-02	7.811645e-01	8.223746e-01	7.671100e+00	
22  21.3164	3.200997e+00	-5.172913e+00	5.031271e-01	-3.689520e+00	1.383468e+00	-5.602278e-01	3.694435e-01	3.207716e-01	2.021907e-01	3.758437e-02	7.693854e-01	8.223746e-01	7.671100e+00	
29  21.1845	3.200997e+00	-5.172913e+00	5.444727e-01	-3.098784e+00	1.334466e+00	-4.819273e-01	3.766095e-01	3.539346e-01	2.046222e-01	3.073732e-02	5.022833e-01	8.223746e-01	7.671100e+00	
4  24.6452	3.200997e+00	-5.172913e+00	7.800463e-01	-3.321039e+00	1.320526e+00	2.480153e-01	3.755334e-01	3.013077e-01	2.197799e-01	3.143136e-02	6.464647e-01	8.223746e-01	7.671100e+00	
2  22.9349	3.200997e+00	-5.172913e+00	8.036866e-01	-3.477101e+00	1.269398e+00	-4.691129e-01	3.723049e-01	2.960220e-01	2.462339e-01	4.197068e-02	6.142877e-01	8.223746e-01	7.671100e+00	
9  22.1256	3.200997e+00	-5.172913e+00	5.869171e-01	-3.970147e+00	1.293910e+00	-5.553014e-01	3.580612e-01	3.179547e-01	2.442943e-01	3.623679e-02	7.593887e-01	8.223746e-01	7.671100e+00	
15  21.9713	3.200997e+00	-5.172913e+00	6.570244e-01	-4.504576e+00	1.259701e+00	-1.033628e-01	3.656391e-01	3.139788e-01	2.306678e-01	4.796879e-02	8.152165e-01	8.223746e-01	7.671100e+00	
6  21.8445	3.625553e+00	-4.554204e+00	6.570244e-01	-4.504576e+00	1.259701e+00	-1.033628e-01	3.656391e-01	3.139788e-01	2.306678e-01	4.796879e-02	8.152165e-01	8.296070e-01	7.671100e+00	
6  21.8486	3.625553e+00	-4.554204e+00	7.780047e-01	-4.455376e+00	1.254498e+00	-1.115544e-01	3.946611e-01	2.992654e-01	2.173954e-01	4.343134e-02	5.509104e-01	8.296070e-01	7.671100e+00	
2  22.691	3.625553e+00	-4.554204e+00	6.595447e-01	-4.758088e+00	1.256705e+00	-6.668064e-01	3.861907e-01	2.976096e-01	2.265426e-01	6.051662e-02	4.826546e-01	8.296070e-01	7.671100e+00	
6  22.8627	3.625553e+00	-4.554204e+00	6.696967e-01	-4.711811e+00	1.235472e+00	-7.179067e-01	3.541003e-01	3.132602e-01	1.955138e-01	5.201545e-02	5.071531e-01	8.296070e-01	7.671100e+00	
20  21.4124	3.625553e+00	-4.554204e+00	6.238201e-01	-4.176791e+00	1.237688e+00	-2.316037e-02	3.855565e-01	3.202999e-01	2.034867e-01	6.924074e-02	5.069346e-01	8.296070e-01	7.671100e+00	
29  22.2361	3.625553e+00	-4.554204e+00	6.292943e-01	-3.017871e+00	1.315376e+00	2.297218e-01	3.706298e-01	3.193472e-01	2.071175e-01	4.554843e-02	7.287453e-01	8.296070e-01	7.671100e+00	
32  21.7701	3.625553e+00	-4.554204e+00	5.685502e-01	-3.374952e+00	1.348811e+00	9.229616e-01	3.884014e-01	3.087846e-01	1.998700e-01	5.072479e-02	5.638297e-01	8.296070e-01	7.671100e+00	
7  20.7711	3.625553e+00	-4.554204e+00	7.473553e-01	-3.681960e+00	1.304172e+00	-2.428483e-02	3.833169e-01	3.080384e-01	2.190429e-01	5.096107e-02	4.461372e-01	8.296070e-01	7.671100e+00	
5  22.2125	3.625553e+00	-4.554204e+00	4.316630e-01	-3.509304e+00	1.273433e+00	-3.847994e-02	3.580416e-01	3.233019e-01	2.238209e-01	4.409354e-02	8.612134e-01	8.296070e-01	7.671100e+00	
