6  21.8529	3.000000e+00	6.025464e-01	-3.802719e+00	1.547194e+00	-1.395073e+00	3.548768e-01	2.992241e-01	2.468444e-01	7.492009e-02	8.386680e-01	8.234345e-01	7.671100e+00	
10  21.2602	3.000000e+00	5.956720e-01	-2.898721e+00	1.494251e+00	-1.305987e+00	3.560346e-01	3.189290e-01	1.807463e-01	1.014175e-01	8.578253e-01	8.234345e-01	7.671100e+00	
28  21.6281	3.000000e+00	1.086585e+00	-2.637935e+00	1.520897e+00	-1.518026e+00	3.704078e-01	3.203218e-01	2.181658e-01	7.177938e-02	5.000056e-01	8.234345e-01	7.671100e+00	
14  20.5176	3.000000e+00	1.179103e+00	-3.223828e+00	1.596799e+00	-2.630035e+00	4.173760e-01	3.337122e-01	1.896348e-01	6.020569e-02	7.780989e-01	8.234345e-01	7.671100e+00	
86  21.8727	3.000000e+00	1.278944e+00	-3.514067e+00	1.625687e+00	-2.562826e+00	4.075665e-01	3.328590e-01	2.520913e-01	4.369203e-02	6.741016e-01	8.234345e-01	7.671100e+00	
56  22.2277	3.000000e+00	9.852797e-01	-4.184461e+00	1.550290e+00	-3.808504e+00	3.832204e-01	2.999021e-01	2.154290e-01	3.392592e-02	7.958609e-01	8.234345e-01	7.671100e+00	
36  23.1314	4.465810e+00	9.852797e-01	-4.184461e+00	1.550290e+00	-3.808504e+00	3.832204e-01	2.999021e-01	2.154290e-01	3.392592e-02	7.958609e-01	8.248809e-01	7.671100e+00	
4  22.1321	4.465810e+00	1.078363e+00	-4.514318e+00	1.490997e+00	-2.246404e+00	3.926150e-01	3.080045e-01	1.883337e-01	5.281635e-02	3.717380e-01	8.248809e-01	7.671100e+00	
20  22.2687	3.186770e+00	1.078363e+00	-4.514318e+00	1.490997e+00	-2.246404e+00	3.926150e-01	3.080045e-01	1.883337e-01	5.281635e-02	3.717380e-01	8.260451e-01	7.671100e+00	
21  22.0776	2.820157e+00	1.078363e+00	-4.514318e+00	1.490997e+00	-2.246404e+00	3.926150e-01	3.080045e-01	1.883337e-01	5.281635e-02	3.717380e-01	8.231851e-01	7.671100e+00	
29  22.386	2.820157e+00	9.188632e-01	-4.847940e+00	1.380439e+00	-2.987770e+00	3.970479e-01	2.866750e-01	2.043747e-01	1.143457e-01	7.237856e-02	8.231851e-01	7.671100e+00	
10  23.458	5.579815e+00	9.188632e-01	-4.847940e+00	1.380439e+00	-2.987770e+00	3.970479e-01	2.866750e-01	2.043747e-01	1.143457e-01	7.237856e-02	8.306367e-01	7.671100e+00	
50  22.2311	2.118245e+00	9.188632e-01	-4.847940e+00	1.380439e+00	-2.987770e+00	3.970479e-01	2.866750e-01	2.043747e-01	1.143457e-01	7.237856e-02	8.257133e-01	7.671100e+00	
20  23.2061	2.064324e+00	9.188632e-01	-4.847940e+00	1.380439e+00	-2.987770e+00	3.970479e-01	2.866750e-01	2.043747e-01	1.143457e-01	7.237856e-02	8.270844e-01	7.671100e+00	
90  23.4773	3.029781e+00	9.188632e-01	-4.847940e+00	1.380439e+00	-2.987770e+00	3.970479e-01	2.866750e-01	2.043747e-01	1.143457e-01	7.237856e-02	8.234380e-01	7.671100e+00	
70  25.4059	4.408894e+00	9.188632e-01	-4.847940e+00	1.380439e+00	-2.987770e+00	3.970479e-01	2.866750e-01	2.043747e-01	1.143457e-01	7.237856e-02	8.272038e-01	7.671100e+00	
10  24.9459	4.482738e+00	9.188632e-01	-4.847940e+00	1.380439e+00	-2.987770e+00	3.970479e-01	2.866750e-01	2.043747e-01	1.143457e-01	7.237856e-02	8.202568e-01	7.671100e+00	
60  21.9227	3.045112e+00	9.188632e-01	-4.847940e+00	1.380439e+00	-2.987770e+00	3.970479e-01	2.866750e-01	2.043747e-01	1.143457e-01	7.237856e-02	8.238413e-01	7.671100e+00	
90  22.2024	2.194514e+00	9.188632e-01	-4.847940e+00	1.380439e+00	-2.987770e+00	3.970479e-01	2.866750e-01	2.043747e-01	1.143457e-01	7.237856e-02	8.258213e-01	7.671100e+00	
20  22.944	2.235781e+00	9.188632e-01	-4.847940e+00	1.380439e+00	-2.987770e+00	3.970479e-01	2.866750e-01	2.043747e-01	1.143457e-01	7.237856e-02	8.278045e-01	7.671100e+00	
10  22.3075	2.809809e+00	9.188632e-01	-4.847940e+00	1.380439e+00	-2.987770e+00	3.970479e-01	2.866750e-01	2.043747e-01	1.143457e-01	7.237856e-02	8.230745e-01	7.671100e+00	
146  19.9329	2.913137e+00	9.188632e-01	-4.847940e+00	1.380439e+00	-2.987770e+00	3.970479e-01	2.866750e-01	2.043747e-01	1.143457e-01	7.237856e-02	8.234744e-01	7.671100e+00	
24  25.2252	2.913137e+00	9.821461e-01	-4.365475e+00	1.395016e+00	-4.009550e+00	4.182971e-01	2.921935e-01	2.300399e-01	1.549045e-01	7.818210e-01	8.234744e-01	7.671100e+00	
79  24.9941	3.478793e+00	9.821461e-01	-4.365475e+00	1.395016e+00	-4.009550e+00	4.182971e-01	2.921935e-01	2.300399e-01	1.549045e-01	7.818210e-01	8.250139e-01	7.671100e+00	
1  22.431	3.478793e+00	7.741538e-01	-4.694318e+00	1.423585e+00	-3.867699e+00	4.266256e-01	3.168166e-01	2.453824e-01	9.143857e-02	7.389312e-01	8.250139e-01	7.671100e+00	
49  22.1946	3.913656e+00	7.741538e-01	-4.694318e+00	1.423585e+00	-3.867699e+00	4.266256e-01	3.168166e-01	2.453824e-01	9.143857e-02	7.389312e-01	8.220181e-01	7.671100e+00	
222  21.9108	3.913656e+00	9.512984e-01	-4.720812e+00	1.555151e+00	-3.219246e+00	3.804094e-01	2.928152e-01	1.892175e-01	7.953898e-02	1.343342e-01	8.220181e-01	7.671100e+00	
19  22.5747	3.913656e+00	9.970125e-01	-4.768422e+00	1.475300e+00	-3.822944e+00	4.291446e-01	2.954191e-01	2.131472e-01	7.754324e-02	5.438906e-01	8.220181e-01	7.671100e+00	
10  21.6094	4.216359e+00	9.970125e-01	-4.768422e+00	1.475300e+00	-3.822944e+00	4.291446e-01	2.954191e-01	2.131472e-01	7.754324e-02	5.438906e-01	8.229687e-01	7.671100e+00	
30  21.9868	3.862282e+00	9.970125e-01	-4.768422e+00	1.475300e+00	-3.822944e+00	4.291446e-01	2.954191e-01	2.131472e-01	7.754324e-02	5.438906e-01	8.230887e-01	7.671100e+00	
20  23.6312	4.902687e+00	9.970125e-01	-4.768422e+00	1.475300e+00	-3.822944e+00	4.291446e-01	2.954191e-01	2.131472e-01	7.754324e-02	5.438906e-01	8.251674e-01	7.671100e+00	
2  24.7341	5.249608e+00	9.970125e-01	-4.768422e+00	1.475300e+00	-3.822944e+00	4.291446e-01	2.954191e-01	2.131472e-01	7.754324e-02	5.438906e-01	8.217313e-01	7.671100e+00	
2  23.3714	5.249608e+00	1.208430e+00	-3.476718e+00	1.474717e+00	-3.613290e+00	4.559221e-01	3.412353e-01	2.361426e-01	6.811945e-02	7.217052e-01	8.217313e-01	7.671100e+00	
9  24.1403	5.249608e+00	1.711319e+00	-2.362927e+00	1.550556e+00	-3.278375e+00	4.285738e-01	3.765280e-01	2.427491e-01	1.051539e-01	8.499132e-01	8.217313e-01	7.671100e+00	
7  21.4585	5.249608e+00	1.427917e+00	-1.804479e+00	1.637729e+00	-2.823472e+00	4.262992e-01	4.216703e-01	2.233215e-01	8.954655e-02	9.306342e-01	8.217313e-01	7.671100e+00	
20  22.3818	4.717472e+00	1.427917e+00	-1.804479e+00	1.637729e+00	-2.823472e+00	4.262992e-01	4.216703e-01	2.233215e-01	8.954655e-02	9.306342e-01	8.195919e-01	7.671100e+00	
26  22.5187	5.281575e+00	1.427917e+00	-1.804479e+00	1.637729e+00	-2.823472e+00	4.262992e-01	4.216703e-01	2.233215e-01	8.954655e-02	9.306342e-01	8.234645e-01	7.671100e+00	
117  21.7184	5.281575e+00	1.550037e+00	-2.879524e+00	1.566474e+00	-2.545785e+00	4.335040e-01	3.985965e-01	2.753626e-01	9.472301e-02	7.040998e-01	8.234645e-01	7.671100e+00	
14  21.7609	5.281575e+00	1.530056e+00	-2.813132e+00	1.525408e+00	-2.708641e+00	4.471294e-01	4.016304e-01	2.428765e-01	5.466717e-02	9.404378e-01	8.234645e-01	7.671100e+00	
16  21.4306	5.281575e+00	1.585777e+00	-3.992353e+00	1.452650e+00	-2.192977e+00	4.674768e-01	3.979446e-01	2.441730e-01	1.050217e-01	9.356987e-01	8.234645e-01	7.671100e+00	
4  22.1451	5.281575e+00	1.205054e+00	-3.163341e+00	1.477640e+00	-2.547492e+00	3.836795e-01	3.347996e-01	2.169168e-01	5.855594e-02	9.971259e-01	8.234645e-01	7.671100e+00	
100  20.2545	5.281575e+00	1.172991e+00	-2.920284e+00	1.423771e+00	-2.219536e+00	3.840078e-01	3.226364e-01	2.102089e-01	8.055607e-02	8.952907e-01	8.234645e-01	7.671100e+00	
139  21.0618	5.281575e+00	9.218021e-01	-2.517686e+00	1.436012e+00	-2.022228e+00	3.559501e-01	2.874486e-01	1.905683e-01	1.057364e-01	8.426850e-01	8.234645e-01	7.671100e+00	
9  21.8189	5.281575e+00	7.320594e-01	-4.180850e+00	1.406265e+00	-2.707359e+00	3.962156e-01	2.921556e-01	2.088177e-01	6.594107e-02	8.719605e-01	8.234645e-01	7.671100e+00	
35  19.4886	5.281575e+00	7.444302e-01	-3.990393e+00	1.393884e+00	-3.095181e+00	3.789836e-01	2.823581e-01	2.909053e-01	7.635818e-02	9.133032e-01	8.234645e-01	7.671100e+00	
10  19.5099	4.476320e+00	7.444302e-01	-3.990393e+00	1.393884e+00	-3.095181e+00	3.789836e-01	2.823581e-01	2.909053e-01	7.635818e-02	9.133032e-01	8.246916e-01	7.671100e+00	
10  19.8722	4.880019e+00	7.444302e-01	-3.990393e+00	1.393884e+00	-3.095181e+00	3.789836e-01	2.823581e-01	2.909053e-01	7.635818e-02	9.133032e-01	8.219399e-01	7.671100e+00	
97  19.5893	4.536300e+00	7.444302e-01	-3.990393e+00	1.393884e+00	-3.095181e+00	3.789836e-01	2.823581e-01	2.909053e-01	7.635818e-02	9.133032e-01	8.225164e-01	7.671100e+00	
61  20.1482	4.536300e+00	7.764982e-01	-4.488133e+00	1.362397e+00	-2.306885e+00	3.630580e-01	3.269084e-01	2.731178e-01	4.438186e-02	9.315170e-01	8.225164e-01	7.671100e+00	
9  21.2581	4.536300e+00	9.654969e-01	-3.568052e+00	1.405554e+00	-2.194645e+00	4.088809e-01	3.181631e-01	2.578863e-01	1.103773e-01	6.765195e-01	8.225164e-01	7.671100e+00	
41  23.0719	4.536300e+00	1.279378e+00	-2.686301e+00	1.440118e+00	-3.328634e+00	4.116944e-01	3.012812e-01	2.624303e-01	1.193670e-01	7.731093e-01	8.225164e-01	7.671100e+00	
40  22.5206	4.536300e+00	1.368089e+00	-3.420707e+00	1.474233e+00	-2.972558e+00	4.331251e-01	3.398294e-01	2.892320e-01	8.385478e-02	9.742539e-01	8.225164e-01	7.671100e+00	
9  22.2757	4.536300e+00	1.058746e+00	-2.650157e+00	1.565326e+00	-4.219452e+00	4.233841e-01	3.304315e-01	2.758264e-01	6.065224e-02	6.857947e-01	8.225164e-01	7.671100e+00	
2  21.4075	4.536300e+00	1.280680e+00	-3.361677e+00	1.567731e+00	-3.936415e+00	4.241698e-01	3.586790e-01	2.618634e-01	8.197208e-02	8.281591e-01	8.225164e-01	7.671100e+00	
81  21.7661	4.536300e+00	1.436520e+00	-4.448226e+00	1.612280e+00	-4.554227e+00	4.123537e-01	3.511799e-01	2.498388e-01	1.368992e-01	5.464883e-01	8.225164e-01	7.671100e+00	
20  24.5349	3.289230e+00	1.436520e+00	-4.448226e+00	1.612280e+00	-4.554227e+00	4.123537e-01	3.511799e-01	2.498388e-01	1.368992e-01	5.464883e-01	8.240130e-01	7.671100e+00	
62  23.4935	4.688072e+00	1.436520e+00	-4.448226e+00	1.612280e+00	-4.554227e+00	4.123537e-01	3.511799e-01	2.498388e-01	1.368992e-01	5.464883e-01	8.216565e-01	7.671100e+00	
111  20.3719	4.688072e+00	5.968895e-01	-4.367189e+00	1.579473e+00	-3.055136e+00	3.900654e-01	3.478960e-01	2.528206e-01	4.453228e-02	8.743315e-01	8.216565e-01	7.671100e+00	
17  19.937	4.688072e+00	7.830587e-01	-4.756775e+00	1.507874e+00	-2.339356e+00	4.088888e-01	3.400032e-01	2.120399e-01	9.875223e-02	5.073880e-01	8.216565e-01	7.671100e+00	
10  21.4269	3.720774e+00	7.830587e-01	-4.756775e+00	1.507874e+00	-2.339356e+00	4.088888e-01	3.400032e-01	2.120399e-01	9.875223e-02	5.073880e-01	8.266664e-01	7.671100e+00	
10  22.7905	5.462546e+00	7.830587e-01	-4.756775e+00	1.507874e+00	-2.339356e+00	4.088888e-01	3.400032e-01	2.120399e-01	9.875223e-02	5.073880e-01	8.287829e-01	7.671100e+00	
15  21.4264	4.594634e+00	7.830587e-01	-4.756775e+00	1.507874e+00	-2.339356e+00	4.088888e-01	3.400032e-01	2.120399e-01	9.875223e-02	5.073880e-01	8.218206e-01	7.671100e+00	
6  21.4957	4.594634e+00	1.084190e+00	-3.237625e+00	1.490711e+00	-3.017898e+00	3.777946e-01	3.299282e-01	2.382880e-01	8.149602e-02	6.280321e-01	8.218206e-01	7.671100e+00	
17  20.5073	4.594634e+00	8.197300e-01	-4.538932e+00	1.442613e+00	-2.770845e+00	3.820196e-01	3.216361e-01	2.109800e-01	1.166544e-01	8.507692e-01	8.218206e-01	7.671100e+00	
1  21.8428	4.594634e+00	8.933466e-01	-3.636311e+00	1.421407e+00	-1.855598e+00	3.611279e-01	3.443011e-01	2.466937e-01	5.768372e-02	4.656534e-01	8.218206e-01	7.671100e+00	
69  21.7358	4.594634e+00	1.022730e+00	-4.479773e+00	1.404757e+00	-2.779380e+00	3.792794e-01	3.134046e-01	2.510465e-01	1.213454e-01	3.043172e-01	8.218206e-01	7.671100e+00	
32  22.0483	4.594634e+00	9.155361e-01	-3.833087e+00	1.495028e+00	-3.092372e+00	4.299451e-01	3.249947e-01	2.457074e-01	1.396277e-01	7.070970e-01	8.218206e-01	7.671100e+00	
2  21.9548	3.859303e+00	9.155361e-01	-3.833087e+00	1.495028e+00	-3.092372e+00	4.299451e-01	3.249947e-01	2.457074e-01	1.396277e-01	7.070970e-01	8.252390e-01	7.671100e+00	
77  21.8653	3.859303e+00	1.135374e+00	-3.751702e+00	1.607636e+00	-3.675535e+00	4.257932e-01	3.536291e-01	2.851145e-01	1.198972e-01	6.894126e-01	8.252390e-01	7.671100e+00	
71  21.1214	3.859303e+00	8.701858e-01	-2.650468e+00	1.449582e+00	-3.072177e+00	3.834536e-01	3.365954e-01	2.392109e-01	1.052239e-01	4.696841e-01	8.252390e-01	7.671100e+00	
58  23.8762	5.016747e+00	8.701858e-01	-2.650468e+00	1.449582e+00	-3.072177e+00	3.834536e-01	3.365954e-01	2.392109e-01	1.052239e-01	4.696841e-01	8.204926e-01	7.671100e+00	
17  23.5275	5.016747e+00	7.187277e-01	-4.004401e+00	1.506303e+00	-2.465286e+00	3.598992e-01	2.920193e-01	2.186375e-01	1.380130e-01	5.017640e-01	8.204926e-01	7.671100e+00	
35  23.496	5.016747e+00	8.540271e-01	-3.564130e+00	1.551458e+00	-2.731295e+00	3.991156e-01	2.625653e-01	2.422702e-01	8.878749e-02	5.599783e-01	8.204926e-01	7.671100e+00	
1  23.7781	4.770467e+00	8.540271e-01	-3.564130e+00	1.551458e+00	-2.731295e+00	3.991156e-01	2.625653e-01	2.422702e-01	8.878749e-02	5.599783e-01	8.223684e-01	7.671100e+00	
12  21.299	4.770467e+00	7.975910e-01	-4.652965e+00	1.506584e+00	-2.485086e+00	3.621884e-01	3.150893e-01	1.982957e-01	8.081802e-02	7.405809e-01	8.223684e-01	7.671100e+00	
98  22.863	4.770467e+00	8.865708e-01	-2.886236e+00	1.370503e+00	-2.225119e+00	3.534709e-01	2.654115e-01	2.660439e-01	8.310396e-02	9.203522e-01	8.223684e-01	7.671100e+00	
31  23.019	4.770467e+00	1.409803e+00	-2.974385e+00	1.468324e+00	-1.648804e+00	3.851597e-01	2.826440e-01	2.180466e-01	7.574609e-02	9.984680e-01	8.223684e-01	7.671100e+00	
10  19.194	4.770467e+00	6.158056e-01	-2.217270e+00	1.470853e+00	-2.434064e+00	3.629816e-01	2.863924e-01	2.243169e-01	7.992216e-02	9.873953e-01	8.223684e-01	7.671100e+00	
15  22.2309	4.770467e+00	1.204545e+00	-2.703594e+00	1.541853e+00	-2.615134e+00	3.948411e-01	2.970893e-01	2.266449e-01	1.111856e-01	9.946829e-01	8.223684e-01	7.671100e+00	
143  21.6595	4.770467e+00	9.292401e-01	-2.113483e+00	1.517749e+00	-2.691108e+00	4.218441e-01	3.147517e-01	2.224577e-01	9.509026e-02	6.155706e-01	8.223684e-01	7.671100e+00	
6  21.5688	3.491951e+00	9.292401e-01	-2.113483e+00	1.517749e+00	-2.691108e+00	4.218441e-01	3.147517e-01	2.224577e-01	9.509026e-02	6.155706e-01	8.216125e-01	7.671100e+00	
104  20.8428	3.491951e+00	4.930794e-01	-1.210349e+00	1.454444e+00	-1.098233e+00	3.835302e-01	3.242554e-01	2.096728e-01	8.290541e-02	8.208165e-01	8.216125e-01	7.671100e+00	
60  20.466	4.048565e+00	4.930794e-01	-1.210349e+00	1.454444e+00	-1.098233e+00	3.835302e-01	3.242554e-01	2.096728e-01	8.290541e-02	8.208165e-01	8.253043e-01	7.671100e+00	
10  21.5102	4.358893e+00	4.930794e-01	-1.210349e+00	1.454444e+00	-1.098233e+00	3.835302e-01	3.242554e-01	2.096728e-01	8.290541e-02	8.208165e-01	8.239197e-01	7.671100e+00	
320  20.5132	5.782326e+00	4.930794e-01	-1.210349e+00	1.454444e+00	-1.098233e+00	3.835302e-01	3.242554e-01	2.096728e-01	8.290541e-02	8.208165e-01	8.217898e-01	7.671100e+00	
16  20.7344	2.436868e+00	4.930794e-01	-1.210349e+00	1.454444e+00	-1.098233e+00	3.835302e-01	3.242554e-01	2.096728e-01	8.290541e-02	8.208165e-01	8.260691e-01	7.671100e+00	
20  24.2396	2.436868e+00	7.334895e-01	-9.589072e-01	1.599543e+00	-7.439487e-01	3.781972e-01	3.114357e-01	1.908394e-01	9.143494e-02	6.539559e-01	8.260691e-01	7.671100e+00	
24  22.9365	2.436868e+00	3.902207e-01	-2.280185e+00	1.605737e+00	-1.537670e+00	3.843049e-01	3.132035e-01	2.072809e-01	1.359015e-01	8.959586e-01	8.260691e-01	7.671100e+00	
20  22.928	4.341867e+00	3.902207e-01	-2.280185e+00	1.605737e+00	-1.537670e+00	3.843049e-01	3.132035e-01	2.072809e-01	1.359015e-01	8.959586e-01	8.239222e-01	7.671100e+00	
40  23.6912	4.132155e+00	3.902207e-01	-2.280185e+00	1.605737e+00	-1.537670e+00	3.843049e-01	3.132035e-01	2.072809e-01	1.359015e-01	8.959586e-01	8.249684e-01	7.671100e+00	
120  24.1144	4.717866e+00	3.902207e-01	-2.280185e+00	1.605737e+00	-1.537670e+00	3.843049e-01	3.132035e-01	2.072809e-01	1.359015e-01	8.959586e-01	8.249234e-01	7.671100e+00	
34  24.1325	4.219342e+00	3.902207e-01	-2.280185e+00	1.605737e+00	-1.537670e+00	3.843049e-01	3.132035e-01	2.072809e-01	1.359015e-01	8.959586e-01	8.222532e-01	7.671100e+00	
66  23.8823	4.219342e+00	4.681442e-01	-3.052555e+00	1.460205e+00	-1.967054e+00	3.950156e-01	3.240571e-01	2.032791e-01	1.387195e-01	7.370061e-01	8.222532e-01	7.671100e+00	
10  23.566	4.962556e+00	4.681442e-01	-3.052555e+00	1.460205e+00	-1.967054e+00	3.950156e-01	3.240571e-01	2.032791e-01	1.387195e-01	7.370061e-01	8.291125e-01	7.671100e+00	
19  22.9905	2.894831e+00	4.681442e-01	-3.052555e+00	1.460205e+00	-1.967054e+00	3.950156e-01	3.240571e-01	2.032791e-01	1.387195e-01	7.370061e-01	8.267573e-01	7.671100e+00	
126  25.8524	2.894831e+00	7.261234e-01	-2.317359e+00	1.496284e+00	-1.835084e+00	3.675516e-01	3.418438e-01	2.395961e-01	9.593688e-02	3.125346e-01	8.267573e-01	7.671100e+00	
5  24.2976	2.894831e+00	1.032815e+00	-2.156580e+00	1.485187e+00	-2.069825e+00	3.831486e-01	3.342608e-01	2.055103e-01	7.074061e-02	4.096282e-01	8.267573e-01	7.671100e+00	
10  24.1004	2.975946e+00	1.032815e+00	-2.156580e+00	1.485187e+00	-2.069825e+00	3.831486e-01	3.342608e-01	2.055103e-01	7.074061e-02	4.096282e-01	8.245518e-01	7.671100e+00	
10  23.6474	3.221667e+00	1.032815e+00	-2.156580e+00	1.485187e+00	-2.069825e+00	3.831486e-01	3.342608e-01	2.055103e-01	7.074061e-02	4.096282e-01	8.235905e-01	7.671100e+00	
45  22.2097	3.295015e+00	1.032815e+00	-2.156580e+00	1.485187e+00	-2.069825e+00	3.831486e-01	3.342608e-01	2.055103e-01	7.074061e-02	4.096282e-01	8.262345e-01	7.671100e+00	
19  24.0266	3.295015e+00	9.344978e-01	-1.592804e+00	1.547006e+00	-2.325282e+00	3.494828e-01	3.087683e-01	2.270211e-01	9.669186e-02	8.544247e-01	8.262345e-01	7.671100e+00	
14  21.818	3.295015e+00	1.148945e+00	-1.480007e+00	1.491998e+00	-2.140907e+00	4.108455e-01	3.254159e-01	2.557786e-01	9.013831e-02	7.483525e-01	8.262345e-01	7.671100e+00	
41  24.9081	3.295015e+00	1.265015e+00	-1.661217e+00	1.450938e+00	-1.131071e+00	4.076757e-01	3.320224e-01	2.379535e-01	3.074260e-02	3.932041e-01	8.262345e-01	7.671100e+00	
28  22.2244	3.295015e+00	1.424149e+00	-2.799908e+00	1.520275e+00	-9.677627e-01	3.792593e-01	3.802562e-01	1.951382e-01	9.678710e-02	7.715902e-01	8.262345e-01	7.671100e+00	
105  21.7523	3.295015e+00	1.482588e+00	-2.202735e+00	1.475699e+00	-1.796055e+00	4.183854e-01	3.769534e-01	1.973932e-01	9.560090e-02	8.569618e-01	8.262345e-01	7.671100e+00	
29  21.7094	3.295015e+00	1.475596e+00	-4.237666e+00	1.507329e+00	-3.030020e+00	3.969863e-01	3.697306e-01	2.785877e-01	1.344162e-01	7.902640e-01	8.262345e-01	7.671100e+00	
21  21.806	3.295015e+00	1.307825e+00	-4.399797e+00	1.290591e+00	-2.002198e+00	3.724075e-01	3.521047e-01	2.419758e-01	1.452027e-01	9.490581e-01	8.262345e-01	7.671100e+00	
94  21.245	3.295015e+00	7.963337e-01	-4.117677e+00	1.418302e+00	-1.598922e+00	3.568877e-01	3.363150e-01	2.634018e-01	4.746980e-02	5.598897e-01	8.262345e-01	7.671100e+00	
10  19.4032	3.295015e+00	7.398400e-01	-4.616724e+00	1.390463e+00	-2.253597e+00	3.601076e-01	3.321209e-01	2.476249e-01	9.285160e-02	8.100675e-01	8.262345e-01	7.671100e+00	
4  21.7283	3.295015e+00	7.050136e-01	-4.110320e+00	1.432571e+00	-1.895738e+00	3.629398e-01	3.491305e-01	2.115570e-01	8.284819e-02	4.124004e-01	8.262345e-01	7.671100e+00	
105  21.6407	2.066806e+00	7.050136e-01	-4.110320e+00	1.432571e+00	-1.895738e+00	3.629398e-01	3.491305e-01	2.115570e-01	8.284819e-02	4.124004e-01	8.253358e-01	7.671100e+00	
135  23.1074	2.066806e+00	7.006220e-01	-4.725707e+00	1.456354e+00	-1.859483e+00	3.611080e-01	2.937019e-01	2.491859e-01	7.280322e-02	4.160868e-01	8.253358e-01	7.671100e+00	
20  21.5854	3.276014e+00	7.006220e-01	-4.725707e+00	1.456354e+00	-1.859483e+00	3.611080e-01	2.937019e-01	2.491859e-01	7.280322e-02	4.160868e-01	8.232397e-01	7.671100e+00	
130  21.2981	2.175803e+00	7.006220e-01	-4.725707e+00	1.456354e+00	-1.859483e+00	3.611080e-01	2.937019e-01	2.491859e-01	7.280322e-02	4.160868e-01	8.256050e-01	7.671100e+00	
27  21.9856	2.899860e+00	7.006220e-01	-4.725707e+00	1.456354e+00	-1.859483e+00	3.611080e-01	2.937019e-01	2.491859e-01	7.280322e-02	4.160868e-01	8.258405e-01	7.671100e+00	
19  22.9972	2.899860e+00	6.092222e-01	-4.778395e+00	1.324007e+00	-7.259619e-01	3.735130e-01	3.125954e-01	1.875958e-01	5.965605e-02	4.563836e-01	8.258405e-01	7.671100e+00	
190  19.6956	2.899860e+00	5.932701e-01	-2.998662e+00	1.394633e+00	-9.225002e-01	3.571713e-01	2.866234e-01	1.628140e-01	7.433286e-02	5.984450e-02	8.258405e-01	7.671100e+00	
9  24.7183	2.899860e+00	5.750751e-01	-3.119514e+00	1.404050e+00	-4.059904e-01	3.648133e-01	2.776918e-01	1.335952e-01	7.399459e-02	1.441596e-01	8.258405e-01	7.671100e+00	
93  25.1732	2.899860e+00	6.162101e-01	-3.293975e+00	1.351074e+00	-9.148644e-01	3.146038e-01	3.018756e-01	1.393747e-01	8.976953e-02	8.533204e-02	8.258405e-01	7.671100e+00	
175  23.9397	2.899860e+00	6.256980e-01	-4.306307e+00	1.389796e+00	-1.306106e+00	3.199819e-01	3.130257e-01	1.572431e-01	9.696428e-02	6.484233e-03	8.258405e-01	7.671100e+00	
23  22.326	2.899860e+00	6.448790e-01	-3.870951e+00	1.369622e+00	-1.835439e+00	3.748026e-01	3.400904e-01	1.701975e-01	9.178258e-02	3.614184e-01	8.258405e-01	7.671100e+00	
24  22.6598	2.899860e+00	9.265407e-01	-4.595359e+00	1.422490e+00	-2.196237e+00	3.745941e-01	3.461602e-01	2.303074e-01	1.241111e-01	7.335520e-01	8.258405e-01	7.671100e+00	
29  22.9648	3.997944e+00	9.265407e-01	-4.595359e+00	1.422490e+00	-2.196237e+00	3.745941e-01	3.461602e-01	2.303074e-01	1.241111e-01	7.335520e-01	8.224224e-01	7.671100e+00	
1  22.0246	3.997944e+00	3.121167e-01	-3.943438e+00	1.346632e+00	-2.078998e+00	3.646029e-01	3.724529e-01	2.339701e-01	1.329269e-01	9.312794e-01	8.224224e-01	7.671100e+00	
3  23.2612	3.924587e+00	3.121167e-01	-3.943438e+00	1.346632e+00	-2.078998e+00	3.646029e-01	3.724529e-01	2.339701e-01	1.329269e-01	9.312794e-01	8.186321e-01	7.671100e+00	
2  24.1268	3.924587e+00	7.560314e-01	-4.457432e+00	1.245373e+00	-3.241755e+00	3.788836e-01	3.807886e-01	2.219637e-01	1.172844e-01	8.521521e-01	8.186321e-01	7.671100e+00	
227  24.0297	3.924587e+00	5.674200e-01	-4.502514e+00	1.329222e+00	-2.875726e+00	3.976313e-01	4.215835e-01	2.358315e-01	1.179758e-01	6.237479e-01	8.186321e-01	7.671100e+00	
27  28.3717	3.924587e+00	1.220587e+00	-4.268350e+00	1.413060e+00	-2.805779e+00	4.019843e-01	3.926002e-01	2.196193e-01	5.043572e-02	4.633926e-01	8.186321e-01	7.671100e+00	
1  24.7306	3.924587e+00	5.806039e-01	-3.389675e+00	1.446016e+00	-2.268896e+00	3.985355e-01	3.829818e-01	2.542636e-01	9.578457e-02	8.530548e-01	8.186321e-01	7.671100e+00	
24  23.9348	5.609653e+00	5.806039e-01	-3.389675e+00	1.446016e+00	-2.268896e+00	3.985355e-01	3.829818e-01	2.542636e-01	9.578457e-02	8.530548e-01	8.248025e-01	7.671100e+00	
16  24.327	5.609653e+00	3.964192e-01	-2.506137e+00	1.553011e+00	-9.916454e-01	4.177113e-01	3.781004e-01	2.031746e-01	6.453271e-02	9.114068e-01	8.248025e-01	7.671100e+00	
23  24.9226	4.461721e+00	3.964192e-01	-2.506137e+00	1.553011e+00	-9.916454e-01	4.177113e-01	3.781004e-01	2.031746e-01	6.453271e-02	9.114068e-01	8.255421e-01	7.671100e+00	
7  22.0567	4.461721e+00	6.683944e-01	-3.633338e+00	1.438590e+00	-1.336130e+00	3.960608e-01	3.443733e-01	2.066473e-01	3.470590e-02	7.508038e-01	8.255421e-01	7.671100e+00	
77  21.6689	4.325095e+00	6.683944e-01	-3.633338e+00	1.438590e+00	-1.336130e+00	3.960608e-01	3.443733e-01	2.066473e-01	3.470590e-02	7.508038e-01	8.221385e-01	7.671100e+00	
1  22.9151	4.325095e+00	6.281724e-01	-3.705198e+00	1.381674e+00	-1.157705e+00	3.852850e-01	3.664277e-01	1.885900e-01	7.700501e-02	3.665864e-01	8.221385e-01	7.671100e+00	
60  21.7475	4.325095e+00	9.105651e-01	-3.843486e+00	1.312821e+00	2.718548e-01	3.743722e-01	3.359206e-01	1.689731e-01	7.029362e-02	6.222216e-01	8.221385e-01	7.671100e+00	
2  21.4591	4.325095e+00	7.701016e-01	-4.940368e+00	1.288056e+00	1.000429e+00	3.842719e-01	3.776183e-01	2.139430e-01	7.437113e-02	4.432215e-01	8.221385e-01	7.671100e+00	
18  21.2251	5.202940e+00	7.701016e-01	-4.940368e+00	1.288056e+00	1.000429e+00	3.842719e-01	3.776183e-01	2.139430e-01	7.437113e-02	4.432215e-01	8.297025e-01	7.671100e+00	
29  20.9978	5.202940e+00	1.074475e+00	-4.726558e+00	1.245138e+00	7.836122e-01	4.030992e-01	3.812944e-01	2.007795e-01	5.574163e-02	6.573697e-01	8.297025e-01	7.671100e+00	
4  22.8458	5.202940e+00	1.182807e+00	-3.904421e+00	1.324234e+00	8.851007e-01	4.066955e-01	3.728824e-01	2.526031e-01	9.824867e-02	9.785910e-01	8.297025e-01	7.671100e+00	
20  23.1637	5.202940e+00	7.841374e-01	-4.629906e+00	1.390789e+00	1.707396e+00	3.854338e-01	4.294628e-01	2.608600e-01	7.898317e-02	5.203295e-01	8.297025e-01	7.671100e+00	
35  20.0364	5.202940e+00	1.309193e+00	-4.872483e+00	1.420296e+00	1.416298e-01	4.004850e-01	4.136140e-01	2.249819e-01	6.937692e-02	8.669065e-01	8.297025e-01	7.671100e+00	
3  21.0166	5.202940e+00	1.168952e+00	-3.608588e+00	1.480450e+00	5.312096e-01	3.890464e-01	4.267958e-01	2.045103e-01	7.081122e-02	7.656762e-01	8.297025e-01	7.671100e+00	
5  20.9743	5.202940e+00	1.163504e+00	-3.319013e+00	1.496457e+00	-1.240401e+00	3.765411e-01	3.731591e-01	2.122226e-01	6.793012e-02	6.101931e-01	8.297025e-01	7.671100e+00	
7  22.9722	5.202940e+00	1.168079e+00	-3.276706e+00	1.446910e+00	-1.581282e+00	3.696886e-01	3.996537e-01	1.983678e-01	5.247127e-02	8.026003e-01	8.297025e-01	7.671100e+00	
12  22.6716	5.202940e+00	1.237292e+00	-4.128337e+00	1.626784e+00	-6.906188e-01	4.241375e-01	3.464498e-01	2.059103e-01	1.155973e-01	9.549671e-01	8.297025e-01	7.671100e+00	
59  20.8575	5.202940e+00	1.068055e+00	-4.763059e+00	1.592629e+00	-3.549446e-01	4.042894e-01	3.074489e-01	2.277973e-01	4.174741e-02	3.600001e-01	8.297025e-01	7.671100e+00	
94  21.3086	5.202940e+00	1.147297e+00	-3.926946e+00	1.615210e+00	1.331424e-01	3.750571e-01	3.117525e-01	2.103202e-01	5.620922e-02	4.336473e-01	8.297025e-01	7.671100e+00	
7  21.2696	5.202940e+00	9.606856e-01	-4.011007e+00	1.682376e+00	-1.712196e+00	4.054218e-01	3.727774e-01	2.078655e-01	3.664067e-02	9.794604e-01	8.297025e-01	7.671100e+00	
2  22.6949	5.202940e+00	5.900677e-01	-3.141053e+00	1.559870e+00	-2.075477e+00	3.963051e-01	4.010876e-01	2.082182e-01	5.912051e-02	8.599420e-01	8.297025e-01	7.671100e+00	
63  23.0057	5.202940e+00	8.969832e-01	-2.243023e+00	1.600251e+00	-1.204024e+00	4.302429e-01	4.224049e-01	2.017212e-01	4.993506e-02	8.279526e-01	8.297025e-01	7.671100e+00	
56  20.7089	5.202940e+00	1.342574e+00	-3.204502e+00	1.576706e+00	-2.253051e+00	4.353299e-01	3.801620e-01	2.679355e-01	6.467057e-02	6.003175e-01	8.297025e-01	7.671100e+00	
45  21.3863	5.202940e+00	9.131544e-01	-2.810812e+00	1.507316e+00	-1.494508e+00	4.220596e-01	3.682995e-01	2.420665e-01	6.536492e-02	8.627580e-01	8.297025e-01	7.671100e+00	
14  20.5537	5.202940e+00	1.081957e+00	-4.096999e+00	1.497435e+00	-2.780899e+00	4.243430e-01	3.504575e-01	2.631838e-01	6.092832e-02	6.983330e-01	8.297025e-01	7.671100e+00	
5  21.6357	5.202940e+00	1.196487e+00	-4.128820e+00	1.526541e+00	-3.143299e+00	3.676424e-01	3.747945e-01	2.593342e-01	1.004111e-01	9.915289e-01	8.297025e-01	7.671100e+00	
28  21.4007	5.202940e+00	7.481847e-01	-3.520861e+00	1.514797e+00	-3.622262e+00	3.840280e-01	3.780591e-01	2.766509e-01	1.127585e-01	8.672143e-01	8.297025e-01	7.671100e+00	
37  21.4908	5.202940e+00	9.512296e-01	-3.469080e+00	1.497566e+00	-3.614575e+00	3.710524e-01	3.589489e-01	2.628072e-01	1.192802e-01	3.826123e-01	8.297025e-01	7.671100e+00	
18  21.5008	5.202940e+00	1.312944e+00	-4.918828e+00	1.516514e+00	-2.598555e+00	3.893748e-01	3.069162e-01	2.598283e-01	1.147630e-01	4.222571e-01	8.297025e-01	7.671100e+00	
61  22.6473	5.202940e+00	1.582711e+00	-4.692316e+00	1.555604e+00	-1.841363e+00	3.887323e-01	3.620311e-01	2.615331e-01	1.135771e-01	9.006815e-01	8.297025e-01	7.671100e+00	
26  22.91	5.202940e+00	1.402695e+00	-4.294453e+00	1.579876e+00	-8.850050e-01	3.899565e-01	4.166595e-01	2.505761e-01	1.139208e-01	5.872986e-01	8.297025e-01	7.671100e+00	
1  23.8673	5.202940e+00	1.585309e+00	-4.284831e+00	1.562003e+00	-1.544592e+00	4.645235e-01	3.985021e-01	2.399770e-01	1.066351e-01	4.877778e-01	8.297025e-01	7.671100e+00	
15  24.5286	5.202940e+00	9.930699e-01	-4.897008e+00	1.631111e+00	-1.567606e+00	4.544435e-01	3.509548e-01	3.059937e-01	1.166718e-01	7.565872e-01	8.297025e-01	7.671100e+00	
14  22.3831	5.202940e+00	1.834758e+00	-4.859669e+00	1.566121e+00	-8.454227e-01	5.088226e-01	3.735446e-01	2.774305e-01	9.448827e-02	7.172586e-01	8.297025e-01	7.671100e+00	
74  24.3798	5.202940e+00	1.815030e+00	-4.151315e+00	1.519898e+00	-5.898454e-01	4.366063e-01	3.335024e-01	2.665356e-01	9.547466e-02	9.223171e-01	8.297025e-01	7.671100e+00	
119  24.6888	5.202940e+00	1.399283e+00	-4.715973e+00	1.638133e+00	-9.788602e-01	4.656849e-01	3.452085e-01	2.255251e-01	1.379264e-01	5.696400e-01	8.297025e-01	7.671100e+00	
54  24.5646	5.202940e+00	1.770362e+00	-4.065355e+00	1.670868e+00	-3.952089e-01	4.832057e-01	3.704946e-01	2.033913e-01	1.082452e-01	8.883072e-01	8.297025e-01	7.671100e+00	
43  23.676	5.202940e+00	1.659678e+00	-3.553542e+00	1.663536e+00	8.592447e-03	4.726777e-01	4.241871e-01	1.940412e-01	1.025567e-01	8.568834e-01	8.297025e-01	7.671100e+00	
2  21.8553	5.202940e+00	1.775981e+00	-3.689922e+00	1.659995e+00	-7.027303e-01	4.638758e-01	3.953338e-01	2.071446e-01	6.230179e-02	9.818942e-01	8.297025e-01	7.671100e+00	
50  22.8353	3.339368e+00	1.775981e+00	-3.689922e+00	1.659995e+00	-7.027303e-01	4.638758e-01	3.953338e-01	2.071446e-01	6.230179e-02	9.818942e-01	8.258326e-01	7.671100e+00	
20  20.1018	3.214664e+00	1.775981e+00	-3.689922e+00	1.659995e+00	-7.027303e-01	4.638758e-01	3.953338e-01	2.071446e-01	6.230179e-02	9.818942e-01	8.267109e-01	7.671100e+00	
30  19.8163	5.196508e+00	1.775981e+00	-3.689922e+00	1.659995e+00	-7.027303e-01	4.638758e-01	3.953338e-01	2.071446e-01	6.230179e-02	9.818942e-01	8.284769e-01	7.671100e+00	
167  19.9077	5.331110e+00	1.775981e+00	-3.689922e+00	1.659995e+00	-7.027303e-01	4.638758e-01	3.953338e-01	2.071446e-01	6.230179e-02	9.818942e-01	8.199326e-01	7.671100e+00	
13  24.7898	5.331110e+00	1.785366e+00	-3.343572e+00	1.607140e+00	-1.548737e+00	5.075854e-01	4.199470e-01	2.057770e-01	2.772374e-02	8.762072e-01	8.199326e-01	7.671100e+00	
10  24.8163	4.823750e+00	1.785366e+00	-3.343572e+00	1.607140e+00	-1.548737e+00	5.075854e-01	4.199470e-01	2.057770e-01	2.772374e-02	8.762072e-01	8.230763e-01	7.671100e+00	
19  24.9045	3.403038e+00	1.785366e+00	-3.343572e+00	1.607140e+00	-1.548737e+00	5.075854e-01	4.199470e-01	2.057770e-01	2.772374e-02	8.762072e-01	8.244490e-01	7.671100e+00	
61  24.5108	3.403038e+00	1.846495e+00	-3.204358e+00	1.568992e+00	-7.832788e-01	5.194039e-01	3.343320e-01	1.931376e-01	5.627505e-02	9.893651e-01	8.244490e-01	7.671100e+00	
10  25.6316	3.482979e+00	1.846495e+00	-3.204358e+00	1.568992e+00	-7.832788e-01	5.194039e-01	3.343320e-01	1.931376e-01	5.627505e-02	9.893651e-01	8.247855e-01	7.671100e+00	
40  27.238	2.849699e+00	1.846495e+00	-3.204358e+00	1.568992e+00	-7.832788e-01	5.194039e-01	3.343320e-01	1.931376e-01	5.627505e-02	9.893651e-01	8.259384e-01	7.671100e+00	
20  26.4713	3.054785e+00	1.846495e+00	-3.204358e+00	1.568992e+00	-7.832788e-01	5.194039e-01	3.343320e-01	1.931376e-01	5.627505e-02	9.893651e-01	8.219280e-01	7.671100e+00	
28  26.4922	3.518078e+00	1.846495e+00	-3.204358e+00	1.568992e+00	-7.832788e-01	5.194039e-01	3.343320e-01	1.931376e-01	5.627505e-02	9.893651e-01	8.250089e-01	7.671100e+00	
2  28.5428	3.518078e+00	1.329818e+00	-3.901697e+00	1.679965e+00	1.981333e-01	4.609075e-01	3.519400e-01	1.546372e-01	9.490885e-02	7.978470e-01	8.250089e-01	7.671100e+00	
19  26.2775	3.233625e+00	1.329818e+00	-3.901697e+00	1.679965e+00	1.981333e-01	4.609075e-01	3.519400e-01	1.546372e-01	9.490885e-02	7.978470e-01	8.252457e-01	7.671100e+00	
103  23.0719	3.233625e+00	1.103241e+00	-3.359129e+00	1.672145e+00	-7.176556e-01	3.765352e-01	3.602805e-01	1.980758e-01	6.179935e-02	3.288037e-01	8.252457e-01	7.671100e+00	
30  22.9436	3.233625e+00	5.052926e-01	-3.949562e+00	1.597827e+00	-5.490784e-02	3.816284e-01	3.484824e-01	1.848746e-01	1.001899e-01	7.642212e-01	8.252457e-01	7.671100e+00	
38  20.6736	3.233625e+00	5.011907e-01	-2.153874e+00	1.499084e+00	-1.781488e+00	3.612805e-01	3.227546e-01	1.956900e-01	1.031814e-01	9.012243e-01	8.252457e-01	7.671100e+00	
60  20.8532	3.443168e+00	5.011907e-01	-2.153874e+00	1.499084e+00	-1.781488e+00	3.612805e-01	3.227546e-01	1.956900e-01	1.031814e-01	9.012243e-01	8.220936e-01	7.671100e+00	
20  20.7768	4.711295e+00	5.011907e-01	-2.153874e+00	1.499084e+00	-1.781488e+00	3.612805e-01	3.227546e-01	1.956900e-01	1.031814e-01	9.012243e-01	8.211379e-01	7.671100e+00	
10  21.9926	3.857470e+00	5.011907e-01	-2.153874e+00	1.499084e+00	-1.781488e+00	3.612805e-01	3.227546e-01	1.956900e-01	1.031814e-01	9.012243e-01	8.247283e-01	7.671100e+00	
13  21.0797	3.275559e+00	5.011907e-01	-2.153874e+00	1.499084e+00	-1.781488e+00	3.612805e-01	3.227546e-01	1.956900e-01	1.031814e-01	9.012243e-01	8.233060e-01	7.671100e+00	
31  22.1901	3.275559e+00	5.434931e-01	-3.337749e+00	1.480626e+00	-1.408552e+00	3.946534e-01	3.380992e-01	2.193540e-01	4.351721e-02	9.446884e-01	8.233060e-01	7.671100e+00	
16  23.0249	3.275559e+00	4.794512e-01	-2.674772e+00	1.388775e+00	-1.712494e+00	3.619207e-01	4.098115e-01	2.412794e-01	4.965321e-02	8.111599e-01	8.233060e-01	7.671100e+00	
10  24.2903	5.961532e+00	4.794512e-01	-2.674772e+00	1.388775e+00	-1.712494e+00	3.619207e-01	4.098115e-01	2.412794e-01	4.965321e-02	8.111599e-01	8.251955e-01	7.671100e+00	
30  22.9046	3.518103e+00	4.794512e-01	-2.674772e+00	1.388775e+00	-1.712494e+00	3.619207e-01	4.098115e-01	2.412794e-01	4.965321e-02	8.111599e-01	8.255666e-01	7.671100e+00	
13  22.8008	5.509045e+00	4.794512e-01	-2.674772e+00	1.388775e+00	-1.712494e+00	3.619207e-01	4.098115e-01	2.412794e-01	4.965321e-02	8.111599e-01	8.261063e-01	7.671100e+00	
35  23.6477	5.509045e+00	3.440150e-01	-2.111450e+00	1.356796e+00	-2.272172e+00	3.504458e-01	3.877986e-01	2.453896e-01	6.500160e-02	9.181693e-01	8.261063e-01	7.671100e+00	
42  21.9155	5.509045e+00	4.288917e-01	-2.983540e+00	1.396017e+00	-2.066600e+00	3.745068e-01	3.848675e-01	2.268055e-01	4.260159e-02	8.429273e-01	8.261063e-01	7.671100e+00	
8  21.9267	3.200401e+00	4.288917e-01	-2.983540e+00	1.396017e+00	-2.066600e+00	3.745068e-01	3.848675e-01	2.268055e-01	4.260159e-02	8.429273e-01	8.246387e-01	7.671100e+00	
24  21.0299	3.200401e+00	5.316393e-01	-3.158612e+00	1.345715e+00	-1.008727e+00	3.841855e-01	3.518114e-01	2.543150e-01	7.476068e-02	7.622962e-01	8.246387e-01	7.671100e+00	
19  20.7187	3.200401e+00	7.049320e-01	-4.073478e+00	1.428305e+00	-9.591394e-01	3.670479e-01	3.640524e-01	2.254147e-01	8.567426e-02	4.835910e-01	8.246387e-01	7.671100e+00	
79  20.4809	3.200401e+00	6.210736e-01	-4.490040e+00	1.390807e+00	-1.331782e+00	3.790566e-01	3.455513e-01	2.146759e-01	1.125776e-01	8.107379e-01	8.246387e-01	7.671100e+00	
94  20.593	4.517391e+00	6.210736e-01	-4.490040e+00	1.390807e+00	-1.331782e+00	3.790566e-01	3.455513e-01	2.146759e-01	1.125776e-01	8.107379e-01	8.252663e-01	7.671100e+00	
76  18.6609	4.517391e+00	8.313585e-01	-4.403582e+00	1.434738e+00	-1.379184e+00	3.769686e-01	3.140012e-01	2.138750e-01	6.462494e-02	6.169058e-01	8.252663e-01	7.671100e+00	
136  20.5241	5.234609e+00	8.313585e-01	-4.403582e+00	1.434738e+00	-1.379184e+00	3.769686e-01	3.140012e-01	2.138750e-01	6.462494e-02	6.169058e-01	8.248121e-01	7.671100e+00	
4  22.8687	5.234609e+00	8.118763e-01	-3.741963e+00	1.374288e+00	-8.742888e-01	3.525541e-01	3.228972e-01	2.109724e-01	7.258681e-02	1.552085e-01	8.248121e-01	7.671100e+00	
576  20.666	2.218339e+00	8.118763e-01	-3.741963e+00	1.374288e+00	-8.742888e-01	3.525541e-01	3.228972e-01	2.109724e-01	7.258681e-02	1.552085e-01	8.273828e-01	7.671100e+00	
74  21.6505	2.218339e+00	9.619807e-01	-2.837798e+00	1.356527e+00	-8.206982e-01	3.688664e-01	3.050698e-01	2.056420e-01	7.076751e-02	8.886829e-01	8.273828e-01	7.671100e+00	
15  20.0434	4.055817e+00	9.619807e-01	-2.837798e+00	1.356527e+00	-8.206982e-01	3.688664e-01	3.050698e-01	2.056420e-01	7.076751e-02	8.886829e-01	8.262673e-01	7.671100e+00	
14  21.2889	4.055817e+00	1.105112e+00	-3.700617e+00	1.290011e+00	-6.161800e-02	3.837183e-01	3.354667e-01	1.892830e-01	9.513744e-02	6.436989e-01	8.262673e-01	7.671100e+00	
71  21.1642	4.055817e+00	7.880486e-01	-4.415949e+00	1.439343e+00	-6.517145e-01	3.534635e-01	2.975790e-01	1.859993e-01	6.541766e-02	7.728696e-01	8.262673e-01	7.671100e+00	
23  20.9011	4.609006e+00	7.880486e-01	-4.415949e+00	1.439343e+00	-6.517145e-01	3.534635e-01	2.975790e-01	1.859993e-01	6.541766e-02	7.728696e-01	8.228558e-01	7.671100e+00	
97  21.4375	4.609006e+00	6.508615e-01	-4.090512e+00	1.318716e+00	-1.107695e+00	3.605875e-01	2.840233e-01	2.600493e-01	3.550848e-02	8.605613e-01	8.228558e-01	7.671100e+00	
50  21.9002	5.132411e+00	6.508615e-01	-4.090512e+00	1.318716e+00	-1.107695e+00	3.605875e-01	2.840233e-01	2.600493e-01	3.550848e-02	8.605613e-01	8.204720e-01	7.671100e+00	
80  22.08	3.809907e+00	6.508615e-01	-4.090512e+00	1.318716e+00	-1.107695e+00	3.605875e-01	2.840233e-01	2.600493e-01	3.550848e-02	8.605613e-01	8.269853e-01	7.671100e+00	
20  22.9279	4.245760e+00	6.508615e-01	-4.090512e+00	1.318716e+00	-1.107695e+00	3.605875e-01	2.840233e-01	2.600493e-01	3.550848e-02	8.605613e-01	8.254224e-01	7.671100e+00	
2  24.4535	3.065079e+00	6.508615e-01	-4.090512e+00	1.318716e+00	-1.107695e+00	3.605875e-01	2.840233e-01	2.600493e-01	3.550848e-02	8.605613e-01	8.273134e-01	7.671100e+00	
69  25.2154	3.065079e+00	5.073308e-01	-3.809736e+00	1.345367e+00	4.055067e-01	3.840982e-01	3.103056e-01	2.127476e-01	4.589945e-02	5.539188e-01	8.273134e-01	7.671100e+00	
3  24.9313	3.065079e+00	6.234644e-01	-4.129551e+00	1.504628e+00	-4.177213e-01	3.801336e-01	3.063291e-01	2.523706e-01	2.707884e-02	4.111228e-01	8.273134e-01	7.671100e+00	
6  24.2123	3.065079e+00	3.456127e-01	-3.553427e+00	1.474225e+00	-5.896525e-01	3.692808e-01	3.231429e-01	2.762545e-01	8.319414e-02	8.683541e-01	8.273134e-01	7.671100e+00	
90  23.3023	3.708298e+00	3.456127e-01	-3.553427e+00	1.474225e+00	-5.896525e-01	3.692808e-01	3.231429e-01	2.762545e-01	8.319414e-02	8.683541e-01	8.252232e-01	7.671100e+00	
176  23.2687	3.997269e+00	3.456127e-01	-3.553427e+00	1.474225e+00	-5.896525e-01	3.692808e-01	3.231429e-01	2.762545e-01	8.319414e-02	8.683541e-01	8.243030e-01	7.671100e+00	
15  22.4314	3.997269e+00	9.419433e-01	-3.586641e+00	1.397396e+00	-1.714081e+00	3.912048e-01	3.490556e-01	2.254333e-01	7.202788e-02	7.026275e-02	8.243030e-01	7.671100e+00	
23  22.9481	3.997269e+00	1.049610e+00	-4.319376e+00	1.361435e+00	-2.304862e+00	3.774291e-01	4.057059e-01	2.750811e-01	1.066658e-01	7.826505e-01	8.243030e-01	7.671100e+00	
54  21.5775	3.997269e+00	1.568701e+00	-4.763209e+00	1.447979e+00	-2.885113e+00	3.977611e-01	3.786109e-01	2.634145e-01	1.177619e-01	7.070200e-01	8.243030e-01	7.671100e+00	
4  21.4871	3.997269e+00	1.262037e+00	-4.505180e+00	1.356286e+00	-1.842730e+00	4.323989e-01	3.507999e-01	3.011526e-01	8.532672e-02	6.684794e-01	8.243030e-01	7.671100e+00	
58  22.5778	3.997269e+00	1.294976e+00	-4.048707e+00	1.418890e+00	-2.394163e+00	4.136552e-01	3.981354e-01	2.489720e-01	2.911885e-02	7.034795e-01	8.243030e-01	7.671100e+00	
33  22.3184	3.456190e+00	1.294976e+00	-4.048707e+00	1.418890e+00	-2.394163e+00	4.136552e-01	3.981354e-01	2.489720e-01	2.911885e-02	7.034795e-01	8.252548e-01	7.671100e+00	
26  24.1661	3.456190e+00	1.146607e+00	-3.731167e+00	1.502975e+00	-2.391806e+00	3.941206e-01	4.167156e-01	2.541201e-01	4.519389e-02	7.364613e-01	8.252548e-01	7.671100e+00	
31  21.6269	3.456190e+00	4.051145e-01	-3.724568e+00	1.434236e+00	-2.071641e+00	3.619902e-01	3.775652e-01	2.485406e-01	4.965819e-02	8.816508e-01	8.252548e-01	7.671100e+00	
27  22.0659	4.350424e+00	4.051145e-01	-3.724568e+00	1.434236e+00	-2.071641e+00	3.619902e-01	3.775652e-01	2.485406e-01	4.965819e-02	8.816508e-01	8.270290e-01	7.671100e+00	
10  22.5324	4.350424e+00	5.067133e-01	-4.582127e+00	1.485737e+00	-2.190879e+00	3.688797e-01	3.467687e-01	2.516658e-01	6.017126e-02	5.287945e-01	8.270290e-01	7.671100e+00	
13  22.7511	4.350424e+00	6.578848e-01	-4.672433e+00	1.670698e+00	-3.118408e+00	3.704401e-01	3.159554e-01	2.337089e-01	1.083134e-01	8.012203e-01	8.270290e-01	7.671100e+00	
87  22.6464	3.449476e+00	6.578848e-01	-4.672433e+00	1.670698e+00	-3.118408e+00	3.704401e-01	3.159554e-01	2.337089e-01	1.083134e-01	8.012203e-01	8.259794e-01	7.671100e+00	
13  22.2564	3.449476e+00	9.262171e-01	-3.808985e+00	1.607891e+00	-2.773553e+00	4.158857e-01	3.301743e-01	2.237220e-01	7.674943e-02	4.935578e-01	8.259794e-01	7.671100e+00	
10  24.1022	3.188490e+00	9.262171e-01	-3.808985e+00	1.607891e+00	-2.773553e+00	4.158857e-01	3.301743e-01	2.237220e-01	7.674943e-02	4.935578e-01	8.252779e-01	7.671100e+00	
40  21.8261	4.479643e+00	9.262171e-01	-3.808985e+00	1.607891e+00	-2.773553e+00	4.158857e-01	3.301743e-01	2.237220e-01	7.674943e-02	4.935578e-01	8.224053e-01	7.671100e+00	
20  20.5452	3.249555e+00	9.262171e-01	-3.808985e+00	1.607891e+00	-2.773553e+00	4.158857e-01	3.301743e-01	2.237220e-01	7.674943e-02	4.935578e-01	8.217377e-01	7.671100e+00	
24  22.4713	3.230833e+00	9.262171e-01	-3.808985e+00	1.607891e+00	-2.773553e+00	4.158857e-01	3.301743e-01	2.237220e-01	7.674943e-02	4.935578e-01	8.254236e-01	7.671100e+00	
18  24.3286	3.230833e+00	1.367584e+00	-3.208797e+00	1.523362e+00	-3.692058e+00	4.345165e-01	3.395593e-01	2.470011e-01	1.200580e-01	8.765601e-01	8.254236e-01	7.671100e+00	
38  24.6438	3.230833e+00	6.849285e-01	-2.233140e+00	1.601502e+00	-2.781607e+00	4.372189e-01	3.304346e-01	2.436057e-01	1.334246e-01	6.759056e-01	8.254236e-01	7.671100e+00	
10  24.7903	5.340021e+00	6.849285e-01	-2.233140e+00	1.601502e+00	-2.781607e+00	4.372189e-01	3.304346e-01	2.436057e-01	1.334246e-01	6.759056e-01	8.299787e-01	7.671100e+00	
10  24.5395	4.370821e+00	6.849285e-01	-2.233140e+00	1.601502e+00	-2.781607e+00	4.372189e-01	3.304346e-01	2.436057e-01	1.334246e-01	6.759056e-01	8.245609e-01	7.671100e+00	
20  23.7785	3.632252e+00	6.849285e-01	-2.233140e+00	1.601502e+00	-2.781607e+00	4.372189e-01	3.304346e-01	2.436057e-01	1.334246e-01	6.759056e-01	8.271651e-01	7.671100e+00	
10  24.4777	4.946902e+00	6.849285e-01	-2.233140e+00	1.601502e+00	-2.781607e+00	4.372189e-01	3.304346e-01	2.436057e-01	1.334246e-01	6.759056e-01	8.167198e-01	7.671100e+00	
10  25.4802	3.643634e+00	6.849285e-01	-2.233140e+00	1.601502e+00	-2.781607e+00	4.372189e-01	3.304346e-01	2.436057e-01	1.334246e-01	6.759056e-01	8.245773e-01	7.671100e+00	
3  26.4859	2.142856e+00	6.849285e-01	-2.233140e+00	1.601502e+00	-2.781607e+00	4.372189e-01	3.304346e-01	2.436057e-01	1.334246e-01	6.759056e-01	8.262088e-01	7.671100e+00	
17  23.6585	2.142856e+00	5.011901e-01	-2.284414e+00	1.625151e+00	-3.080440e+00	4.133965e-01	3.075418e-01	2.529012e-01	1.167537e-01	8.976343e-01	8.262088e-01	7.671100e+00	
10  23.3795	5.478148e+00	5.011901e-01	-2.284414e+00	1.625151e+00	-3.080440e+00	4.133965e-01	3.075418e-01	2.529012e-01	1.167537e-01	8.976343e-01	8.251753e-01	7.671100e+00	
10  22.3458	3.939422e+00	5.011901e-01	-2.284414e+00	1.625151e+00	-3.080440e+00	4.133965e-01	3.075418e-01	2.529012e-01	1.167537e-01	8.976343e-01	8.252631e-01	7.671100e+00	
69  21.0548	4.317696e+00	5.011901e-01	-2.284414e+00	1.625151e+00	-3.080440e+00	4.133965e-01	3.075418e-01	2.529012e-01	1.167537e-01	8.976343e-01	8.227258e-01	7.671100e+00	
21  21.0383	4.317696e+00	7.118954e-01	-3.193295e+00	1.624364e+00	-2.885204e+00	3.811477e-01	2.915802e-01	1.906151e-01	1.056843e-01	8.114803e-01	8.227258e-01	7.671100e+00	
20  21.5886	5.172866e+00	7.118954e-01	-3.193295e+00	1.624364e+00	-2.885204e+00	3.811477e-01	2.915802e-01	1.906151e-01	1.056843e-01	8.114803e-01	8.260936e-01	7.671100e+00	
20  23.2817	3.885258e+00	7.118954e-01	-3.193295e+00	1.624364e+00	-2.885204e+00	3.811477e-01	2.915802e-01	1.906151e-01	1.056843e-01	8.114803e-01	8.183444e-01	7.671100e+00	
30  21.9381	3.982937e+00	7.118954e-01	-3.193295e+00	1.624364e+00	-2.885204e+00	3.811477e-01	2.915802e-01	1.906151e-01	1.056843e-01	8.114803e-01	8.220989e-01	7.671100e+00	
69  22.1211	5.911513e+00	7.118954e-01	-3.193295e+00	1.624364e+00	-2.885204e+00	3.811477e-01	2.915802e-01	1.906151e-01	1.056843e-01	8.114803e-01	8.200389e-01	7.671100e+00	
3  23.5946	5.911513e+00	1.105175e+00	-4.690319e+00	1.545394e+00	-2.842894e+00	3.842236e-01	3.189388e-01	1.711465e-01	1.067682e-01	2.263246e-01	8.200389e-01	7.671100e+00	
88  20.7092	5.911513e+00	1.125395e+00	-4.475875e+00	1.548765e+00	-1.716655e+00	3.949619e-01	3.106204e-01	2.291894e-01	4.062675e-02	3.612889e-01	8.200389e-01	7.671100e+00	
70  21.0696	3.002557e+00	1.125395e+00	-4.475875e+00	1.548765e+00	-1.716655e+00	3.949619e-01	3.106204e-01	2.291894e-01	4.062675e-02	3.612889e-01	8.251714e-01	7.671100e+00	
39  20.9026	5.339917e+00	1.125395e+00	-4.475875e+00	1.548765e+00	-1.716655e+00	3.949619e-01	3.106204e-01	2.291894e-01	4.062675e-02	3.612889e-01	8.244436e-01	7.671100e+00	
30  21.7321	5.339917e+00	7.756999e-01	-3.967028e+00	1.630044e+00	-2.438055e+00	3.874192e-01	3.427732e-01	2.405324e-01	4.834797e-02	7.772659e-01	8.244436e-01	7.671100e+00	
1  21.0624	5.339917e+00	6.398174e-01	-4.173497e+00	1.528292e+00	-2.531790e+00	4.105149e-01	3.084363e-01	2.323034e-01	1.094186e-01	7.568205e-01	8.244436e-01	7.671100e+00	
54  20.9971	5.046938e+00	6.398174e-01	-4.173497e+00	1.528292e+00	-2.531790e+00	4.105149e-01	3.084363e-01	2.323034e-01	1.094186e-01	7.568205e-01	8.239623e-01	7.671100e+00	
22  21.4228	5.046938e+00	3.534513e-01	-2.836611e+00	1.492286e+00	-1.735002e+00	4.098549e-01	3.400921e-01	2.177664e-01	6.924610e-02	9.763217e-01	8.239623e-01	7.671100e+00	
24  23.5553	5.046938e+00	6.118604e-01	-3.533432e+00	1.600373e+00	-4.296273e-01	3.715910e-01	3.556749e-01	1.800440e-01	3.434510e-02	8.576970e-01	8.239623e-01	7.671100e+00	
57  25.2963	2.526387e+00	6.118604e-01	-3.533432e+00	1.600373e+00	-4.296273e-01	3.715910e-01	3.556749e-01	1.800440e-01	3.434510e-02	8.576970e-01	8.271103e-01	7.671100e+00	
13  24.3081	2.526387e+00	9.421463e-01	-4.430609e+00	1.632091e+00	1.153972e-02	3.767199e-01	3.471798e-01	2.377411e-01	7.243472e-02	3.296596e-01	8.271103e-01	7.671100e+00	
20  24.3786	3.167120e+00	9.421463e-01	-4.430609e+00	1.632091e+00	1.153972e-02	3.767199e-01	3.471798e-01	2.377411e-01	7.243472e-02	3.296596e-01	8.257390e-01	7.671100e+00	
11  22.4032	5.641292e+00	9.421463e-01	-4.430609e+00	1.632091e+00	1.153972e-02	3.767199e-01	3.471798e-01	2.377411e-01	7.243472e-02	3.296596e-01	8.234599e-01	7.671100e+00	
8  22.4979	5.641292e+00	4.027232e-01	-3.992865e+00	1.622348e+00	1.256518e+00	3.730230e-01	4.153810e-01	2.281632e-01	7.709714e-02	8.709025e-01	8.234599e-01	7.671100e+00	
9  22.2601	5.641292e+00	6.187237e-01	-3.209158e+00	1.666455e+00	1.106398e+00	3.704319e-01	3.964912e-01	2.335886e-01	7.045849e-02	9.504461e-01	8.234599e-01	7.671100e+00	
6  21.453	5.641292e+00	8.496269e-01	-2.627068e+00	1.620869e+00	1.286640e+00	3.901074e-01	3.781301e-01	2.262580e-01	5.618989e-02	6.874571e-01	8.234599e-01	7.671100e+00	
10  23.9898	5.641292e+00	1.726368e+00	-2.992940e+00	1.676041e+00	6.649929e-01	4.239901e-01	3.574151e-01	2.241264e-01	2.825661e-02	9.423473e-01	8.234599e-01	7.671100e+00	
37  20.5273	5.641292e+00	1.525257e+00	-3.999197e+00	1.560174e+00	1.844260e+00	4.574384e-01	3.907362e-01	2.338929e-01	5.403358e-02	8.566747e-01	8.234599e-01	7.671100e+00	
19  22.0553	5.641292e+00	1.542897e+00	-4.355547e+00	1.499961e+00	2.782908e+00	4.451345e-01	3.962649e-01	2.271346e-01	1.204862e-01	7.168591e-01	8.234599e-01	7.671100e+00	
73  21.9098	5.955194e+00	1.542897e+00	-4.355547e+00	1.499961e+00	2.782908e+00	4.451345e-01	3.962649e-01	2.271346e-01	1.204862e-01	7.168591e-01	8.270375e-01	7.671100e+00	
7  22.7327	5.955194e+00	1.508423e+00	-4.391773e+00	1.642001e+00	3.571503e+00	4.587844e-01	4.283492e-01	2.532166e-01	1.056833e-01	8.102949e-01	8.270375e-01	7.671100e+00	
9  22.7574	4.224356e+00	1.508423e+00	-4.391773e+00	1.642001e+00	3.571503e+00	4.587844e-01	4.283492e-01	2.532166e-01	1.056833e-01	8.102949e-01	8.215650e-01	7.671100e+00	
1  21.0334	4.224356e+00	1.808643e+00	-4.620454e+00	1.565206e+00	2.860454e+00	4.762735e-01	3.887505e-01	2.459781e-01	5.268149e-02	9.650727e-01	8.215650e-01	7.671100e+00	
23  21.4136	5.779420e+00	1.808643e+00	-4.620454e+00	1.565206e+00	2.860454e+00	4.762735e-01	3.887505e-01	2.459781e-01	5.268149e-02	9.650727e-01	8.223328e-01	7.671100e+00	
20  22.0591	5.779420e+00	1.393355e+00	-3.885308e+00	1.513589e+00	3.296539e+00	4.367691e-01	3.483419e-01	2.795482e-01	2.548203e-02	6.469797e-01	8.223328e-01	7.671100e+00	
7  23.934	5.779420e+00	1.824663e+00	-4.426262e+00	1.579303e+00	2.051528e+00	4.988497e-01	3.582272e-01	2.710490e-01	6.914037e-02	7.229759e-01	8.223328e-01	7.671100e+00	
67  22.8427	2.775396e+00	1.824663e+00	-4.426262e+00	1.579303e+00	2.051528e+00	4.988497e-01	3.582272e-01	2.710490e-01	6.914037e-02	7.229759e-01	8.257763e-01	7.671100e+00	
13  22.8404	2.775396e+00	1.442867e+00	-4.754420e+00	1.576434e+00	2.259769e+00	4.982545e-01	3.469514e-01	2.734792e-01	7.956750e-02	7.692588e-01	8.257763e-01	7.671100e+00	
19  22.9023	4.820059e+00	1.442867e+00	-4.754420e+00	1.576434e+00	2.259769e+00	4.982545e-01	3.469514e-01	2.734792e-01	7.956750e-02	7.692588e-01	8.213847e-01	7.671100e+00	
31  21.422	4.820059e+00	1.486206e+00	-4.781085e+00	1.583213e+00	2.560602e+00	4.273782e-01	3.368878e-01	2.603988e-01	6.259005e-02	7.292199e-01	8.213847e-01	7.671100e+00	
37  21.6837	4.153442e+00	1.486206e+00	-4.781085e+00	1.583213e+00	2.560602e+00	4.273782e-01	3.368878e-01	2.603988e-01	6.259005e-02	7.292199e-01	8.269588e-01	7.671100e+00	
13  20.5533	4.153442e+00	1.462264e+00	-4.050172e+00	1.604251e+00	1.375940e+00	3.926590e-01	3.446092e-01	2.300352e-01	8.428924e-02	8.799580e-01	8.269588e-01	7.671100e+00	
50  20.5403	3.489501e+00	1.462264e+00	-4.050172e+00	1.604251e+00	1.375940e+00	3.926590e-01	3.446092e-01	2.300352e-01	8.428924e-02	8.799580e-01	8.230742e-01	7.671100e+00	
20  20.4557	5.245451e+00	1.462264e+00	-4.050172e+00	1.604251e+00	1.375940e+00	3.926590e-01	3.446092e-01	2.300352e-01	8.428924e-02	8.799580e-01	8.228839e-01	7.671100e+00	
69  20.4982	5.251081e+00	1.462264e+00	-4.050172e+00	1.604251e+00	1.375940e+00	3.926590e-01	3.446092e-01	2.300352e-01	8.428924e-02	8.799580e-01	8.227888e-01	7.671100e+00	
13  21.9581	5.251081e+00	1.192391e+00	-3.528344e+00	1.575207e+00	1.367124e+00	4.250990e-01	3.527881e-01	2.243303e-01	5.551953e-02	8.011154e-01	8.227888e-01	7.671100e+00	
69  21.9621	5.251081e+00	1.229510e+00	-3.256926e+00	1.687371e+00	1.715214e+00	3.836699e-01	3.548450e-01	2.152806e-01	1.105825e-01	7.654247e-01	8.227888e-01	7.671100e+00	
38  21.6903	5.251081e+00	1.129789e+00	-3.152594e+00	1.676914e+00	1.626801e+00	3.772716e-01	3.394312e-01	2.543953e-01	7.978815e-02	4.094029e-01	8.227888e-01	7.671100e+00	
35  22.4342	5.251081e+00	1.203117e+00	-2.009317e+00	1.540439e+00	1.886561e+00	3.859347e-01	3.359959e-01	2.682508e-01	1.338183e-01	5.156492e-01	8.227888e-01	7.671100e+00	
12  22.8332	5.251081e+00	1.016481e+00	-1.490303e+00	1.536438e+00	2.733093e+00	3.840237e-01	3.731933e-01	2.531443e-01	1.319550e-01	4.922405e-01	8.227888e-01	7.671100e+00	
8  23.5259	5.251081e+00	9.722001e-01	-1.243814e+00	1.623759e+00	3.154622e+00	4.022667e-01	3.560315e-01	2.517440e-01	1.209291e-01	5.645087e-01	8.227888e-01	7.671100e+00	
22  24.9781	5.251081e+00	9.251880e-01	-2.219463e+00	1.661496e+00	2.390556e+00	3.792293e-01	4.285167e-01	2.355912e-01	1.275455e-01	5.308592e-01	8.227888e-01	7.671100e+00	
8  24.0253	5.251081e+00	1.351756e+00	-1.974638e+00	1.546684e+00	1.641196e+00	4.181196e-01	3.976232e-01	2.389188e-01	1.180808e-01	8.998952e-01	8.227888e-01	7.671100e+00	
72  23.2895	5.251081e+00	1.249770e+00	-1.757381e+00	1.671473e+00	1.390258e+00	3.547330e-01	3.631966e-01	1.979083e-01	1.159337e-01	8.846272e-01	8.227888e-01	7.671100e+00	
32  21.8192	5.251081e+00	1.212963e+00	-1.659530e+00	1.489535e+00	1.135128e+00	3.842702e-01	3.135970e-01	2.281799e-01	9.469146e-02	7.329815e-01	8.227888e-01	7.671100e+00	
2  22.8541	5.251081e+00	5.052492e-01	-1.508019e+00	1.637170e+00	2.120333e+00	3.953991e-01	3.836427e-01	2.756156e-01	4.048896e-02	9.398620e-01	8.227888e-01	7.671100e+00	
11  21.7545	4.809820e+00	5.052492e-01	-1.508019e+00	1.637170e+00	2.120333e+00	3.953991e-01	3.836427e-01	2.756156e-01	4.048896e-02	9.398620e-01	8.290489e-01	7.671100e+00	
185  22.7462	4.809820e+00	8.437911e-01	-2.463326e+00	1.510433e+00	2.742764e+00	3.877923e-01	3.986563e-01	2.680584e-01	4.654810e-02	8.078432e-01	8.290489e-01	7.671100e+00	
40  23.3273	4.809820e+00	6.268862e-01	-1.853751e+00	1.613862e+00	2.109219e+00	3.448881e-01	3.617189e-01	2.626454e-01	5.514475e-02	8.756821e-01	8.290489e-01	7.671100e+00	
15  21.7848	4.809820e+00	8.769035e-01	-1.205748e+00	1.519558e+00	2.383428e+00	4.072652e-01	3.583219e-01	2.431137e-01	8.160185e-02	7.370994e-01	8.290489e-01	7.671100e+00	
5  21.4531	4.809820e+00	1.129032e+00	-1.643804e+00	1.462890e+00	3.364111e+00	3.806432e-01	3.278672e-01	2.302555e-01	1.100483e-01	9.381042e-01	8.290489e-01	7.671100e+00	
4  20.9518	4.809820e+00	1.047616e+00	-1.188531e+00	1.436755e+00	2.127222e+00	3.955508e-01	3.305696e-01	2.133258e-01	8.820198e-02	7.997032e-01	8.290489e-01	7.671100e+00	
40  20.6778	5.407490e+00	1.047616e+00	-1.188531e+00	1.436755e+00	2.127222e+00	3.955508e-01	3.305696e-01	2.133258e-01	8.820198e-02	7.997032e-01	8.305493e-01	7.671100e+00	
15  21.6144	5.539502e+00	1.047616e+00	-1.188531e+00	1.436755e+00	2.127222e+00	3.955508e-01	3.305696e-01	2.133258e-01	8.820198e-02	7.997032e-01	8.228414e-01	7.671100e+00	
5  20.3513	5.539502e+00	9.934020e-01	-2.408240e+00	1.442536e+00	2.869700e+00	3.867855e-01	3.075953e-01	2.015939e-01	6.352044e-02	8.754542e-01	8.228414e-01	7.671100e+00	
160  19.8647	3.737313e+00	9.934020e-01	-2.408240e+00	1.442536e+00	2.869700e+00	3.867855e-01	3.075953e-01	2.015939e-01	6.352044e-02	8.754542e-01	8.218886e-01	7.671100e+00	
118  19.9766	5.134278e+00	9.934020e-01	-2.408240e+00	1.442536e+00	2.869700e+00	3.867855e-01	3.075953e-01	2.015939e-01	6.352044e-02	8.754542e-01	8.239813e-01	7.671100e+00	
39  23.2048	5.134278e+00	1.258055e+00	-2.047691e+00	1.397124e+00	2.850379e+00	3.853654e-01	3.201275e-01	1.961633e-01	7.397171e-02	5.402671e-01	8.239813e-01	7.671100e+00	
73  21.4725	5.134278e+00	1.115074e+00	-3.960910e+00	1.370535e+00	3.317892e+00	3.954395e-01	3.232179e-01	2.394881e-01	1.035182e-01	3.476668e-01	8.239813e-01	7.671100e+00	
34  20.7799	3.188875e+00	1.115074e+00	-3.960910e+00	1.370535e+00	3.317892e+00	3.954395e-01	3.232179e-01	2.394881e-01	1.035182e-01	3.476668e-01	8.287300e-01	7.671100e+00	
40  21.8365	3.188875e+00	9.940396e-01	-4.607131e+00	1.262132e+00	4.147132e+00	4.715042e-01	3.385051e-01	2.314773e-01	7.448969e-02	6.488658e-01	8.287300e-01	7.671100e+00	
18  22.7282	3.188875e+00	9.132099e-01	-4.823612e+00	1.346742e+00	2.564264e+00	4.253905e-01	3.645975e-01	2.109386e-01	3.624353e-02	4.037334e-01	8.287300e-01	7.671100e+00	
5  22.448	3.188875e+00	1.310588e+00	-3.121464e+00	1.407999e+00	2.768650e+00	3.841931e-01	3.236318e-01	2.177608e-01	9.455949e-02	6.208633e-01	8.287300e-01	7.671100e+00	
41  22.2413	3.188875e+00	1.073399e+00	-3.004212e+00	1.437984e+00	3.215819e+00	3.692934e-01	3.283299e-01	2.953499e-01	6.906921e-02	9.658349e-01	8.287300e-01	7.671100e+00	
10  23.106	3.188875e+00	9.611347e-01	-1.986471e+00	1.369721e+00	4.021197e+00	4.023762e-01	2.738051e-01	2.724244e-01	3.996341e-02	8.630590e-01	8.287300e-01	7.671100e+00	
26  21.7122	3.188875e+00	1.054555e+00	-2.371105e+00	1.353330e+00	3.434058e+00	4.035100e-01	3.149638e-01	2.663143e-01	2.659044e-02	7.172884e-01	8.287300e-01	7.671100e+00	
66  21.5868	3.188875e+00	1.214123e+00	-1.487621e+00	1.435385e+00	3.540949e+00	4.270536e-01	3.573751e-01	2.980875e-01	6.225635e-02	5.061247e-01	8.287300e-01	7.671100e+00	
18  22.2749	3.373109e+00	1.214123e+00	-1.487621e+00	1.435385e+00	3.540949e+00	4.270536e-01	3.573751e-01	2.980875e-01	6.225635e-02	5.061247e-01	8.257790e-01	7.671100e+00	
42  22.4648	3.373109e+00	1.070383e+00	-8.344637e-01	1.335005e+00	3.787002e+00	3.972559e-01	3.013880e-01	2.602937e-01	3.073369e-02	7.467369e-01	8.257790e-01	7.671100e+00	
63  22.0846	3.316101e+00	1.070383e+00	-8.344637e-01	1.335005e+00	3.787002e+00	3.972559e-01	3.013880e-01	2.602937e-01	3.073369e-02	7.467369e-01	8.253650e-01	7.671100e+00	
52  21.1016	3.316101e+00	1.359049e+00	-8.249006e-01	1.350524e+00	3.322253e+00	4.181573e-01	3.608853e-01	2.418332e-01	6.042791e-02	7.447751e-01	8.253650e-01	7.671100e+00	
66  21.2431	3.316101e+00	1.178844e+00	-1.629860e+00	1.426752e+00	3.221985e+00	4.171926e-01	3.301990e-01	2.300138e-01	6.839362e-02	6.699259e-01	8.253650e-01	7.671100e+00	
57  21.7815	3.316101e+00	1.378121e+00	-2.887415e+00	1.499238e+00	1.982574e+00	4.421897e-01	3.389572e-01	2.254499e-01	4.611491e-02	7.277287e-01	8.253650e-01	7.671100e+00	
19  22.6678	3.316101e+00	1.654012e+00	-3.648171e+00	1.467082e+00	3.151174e+00	4.550444e-01	3.566490e-01	2.352792e-01	7.761095e-02	7.241159e-01	8.253650e-01	7.671100e+00	
6  22.8196	3.316101e+00	1.682345e+00	-3.388861e+00	1.414280e+00	3.199832e+00	5.142375e-01	3.469503e-01	2.389747e-01	7.207526e-02	8.484177e-01	8.253650e-01	7.671100e+00	
1  22.2131	3.316101e+00	1.746141e+00	-3.260682e+00	1.417076e+00	2.841845e+00	5.215973e-01	3.562777e-01	2.390780e-01	6.733458e-02	9.257285e-01	8.253650e-01	7.671100e+00	
26  21.7548	3.316101e+00	1.499939e+00	-4.484656e+00	1.328625e+00	2.746399e+00	4.718706e-01	3.244285e-01	2.034263e-01	1.119047e-01	8.004031e-01	8.253650e-01	7.671100e+00	
56  21.7001	4.635327e+00	1.499939e+00	-4.484656e+00	1.328625e+00	2.746399e+00	4.718706e-01	3.244285e-01	2.034263e-01	1.119047e-01	8.004031e-01	8.278938e-01	7.671100e+00	
81  23.026	4.635327e+00	1.677274e+00	-4.747221e+00	1.499642e+00	3.704414e+00	4.737060e-01	3.543913e-01	2.932547e-01	9.079619e-02	5.993265e-01	8.278938e-01	7.671100e+00	
60  22.6779	4.635327e+00	1.361991e+00	-4.182538e+00	1.554877e+00	3.112821e+00	4.796649e-01	3.354316e-01	3.011424e-01	8.776398e-02	7.665196e-01	8.278938e-01	7.671100e+00	
19  22.3067	4.635327e+00	1.634964e+00	-3.139101e+00	1.607949e+00	2.054373e+00	4.622008e-01	3.578601e-01	2.384374e-01	9.531634e-02	8.491248e-01	8.278938e-01	7.671100e+00	
49  24.8641	4.635327e+00	1.394353e+00	-3.341029e+00	1.672828e+00	2.086396e+00	4.489217e-01	3.349209e-01	2.229917e-01	8.534375e-02	6.702822e-01	8.278938e-01	7.671100e+00	
35  24.2454	4.635327e+00	1.984766e+00	-3.587509e+00	1.601167e+00	2.758313e-01	4.537508e-01	3.443858e-01	2.344379e-01	7.987921e-02	8.487470e-01	8.278938e-01	7.671100e+00	
11  26.4323	3.954313e+00	1.984766e+00	-3.587509e+00	1.601167e+00	2.758313e-01	4.537508e-01	3.443858e-01	2.344379e-01	7.987921e-02	8.487470e-01	8.241499e-01	7.671100e+00	
39  26.0159	3.954313e+00	1.649285e+00	-4.182052e+00	1.398010e+00	1.756130e-01	4.743703e-01	3.744817e-01	2.260541e-01	8.144556e-02	7.119122e-01	8.241499e-01	7.671100e+00	
100  22.2494	4.623512e+00	1.649285e+00	-4.182052e+00	1.398010e+00	1.756130e-01	4.743703e-01	3.744817e-01	2.260541e-01	8.144556e-02	7.119122e-01	8.294795e-01	7.671100e+00	
3  22.5384	3.958543e+00	1.649285e+00	-4.182052e+00	1.398010e+00	1.756130e-01	4.743703e-01	3.744817e-01	2.260541e-01	8.144556e-02	7.119122e-01	8.245860e-01	7.671100e+00	
27  21.9576	3.958543e+00	1.416590e+00	-4.282531e+00	1.360163e+00	-1.852425e+00	4.226732e-01	3.706981e-01	2.559090e-01	6.245316e-02	8.424391e-01	8.245860e-01	7.671100e+00	
59  20.2439	5.966828e+00	1.416590e+00	-4.282531e+00	1.360163e+00	-1.852425e+00	4.226732e-01	3.706981e-01	2.559090e-01	6.245316e-02	8.424391e-01	8.250765e-01	7.671100e+00	
121  19.7458	5.966828e+00	1.172366e+00	-4.203332e+00	1.345507e+00	-1.335704e+00	3.853647e-01	3.305850e-01	2.363544e-01	8.729601e-02	5.150822e-01	8.250765e-01	7.671100e+00	
30  19.8444	4.561358e+00	1.172366e+00	-4.203332e+00	1.345507e+00	-1.335704e+00	3.853647e-01	3.305850e-01	2.363544e-01	8.729601e-02	5.150822e-01	8.262149e-01	7.671100e+00	
86  19.8399	4.452542e+00	1.172366e+00	-4.203332e+00	1.345507e+00	-1.335704e+00	3.853647e-01	3.305850e-01	2.363544e-01	8.729601e-02	5.150822e-01	8.214762e-01	7.671100e+00	
25  22.5178	4.452542e+00	4.575644e-01	-3.416928e+00	1.416579e+00	-2.612182e+00	4.093858e-01	3.207739e-01	2.984108e-01	5.479810e-02	8.403987e-01	8.214762e-01	7.671100e+00	
7  21.8773	4.452542e+00	1.200752e+00	-4.408593e+00	1.400607e+00	-2.161781e+00	4.150388e-01	3.009408e-01	2.334679e-01	3.753324e-02	9.455293e-01	8.214762e-01	7.671100e+00	
2  21.5422	4.452542e+00	1.141005e+00	-3.619924e+00	1.475292e+00	-3.751369e+00	4.114355e-01	3.304368e-01	2.773835e-01	7.746065e-02	9.146061e-01	8.214762e-01	7.671100e+00	
20  20.9595	3.748824e+00	1.141005e+00	-3.619924e+00	1.475292e+00	-3.751369e+00	4.114355e-01	3.304368e-01	2.773835e-01	7.746065e-02	9.146061e-01	8.242114e-01	7.671100e+00	
9  20.1485	3.971924e+00	1.141005e+00	-3.619924e+00	1.475292e+00	-3.751369e+00	4.114355e-01	3.304368e-01	2.773835e-01	7.746065e-02	9.146061e-01	8.263640e-01	7.671100e+00	
4  20.6658	3.971924e+00	1.235182e+00	-3.691817e+00	1.548745e+00	-3.274695e+00	4.440269e-01	3.609750e-01	2.814019e-01	9.379269e-02	6.607571e-01	8.263640e-01	7.671100e+00	
12  22.8838	3.971924e+00	9.018285e-01	-3.015697e+00	1.509310e+00	-3.837716e+00	4.179034e-01	3.808419e-01	2.862117e-01	7.414877e-02	9.051597e-01	8.263640e-01	7.671100e+00	
35  23.2275	3.971924e+00	8.897908e-01	-2.294250e+00	1.540788e+00	-3.422203e+00	4.347053e-01	3.484240e-01	2.821522e-01	6.366129e-02	9.566987e-01	8.263640e-01	7.671100e+00	
11  24.0498	3.959310e+00	8.897908e-01	-2.294250e+00	1.540788e+00	-3.422203e+00	4.347053e-01	3.484240e-01	2.821522e-01	6.366129e-02	9.566987e-01	8.272019e-01	7.671100e+00	
4  24.8173	3.959310e+00	1.080086e+00	-3.141823e+00	1.449638e+00	-3.303288e+00	4.363930e-01	3.677216e-01	2.347240e-01	8.722945e-02	2.945108e-01	8.272019e-01	7.671100e+00	
28  26.5689	3.959310e+00	5.361465e-01	-3.914055e+00	1.492555e+00	-1.962093e+00	4.536809e-01	4.038802e-01	2.373405e-01	1.110583e-01	6.519793e-01	8.272019e-01	7.671100e+00	
13  25.0261	3.959310e+00	1.072351e+00	-3.186256e+00	1.435063e+00	-3.056256e+00	4.257697e-01	3.688919e-01	2.562748e-01	1.484605e-01	3.999569e-01	8.272019e-01	7.671100e+00	
38  23.0293	3.959310e+00	1.229652e+00	-4.422540e+00	1.464444e+00	-3.346714e+00	4.017133e-01	3.111650e-01	2.630271e-01	1.531435e-01	9.541279e-01	8.272019e-01	7.671100e+00	
16  22.5568	3.959310e+00	1.067278e+00	-4.185753e+00	1.442372e+00	-3.644473e+00	3.683376e-01	3.131139e-01	2.775548e-01	8.915952e-02	9.383536e-01	8.272019e-01	7.671100e+00	
40  22.9237	3.705768e+00	1.067278e+00	-4.185753e+00	1.442372e+00	-3.644473e+00	3.683376e-01	3.131139e-01	2.775548e-01	8.915952e-02	9.383536e-01	8.214059e-01	7.671100e+00	
5  22.8503	4.605668e+00	1.067278e+00	-4.185753e+00	1.442372e+00	-3.644473e+00	3.683376e-01	3.131139e-01	2.775548e-01	8.915952e-02	9.383536e-01	8.198543e-01	7.671100e+00	
5  24.5033	4.605668e+00	1.081092e+00	-3.733583e+00	1.441763e+00	-2.775589e+00	4.176538e-01	3.248848e-01	2.329371e-01	9.033114e-02	8.868811e-01	8.198543e-01	7.671100e+00	
10  25.0062	5.932611e+00	1.081092e+00	-3.733583e+00	1.441763e+00	-2.775589e+00	4.176538e-01	3.248848e-01	2.329371e-01	9.033114e-02	8.868811e-01	8.208795e-01	7.671100e+00	
8  23.9973	5.903169e+00	1.081092e+00	-3.733583e+00	1.441763e+00	-2.775589e+00	4.176538e-01	3.248848e-01	2.329371e-01	9.033114e-02	8.868811e-01	8.226168e-01	7.671100e+00	
2  22.6377	5.903169e+00	8.741097e-01	-2.138897e+00	1.362324e+00	-2.958333e+00	3.936476e-01	3.657199e-01	2.530580e-01	9.554176e-02	6.803400e-01	8.226168e-01	7.671100e+00	
10  22.2059	5.411495e+00	8.741097e-01	-2.138897e+00	1.362324e+00	-2.958333e+00	3.936476e-01	3.657199e-01	2.530580e-01	9.554176e-02	6.803400e-01	8.272808e-01	7.671100e+00	
7  21.7173	4.918123e+00	8.741097e-01	-2.138897e+00	1.362324e+00	-2.958333e+00	3.936476e-01	3.657199e-01	2.530580e-01	9.554176e-02	6.803400e-01	8.235259e-01	7.671100e+00	
44  23.0443	4.918123e+00	6.074855e-01	-2.333651e+00	1.342791e+00	-1.803921e+00	3.892043e-01	3.986712e-01	2.753450e-01	2.457608e-02	7.274126e-01	8.235259e-01	7.671100e+00	
44  21.6069	4.918123e+00	8.266973e-01	-2.907432e+00	1.362489e+00	-2.126198e+00	3.937404e-01	3.617052e-01	2.253062e-01	7.657695e-02	3.449363e-01	8.235259e-01	7.671100e+00	
30  22.405	4.918123e+00	1.008248e+00	-3.910047e+00	1.264120e+00	-2.870259e+00	4.017815e-01	3.391763e-01	2.505916e-01	6.603803e-02	4.702428e-01	8.235259e-01	7.671100e+00	
8  23.3203	4.918123e+00	1.236934e+00	-4.615905e+00	1.501633e+00	-3.009425e+00	3.988803e-01	3.309423e-01	2.603451e-01	4.789541e-02	9.780680e-01	8.235259e-01	7.671100e+00	
16  23.9908	4.918123e+00	1.038121e+00	-4.780731e+00	1.610974e+00	-3.193744e+00	4.535631e-01	3.123469e-01	2.896865e-01	1.097311e-01	8.273860e-01	8.235259e-01	7.671100e+00	
59  22.9437	4.918123e+00	7.622446e-01	-4.424712e+00	1.680931e+00	-3.547239e+00	4.591946e-01	3.342543e-01	2.945058e-01	8.557377e-02	6.744647e-01	8.235259e-01	7.671100e+00	
72  22.2171	4.918123e+00	7.229467e-01	-4.987404e+00	1.699899e+00	-4.594463e+00	4.776642e-01	2.723892e-01	3.096684e-01	9.789151e-02	9.553788e-01	8.235259e-01	7.671100e+00	
20  22.175	3.615141e+00	7.229467e-01	-4.987404e+00	1.699899e+00	-4.594463e+00	4.776642e-01	2.723892e-01	3.096684e-01	9.789151e-02	9.553788e-01	8.232478e-01	7.671100e+00	
30  22.9651	3.395963e+00	7.229467e-01	-4.987404e+00	1.699899e+00	-4.594463e+00	4.776642e-01	2.723892e-01	3.096684e-01	9.789151e-02	9.553788e-01	8.237246e-01	7.671100e+00	
40  22.4316	3.824584e+00	7.229467e-01	-4.987404e+00	1.699899e+00	-4.594463e+00	4.776642e-01	2.723892e-01	3.096684e-01	9.789151e-02	9.553788e-01	8.256948e-01	7.671100e+00	
72  22.2291	5.183886e+00	7.229467e-01	-4.987404e+00	1.699899e+00	-4.594463e+00	4.776642e-01	2.723892e-01	3.096684e-01	9.789151e-02	9.553788e-01	8.259818e-01	7.671100e+00	
28  22.4646	5.183886e+00	6.725255e-01	-4.621137e+00	1.679141e+00	-4.305735e+00	5.145111e-01	2.873413e-01	2.962937e-01	7.283759e-02	9.247885e-01	8.259818e-01	7.671100e+00	
30  24.5115	2.702943e+00	6.725255e-01	-4.621137e+00	1.679141e+00	-4.305735e+00	5.145111e-01	2.873413e-01	2.962937e-01	7.283759e-02	9.247885e-01	8.255094e-01	7.671100e+00	
50  22.2802	5.774826e+00	6.725255e-01	-4.621137e+00	1.679141e+00	-4.305735e+00	5.145111e-01	2.873413e-01	2.962937e-01	7.283759e-02	9.247885e-01	8.279179e-01	7.671100e+00	
100  22.3024	5.396473e+00	6.725255e-01	-4.621137e+00	1.679141e+00	-4.305735e+00	5.145111e-01	2.873413e-01	2.962937e-01	7.283759e-02	9.247885e-01	8.262807e-01	7.671100e+00	
10  22.2263	5.191423e+00	6.725255e-01	-4.621137e+00	1.679141e+00	-4.305735e+00	5.145111e-01	2.873413e-01	2.962937e-01	7.283759e-02	9.247885e-01	8.198027e-01	7.671100e+00	
80  22.2565	5.736308e+00	6.725255e-01	-4.621137e+00	1.679141e+00	-4.305735e+00	5.145111e-01	2.873413e-01	2.962937e-01	7.283759e-02	9.247885e-01	8.262082e-01	7.671100e+00	
59  22.7238	5.752757e+00	6.725255e-01	-4.621137e+00	1.679141e+00	-4.305735e+00	5.145111e-01	2.873413e-01	2.962937e-01	7.283759e-02	9.247885e-01	8.257551e-01	7.671100e+00	
31  23.6654	5.752757e+00	6.837458e-01	-4.800151e+00	1.683119e+00	-4.206687e+00	5.000777e-01	3.510347e-01	2.939164e-01	7.969992e-02	6.941796e-01	8.257551e-01	7.671100e+00	
40  23.3792	3.063608e+00	6.837458e-01	-4.800151e+00	1.683119e+00	-4.206687e+00	5.000777e-01	3.510347e-01	2.939164e-01	7.969992e-02	6.941796e-01	8.256211e-01	7.671100e+00	
10  23.3419	3.116184e+00	6.837458e-01	-4.800151e+00	1.683119e+00	-4.206687e+00	5.000777e-01	3.510347e-01	2.939164e-01	7.969992e-02	6.941796e-01	8.253443e-01	7.671100e+00	
8  23.2568	3.463766e+00	6.837458e-01	-4.800151e+00	1.683119e+00	-4.206687e+00	5.000777e-01	3.510347e-01	2.939164e-01	7.969992e-02	6.941796e-01	8.235346e-01	7.671100e+00	
142  22.9428	3.463766e+00	8.401362e-01	-4.789725e+00	1.585562e+00	-4.520184e+00	5.254330e-01	3.151291e-01	2.765030e-01	1.093284e-01	9.295993e-01	8.235346e-01	7.671100e+00	
10  23.6531	2.882439e+00	8.401362e-01	-4.789725e+00	1.585562e+00	-4.520184e+00	5.254330e-01	3.151291e-01	2.765030e-01	1.093284e-01	9.295993e-01	8.209934e-01	7.671100e+00	
80  23.3047	2.753593e+00	8.401362e-01	-4.789725e+00	1.585562e+00	-4.520184e+00	5.254330e-01	3.151291e-01	2.765030e-01	1.093284e-01	9.295993e-01	8.260904e-01	7.671100e+00	
40  24.215	3.474884e+00	8.401362e-01	-4.789725e+00	1.585562e+00	-4.520184e+00	5.254330e-01	3.151291e-01	2.765030e-01	1.093284e-01	9.295993e-01	8.244470e-01	7.671100e+00	
1  24.478	3.849975e+00	8.401362e-01	-4.789725e+00	1.585562e+00	-4.520184e+00	5.254330e-01	3.151291e-01	2.765030e-01	1.093284e-01	9.295993e-01	8.244265e-01	7.671100e+00	
19  25.588	3.849975e+00	5.091622e-01	-4.398373e+00	1.572203e+00	-3.699717e+00	4.819281e-01	3.705661e-01	3.002143e-01	1.367770e-01	8.071059e-01	8.244265e-01	7.671100e+00	
31  25.2281	4.181604e+00	5.091622e-01	-4.398373e+00	1.572203e+00	-3.699717e+00	4.819281e-01	3.705661e-01	3.002143e-01	1.367770e-01	8.071059e-01	8.218620e-01	7.671100e+00	
19  22.368	4.181604e+00	9.334678e-01	-4.912646e+00	1.481292e+00	-4.615407e+00	4.474843e-01	3.632831e-01	2.453067e-01	7.425448e-02	6.831906e-01	8.218620e-01	7.671100e+00	
130  22.594	5.299366e+00	9.334678e-01	-4.912646e+00	1.481292e+00	-4.615407e+00	4.474843e-01	3.632831e-01	2.453067e-01	7.425448e-02	6.831906e-01	8.217473e-01	7.671100e+00	
20  23.8326	4.028142e+00	9.334678e-01	-4.912646e+00	1.481292e+00	-4.615407e+00	4.474843e-01	3.632831e-01	2.453067e-01	7.425448e-02	6.831906e-01	8.253912e-01	7.671100e+00	
20  22.785	4.460322e+00	9.334678e-01	-4.912646e+00	1.481292e+00	-4.615407e+00	4.474843e-01	3.632831e-01	2.453067e-01	7.425448e-02	6.831906e-01	8.251732e-01	7.671100e+00	
44  22.8189	5.801272e+00	9.334678e-01	-4.912646e+00	1.481292e+00	-4.615407e+00	4.474843e-01	3.632831e-01	2.453067e-01	7.425448e-02	6.831906e-01	8.280637e-01	7.671100e+00	
13  22.8333	5.801272e+00	1.338198e+00	-4.421729e+00	1.514491e+00	-3.628644e+00	4.651339e-01	3.994692e-01	2.861921e-01	1.358014e-01	6.211270e-01	8.280637e-01	7.671100e+00	
13  22.3923	5.801272e+00	1.823353e+00	-3.288378e+00	1.479436e+00	-4.095547e+00	4.568048e-01	4.256350e-01	3.055583e-01	8.237146e-02	8.209907e-01	8.280637e-01	7.671100e+00	
50  22.4656	3.193632e+00	1.823353e+00	-3.288378e+00	1.479436e+00	-4.095547e+00	4.568048e-01	4.256350e-01	3.055583e-01	8.237146e-02	8.209907e-01	8.252158e-01	7.671100e+00	
10  22.5681	4.024955e+00	1.823353e+00	-3.288378e+00	1.479436e+00	-4.095547e+00	4.568048e-01	4.256350e-01	3.055583e-01	8.237146e-02	8.209907e-01	8.213769e-01	7.671100e+00	
3  22.6881	2.889072e+00	1.823353e+00	-3.288378e+00	1.479436e+00	-4.095547e+00	4.568048e-01	4.256350e-01	3.055583e-01	8.237146e-02	8.209907e-01	8.254575e-01	7.671100e+00	
80  22.9372	2.889072e+00	1.495655e+00	-4.050493e+00	1.493815e+00	-2.579067e+00	3.864814e-01	4.117401e-01	2.770810e-01	8.014995e-02	9.358765e-01	8.254575e-01	7.671100e+00	
24  23.8584	2.889072e+00	1.496124e+00	-2.775181e+00	1.489231e+00	-3.294661e+00	4.450528e-01	4.116214e-01	2.271539e-01	4.615253e-02	8.652505e-01	8.254575e-01	7.671100e+00	
33  23.0073	2.889072e+00	1.858489e+00	-2.757501e+00	1.546864e+00	-3.171247e+00	4.708003e-01	4.224377e-01	2.621712e-01	9.100136e-02	9.009158e-01	8.254575e-01	7.671100e+00	
4  23.6876	2.939793e+00	1.858489e+00	-2.757501e+00	1.546864e+00	-3.171247e+00	4.708003e-01	4.224377e-01	2.621712e-01	9.100136e-02	9.009158e-01	8.272674e-01	7.671100e+00	
6  23.1256	2.939793e+00	1.251170e+00	-2.321352e+00	1.538927e+00	-3.243756e+00	4.504044e-01	3.902875e-01	2.866823e-01	6.240248e-02	7.397663e-01	8.272674e-01	7.671100e+00	
11  24.4865	3.853718e+00	1.251170e+00	-2.321352e+00	1.538927e+00	-3.243756e+00	4.504044e-01	3.902875e-01	2.866823e-01	6.240248e-02	7.397663e-01	8.261922e-01	7.671100e+00	
11  21.4454	3.853718e+00	1.719229e+00	-3.902018e+00	1.616436e+00	-3.351270e+00	4.772852e-01	3.795305e-01	2.537105e-01	6.611018e-02	7.889298e-01	8.261922e-01	7.671100e+00	
37  23.5252	3.853718e+00	1.593022e+00	-4.939408e+00	1.662214e+00	-3.519815e+00	4.673677e-01	3.463294e-01	2.483355e-01	1.582587e-01	5.194967e-01	8.261922e-01	7.671100e+00	
41  22.4757	3.853718e+00	1.703245e+00	-4.664732e+00	1.668373e+00	-3.974507e+00	4.817792e-01	3.936119e-01	2.451226e-01	1.818683e-01	8.671342e-01	8.261922e-01	7.671100e+00	
92  22.464	5.664755e+00	1.703245e+00	-4.664732e+00	1.668373e+00	-3.974507e+00	4.817792e-01	3.936119e-01	2.451226e-01	1.818683e-01	8.671342e-01	8.282895e-01	7.671100e+00	
128  22.2516	5.664755e+00	1.636178e+00	-4.701653e+00	1.602198e+00	-3.280288e+00	4.812156e-01	4.259907e-01	2.448075e-01	1.567316e-01	9.190330e-01	8.282895e-01	7.671100e+00	
9  22.2566	3.164222e+00	1.636178e+00	-4.701653e+00	1.602198e+00	-3.280288e+00	4.812156e-01	4.259907e-01	2.448075e-01	1.567316e-01	9.190330e-01	8.265579e-01	7.671100e+00	
41  20.6511	3.164222e+00	1.689198e+00	-3.658931e+00	1.645479e+00	-2.098511e+00	4.333397e-01	4.177873e-01	2.571055e-01	8.432850e-02	7.509073e-01	8.265579e-01	7.671100e+00	
9  20.7487	5.738578e+00	1.689198e+00	-3.658931e+00	1.645479e+00	-2.098511e+00	4.333397e-01	4.177873e-01	2.571055e-01	8.432850e-02	7.509073e-01	8.264071e-01	7.671100e+00	
19  20.9457	5.738578e+00	1.676302e+00	-3.908709e+00	1.477118e+00	-2.022321e+00	4.048871e-01	4.154487e-01	2.678664e-01	7.608683e-02	9.220735e-01	8.264071e-01	7.671100e+00	
8  21.9498	5.738578e+00	1.621705e+00	-4.795810e+00	1.453000e+00	-1.339243e+00	3.802938e-01	4.151010e-01	2.418582e-01	6.188098e-02	7.954914e-01	8.264071e-01	7.671100e+00	
23  22.2025	5.738578e+00	1.928332e+00	-4.527353e+00	1.470022e+00	-1.157865e+00	4.094627e-01	3.999744e-01	2.799666e-01	7.225615e-02	9.055269e-01	8.264071e-01	7.671100e+00	
11  22.1422	5.738578e+00	1.984696e+00	-4.391802e+00	1.533191e+00	-1.081176e+00	4.116819e-01	4.240595e-01	2.978957e-01	7.007166e-02	9.854060e-01	8.264071e-01	7.671100e+00	
71  23.7237	4.459472e+00	1.984696e+00	-4.391802e+00	1.533191e+00	-1.081176e+00	4.116819e-01	4.240595e-01	2.978957e-01	7.007166e-02	9.854060e-01	8.250627e-01	7.671100e+00	
3  26.9533	4.459472e+00	1.675186e+00	-3.106021e+00	1.603431e+00	3.906151e-01	4.058739e-01	4.124972e-01	2.961100e-01	2.893463e-02	5.344706e-01	8.250627e-01	7.671100e+00	
20  22.5591	4.459472e+00	1.292106e+00	-2.959335e+00	1.587874e+00	2.368058e+00	4.039570e-01	4.201763e-01	2.502334e-01	6.618850e-02	5.656628e-01	8.250627e-01	7.671100e+00	
8  23.147	4.459472e+00	1.200634e+00	-2.282516e+00	1.534804e+00	2.891148e+00	4.567268e-01	3.624535e-01	2.977194e-01	4.833037e-02	7.770800e-01	8.250627e-01	7.671100e+00	
28  22.9804	4.459472e+00	1.053460e+00	-1.017157e+00	1.427552e+00	3.659866e+00	4.181229e-01	3.547219e-01	2.679720e-01	9.683723e-02	2.359864e-01	8.250627e-01	7.671100e+00	
4  27.3916	3.620974e+00	1.053460e+00	-1.017157e+00	1.427552e+00	3.659866e+00	4.181229e-01	3.547219e-01	2.679720e-01	9.683723e-02	2.359864e-01	8.252071e-01	7.671100e+00	
16  26.8573	3.620974e+00	1.306619e+00	4.316419e-02	1.454601e+00	2.677928e+00	4.040688e-01	3.805073e-01	2.722772e-01	7.682692e-02	5.491186e-01	8.252071e-01	7.671100e+00	
10  26.9025	2.879163e+00	1.306619e+00	4.316419e-02	1.454601e+00	2.677928e+00	4.040688e-01	3.805073e-01	2.722772e-01	7.682692e-02	5.491186e-01	8.241924e-01	7.671100e+00	
33  27.2676	2.799884e+00	1.306619e+00	4.316419e-02	1.454601e+00	2.677928e+00	4.040688e-01	3.805073e-01	2.722772e-01	7.682692e-02	5.491186e-01	8.283004e-01	7.671100e+00	
27  28.7262	2.799884e+00	7.212447e-01	-7.712007e-01	1.477007e+00	3.341289e+00	4.378083e-01	3.432803e-01	3.054436e-01	8.197803e-02	7.767185e-01	8.283004e-01	7.671100e+00	
23  23.7244	5.254303e+00	7.212447e-01	-7.712007e-01	1.477007e+00	3.341289e+00	4.378083e-01	3.432803e-01	3.054436e-01	8.197803e-02	7.767185e-01	8.241797e-01	7.671100e+00	
36  23.57	5.254303e+00	1.096857e+00	-8.734434e-01	1.434254e+00	2.913830e+00	3.986912e-01	3.085418e-01	2.923071e-01	4.445584e-02	4.603069e-01	8.241797e-01	7.671100e+00	
5  22.473	5.254303e+00	1.459315e+00	-1.336488e+00	1.470275e+00	2.609788e+00	3.820137e-01	3.389255e-01	2.911849e-01	5.879602e-02	7.258708e-01	8.241797e-01	7.671100e+00	
54  22.0687	5.254303e+00	1.160825e+00	-2.193607e+00	1.384778e+00	3.828668e+00	3.993644e-01	3.693704e-01	2.498197e-01	3.256200e-02	3.666882e-01	8.241797e-01	7.671100e+00	
143  21.3633	5.254303e+00	1.365514e+00	-2.430449e+00	1.426580e+00	3.350678e+00	4.429540e-01	3.975891e-01	2.483459e-01	2.481164e-02	7.633852e-01	8.241797e-01	7.671100e+00	
49  22.1045	5.254303e+00	1.529094e+00	-1.428173e+00	1.433594e+00	1.439437e+00	3.826782e-01	3.358206e-01	2.327267e-01	6.078895e-02	9.220473e-01	8.241797e-01	7.671100e+00	
310  21.0636	3.901383e+00	1.529094e+00	-1.428173e+00	1.433594e+00	1.439437e+00	3.826782e-01	3.358206e-01	2.327267e-01	6.078895e-02	9.220473e-01	8.290887e-01	7.671100e+00	
25  21.4113	4.340023e+00	1.529094e+00	-1.428173e+00	1.433594e+00	1.439437e+00	3.826782e-01	3.358206e-01	2.327267e-01	6.078895e-02	9.220473e-01	8.224175e-01	7.671100e+00	
58  22.3517	4.340023e+00	1.424583e+00	-2.252823e+00	1.532770e+00	7.471600e-01	3.948391e-01	3.593099e-01	2.053147e-01	6.651322e-02	5.491186e-01	8.224175e-01	7.671100e+00	
97  25.2157	4.340023e+00	1.427632e+00	-2.764060e+00	1.575468e+00	1.087690e+00	4.552365e-01	3.604232e-01	2.965874e-01	6.984220e-02	7.775362e-01	8.224175e-01	7.671100e+00	
41  24.3085	4.409523e+00	1.427632e+00	-2.764060e+00	1.575468e+00	1.087690e+00	4.552365e-01	3.604232e-01	2.965874e-01	6.984220e-02	7.775362e-01	8.226023e-01	7.671100e+00	
74  23.5578	4.409523e+00	1.392399e+00	-3.411399e+00	1.581796e+00	1.327751e+00	3.998941e-01	3.698475e-01	2.378134e-01	1.256732e-01	6.732377e-01	8.226023e-01	7.671100e+00	
15  21.3648	4.409523e+00	1.340953e+00	-3.473732e+00	1.528578e+00	9.209595e-01	4.092657e-01	3.414302e-01	2.054643e-01	7.335206e-02	8.404628e-01	8.226023e-01	7.671100e+00	
16  20.5794	5.445217e+00	1.340953e+00	-3.473732e+00	1.528578e+00	9.209595e-01	4.092657e-01	3.414302e-01	2.054643e-01	7.335206e-02	8.404628e-01	8.235065e-01	7.671100e+00	
48  21.67	5.445217e+00	1.122680e+00	-3.633920e+00	1.510283e+00	9.577154e-01	3.853397e-01	2.989024e-01	2.127717e-01	7.895364e-02	6.039992e-01	8.235065e-01	7.671100e+00	
12  22.1408	5.445217e+00	1.185686e+00	-3.248962e+00	1.433118e+00	8.857996e-01	3.995878e-01	3.212162e-01	1.608664e-01	8.107739e-02	4.425598e-01	8.235065e-01	7.671100e+00	
126  23.049	5.445217e+00	8.683298e-01	-2.637648e+00	1.396588e+00	7.824808e-01	3.687938e-01	2.872911e-01	1.485140e-01	6.710106e-02	5.280087e-01	8.235065e-01	7.671100e+00	
28  25.0712	5.445217e+00	6.439925e-01	-2.862627e+00	1.456338e+00	1.760789e+00	3.640020e-01	3.083966e-01	1.749612e-01	1.189082e-01	5.122590e-01	8.235065e-01	7.671100e+00	
47  25.2643	4.773254e+00	6.439925e-01	-2.862627e+00	1.456338e+00	1.760789e+00	3.640020e-01	3.083966e-01	1.749612e-01	1.189082e-01	5.122590e-01	8.257773e-01	7.671100e+00	
105  20.7012	4.773254e+00	7.039360e-01	-3.772426e+00	1.489044e+00	7.157881e-01	3.712386e-01	3.475826e-01	1.868631e-01	5.416422e-02	6.930885e-01	8.257773e-01	7.671100e+00	
73  20.5791	4.773254e+00	8.862059e-01	-4.245745e+00	1.460678e+00	4.239810e-01	3.849639e-01	3.311005e-01	1.833524e-01	5.417632e-02	7.733331e-01	8.257773e-01	7.671100e+00	
55  21.0832	4.773254e+00	1.109256e+00	-4.372365e+00	1.526722e+00	-1.557606e-01	4.072956e-01	3.427306e-01	1.686213e-01	7.313139e-02	3.859539e-01	8.257773e-01	7.671100e+00	
5  21.8081	3.791933e+00	1.109256e+00	-4.372365e+00	1.526722e+00	-1.557606e-01	4.072956e-01	3.427306e-01	1.686213e-01	7.313139e-02	3.859539e-01	8.230257e-01	7.671100e+00	
20  21.5237	3.791933e+00	1.288113e+00	-4.070704e+00	1.642999e+00	-1.920387e-01	3.673650e-01	3.597217e-01	2.043288e-01	7.206327e-02	7.299865e-01	8.230257e-01	7.671100e+00	
14  21.2052	3.791933e+00	1.509400e+00	-3.553596e+00	1.544992e+00	1.059286e-02	4.133563e-01	3.770812e-01	2.150043e-01	7.180599e-02	9.944044e-01	8.230257e-01	7.671100e+00	
21  25.3076	3.791933e+00	1.843689e+00	-2.983882e+00	1.571426e+00	-8.434522e-02	4.017353e-01	3.293988e-01	2.226995e-01	7.339227e-02	8.666984e-01	8.230257e-01	7.671100e+00	
10  25.2729	5.762519e+00	1.843689e+00	-2.983882e+00	1.571426e+00	-8.434522e-02	4.017353e-01	3.293988e-01	2.226995e-01	7.339227e-02	8.666984e-01	8.218644e-01	7.671100e+00	
20  25.1442	5.816869e+00	1.843689e+00	-2.983882e+00	1.571426e+00	-8.434522e-02	4.017353e-01	3.293988e-01	2.226995e-01	7.339227e-02	8.666984e-01	8.231752e-01	7.671100e+00	
29  24.779	3.667396e+00	1.843689e+00	-2.983882e+00	1.571426e+00	-8.434522e-02	4.017353e-01	3.293988e-01	2.226995e-01	7.339227e-02	8.666984e-01	8.206255e-01	7.671100e+00	
43  22.8794	3.667396e+00	1.391398e+00	-3.430586e+00	1.550699e+00	9.035930e-01	3.689154e-01	3.489667e-01	2.046416e-01	1.000126e-01	7.524987e-01	8.206255e-01	7.671100e+00	
68  22.9479	3.667396e+00	1.472722e+00	-3.595583e+00	1.527634e+00	1.426438e+00	4.153093e-01	4.167487e-01	1.963455e-01	9.314056e-02	6.172104e-01	8.206255e-01	7.671100e+00	
3  23.0963	4.766950e+00	1.472722e+00	-3.595583e+00	1.527634e+00	1.426438e+00	4.153093e-01	4.167487e-01	1.963455e-01	9.314056e-02	6.172104e-01	8.245404e-01	7.671100e+00	
17  20.9131	4.766950e+00	1.485506e+00	-4.717154e+00	1.580024e+00	1.306764e+00	4.084285e-01	3.454075e-01	2.171554e-01	8.404583e-02	9.723425e-01	8.245404e-01	7.671100e+00	
10  21.2287	3.375394e+00	1.485506e+00	-4.717154e+00	1.580024e+00	1.306764e+00	4.084285e-01	3.454075e-01	2.171554e-01	8.404583e-02	9.723425e-01	8.258093e-01	7.671100e+00	
94  22.2637	5.054145e+00	1.485506e+00	-4.717154e+00	1.580024e+00	1.306764e+00	4.084285e-01	3.454075e-01	2.171554e-01	8.404583e-02	9.723425e-01	8.220525e-01	7.671100e+00	
55  25.6618	5.054145e+00	1.181887e+00	-4.540910e+00	1.500183e+00	2.447463e+00	3.531819e-01	3.157465e-01	1.642180e-01	1.158421e-01	9.979223e-01	8.220525e-01	7.671100e+00	
57  24.6224	5.054145e+00	7.096040e-01	-4.486128e+00	1.474732e+00	1.778300e+00	3.950350e-01	3.298434e-01	1.700678e-01	1.129143e-01	9.078757e-01	8.220525e-01	7.671100e+00	
2  25.1979	5.054145e+00	1.082448e+00	-4.987015e+00	1.364738e+00	6.066692e-01	3.903824e-01	3.321080e-01	1.701833e-01	1.227693e-01	8.543691e-01	8.220525e-01	7.671100e+00	
17  25.1907	5.054145e+00	9.029650e-01	-2.792131e+00	1.391910e+00	5.619349e-01	3.674533e-01	3.689922e-01	1.977385e-01	9.477627e-02	4.092850e-01	8.220525e-01	7.671100e+00	
14  24.6087	5.054145e+00	1.051320e+00	-2.835698e+00	1.356362e+00	1.594496e+00	3.989664e-01	3.864294e-01	2.191649e-01	1.170762e-01	3.771582e-01	8.220525e-01	7.671100e+00	
14  24.7999	5.054145e+00	5.154134e-01	-1.936022e+00	1.325963e+00	1.229785e+00	3.991011e-01	3.613406e-01	2.024283e-01	7.913368e-02	7.741259e-01	8.220525e-01	7.671100e+00	
9  24.7134	5.054145e+00	1.354854e+00	-9.844932e-01	1.441457e+00	1.213646e-01	4.245739e-01	3.567376e-01	2.551234e-01	8.674094e-02	6.586943e-01	8.220525e-01	7.671100e+00	
1  26.1388	5.054145e+00	1.499357e+00	-1.831135e+00	1.424826e+00	1.586232e+00	4.638275e-01	3.508275e-01	2.883801e-01	8.402743e-02	6.644424e-01	8.220525e-01	7.671100e+00	
6  26.0525	5.054145e+00	1.624424e+00	-2.231526e+00	1.365302e+00	2.147911e+00	4.136750e-01	3.021976e-01	2.422710e-01	6.889174e-02	9.772126e-01	8.220525e-01	7.671100e+00	
32  26.4263	5.054145e+00	4.546321e-01	-2.629797e+00	1.247174e+00	4.009591e+00	4.597004e-01	3.877341e-01	2.349846e-01	1.040586e-01	9.936396e-01	8.220525e-01	7.671100e+00	
5  25.5135	5.054145e+00	1.100587e+00	-2.792789e+00	1.196108e+00	3.545897e+00	4.876975e-01	4.188340e-01	2.002346e-01	1.160543e-01	7.130992e-01	8.220525e-01	7.671100e+00	
62  23.0037	5.054145e+00	1.004726e+00	-3.424989e+00	1.205247e+00	4.713748e+00	4.047180e-01	3.625506e-01	2.262581e-01	9.383243e-02	1.870690e-01	8.220525e-01	7.671100e+00	
90  23.667	5.054145e+00	9.968821e-01	-3.108847e+00	1.176022e+00	3.831826e+00	4.233722e-01	3.577593e-01	2.412082e-01	5.360135e-02	7.578408e-01	8.220525e-01	7.671100e+00	
27  23.313	5.054145e+00	1.198028e+00	-3.846400e+00	1.213863e+00	3.789009e+00	4.217760e-01	3.312692e-01	2.194026e-01	9.191268e-02	9.332032e-01	8.220525e-01	7.671100e+00	
14  24.4239	5.054145e+00	8.959387e-01	-4.695421e+00	1.237495e+00	3.016425e+00	4.082699e-01	3.572854e-01	2.100842e-01	1.401990e-01	1.061328e-01	8.220525e-01	7.671100e+00	
7  22.8966	5.054145e+00	9.984479e-01	-3.274203e+00	1.374283e+00	2.574389e+00	4.332975e-01	3.500325e-01	1.982460e-01	7.163587e-02	6.685744e-01	8.220525e-01	7.671100e+00	
130  23.3744	5.054145e+00	7.623225e-01	-3.552892e+00	1.449670e+00	3.309583e+00	4.265654e-01	2.968509e-01	2.386292e-01	2.445846e-02	8.503268e-01	8.220525e-01	7.671100e+00	
139  22.773	5.054145e+00	6.206843e-01	-3.472862e+00	1.404198e+00	3.774182e+00	4.092877e-01	3.416302e-01	2.403280e-01	9.705498e-02	9.196795e-01	8.220525e-01	7.671100e+00	
45  21.7499	5.054145e+00	9.633504e-01	-4.801556e+00	1.369085e+00	3.430179e+00	4.103266e-01	3.435647e-01	2.471328e-01	9.044080e-02	8.228528e-01	8.220525e-01	7.671100e+00	
13  21.4575	3.591586e+00	9.633504e-01	-4.801556e+00	1.369085e+00	3.430179e+00	4.103266e-01	3.435647e-01	2.471328e-01	9.044080e-02	8.228528e-01	8.245028e-01	7.671100e+00	
43  22.2877	3.591586e+00	1.064763e+00	-4.193395e+00	1.416823e+00	3.471606e+00	3.951250e-01	3.483318e-01	2.714418e-01	1.176191e-01	7.697921e-01	8.245028e-01	7.671100e+00	
37  23.1871	3.591586e+00	1.074668e+00	-3.656587e+00	1.211198e+00	1.699842e+00	4.710058e-01	3.796830e-01	2.135128e-01	7.927921e-02	6.928876e-01	8.245028e-01	7.671100e+00	
10  23.3511	3.591586e+00	1.119504e+00	-2.958596e+00	1.219584e+00	2.246419e+00	4.835062e-01	3.742145e-01	2.569115e-01	1.010729e-01	6.406612e-01	8.245028e-01	7.671100e+00	
16  22.2941	3.591586e+00	1.243708e+00	-4.320705e+00	1.288525e+00	2.008467e+00	4.730633e-01	3.971796e-01	2.522010e-01	1.195210e-01	8.277356e-01	8.245028e-01	7.671100e+00	
6  23.5754	3.591586e+00	1.500377e+00	-4.656292e+00	1.297490e+00	3.037927e+00	5.251682e-01	3.568463e-01	2.302778e-01	1.452024e-01	8.380712e-01	8.245028e-01	7.671100e+00	
8  23.8509	3.591586e+00	1.738401e+00	-4.575308e+00	1.248497e+00	2.789943e+00	5.138700e-01	4.035067e-01	2.672617e-01	1.700624e-01	7.797437e-01	8.245028e-01	7.671100e+00	
6  23.3023	3.591586e+00	1.473178e+00	-3.975991e+00	1.330022e+00	4.011781e+00	4.886070e-01	3.444843e-01	2.445534e-01	1.758989e-01	9.098647e-01	8.245028e-01	7.671100e+00	
1  23.5377	3.591586e+00	1.688506e+00	-2.876039e+00	1.312672e+00	3.908216e+00	4.489514e-01	3.658951e-01	3.058568e-01	1.973469e-01	7.354772e-01	8.245028e-01	7.671100e+00	
39  23.8949	3.545190e+00	1.688506e+00	-2.876039e+00	1.312672e+00	3.908216e+00	4.489514e-01	3.658951e-01	3.058568e-01	1.973469e-01	7.354772e-01	8.267914e-01	7.671100e+00	
43  25.1248	3.545190e+00	1.771225e+00	-2.594357e+00	1.404805e+00	4.346243e+00	4.800667e-01	3.756613e-01	2.790942e-01	1.839335e-01	6.338532e-01	8.267914e-01	7.671100e+00	
39  21.72	3.545190e+00	1.741259e+00	-3.521285e+00	1.331083e+00	4.295986e+00	4.295824e-01	4.290821e-01	2.488485e-01	1.653673e-01	9.544514e-01	8.267914e-01	7.671100e+00	
33  22.0062	3.545190e+00	1.395283e+00	-3.069103e+00	1.251826e+00	4.023396e+00	3.960622e-01	3.666431e-01	2.411130e-01	1.267174e-01	8.380203e-01	8.267914e-01	7.671100e+00	
3  21.1405	3.545190e+00	1.249577e+00	-4.356394e+00	1.219424e+00	4.303637e+00	4.121452e-01	3.346522e-01	2.413863e-01	3.475889e-02	6.695230e-01	8.267914e-01	7.671100e+00	
7  22.1176	3.545190e+00	1.231840e+00	-4.966547e+00	1.246300e+00	4.691701e+00	4.025933e-01	3.171958e-01	2.449989e-01	7.348749e-02	4.616255e-01	8.267914e-01	7.671100e+00	
29  22.5736	3.545190e+00	1.036588e+00	-4.765300e+00	1.317075e+00	4.719192e+00	4.005037e-01	3.289411e-01	2.265808e-01	7.920568e-02	1.701253e-01	8.267914e-01	7.671100e+00	
1  22.812	3.545190e+00	7.945300e-01	-4.909080e+00	1.383650e+00	4.608728e+00	4.047183e-01	2.831291e-01	2.351908e-01	1.123259e-01	6.567440e-01	8.267914e-01	7.671100e+00	
245  22.5478	3.545190e+00	1.147747e+00	-4.640819e+00	1.313987e+00	4.405595e+00	4.012001e-01	3.122028e-01	1.839812e-01	1.356702e-01	8.315834e-01	8.267914e-01	7.671100e+00	
55  22.5035	3.545190e+00	9.098979e-01	-4.118146e+00	1.399430e+00	4.094607e+00	4.229201e-01	2.897568e-01	2.066055e-01	9.893161e-02	5.657556e-01	8.267914e-01	7.671100e+00	
36  20.1615	3.545190e+00	6.526782e-01	-4.836192e+00	1.325242e+00	3.868056e+00	4.011765e-01	3.100908e-01	2.299306e-01	1.063008e-01	9.082678e-01	8.267914e-01	7.671100e+00	
10  21.1149	5.286330e+00	6.526782e-01	-4.836192e+00	1.325242e+00	3.868056e+00	4.011765e-01	3.100908e-01	2.299306e-01	1.063008e-01	9.082678e-01	8.203947e-01	7.671100e+00	
39  20.5662	5.806034e+00	6.526782e-01	-4.836192e+00	1.325242e+00	3.868056e+00	4.011765e-01	3.100908e-01	2.299306e-01	1.063008e-01	9.082678e-01	8.215779e-01	7.671100e+00	
21  20.3771	5.806034e+00	1.116409e+00	-4.962920e+00	1.246072e+00	3.970455e+00	4.145846e-01	3.333037e-01	2.520323e-01	1.039115e-01	5.000173e-01	8.215779e-01	7.671100e+00	
10  21.3703	4.031496e+00	1.116409e+00	-4.962920e+00	1.246072e+00	3.970455e+00	4.145846e-01	3.333037e-01	2.520323e-01	1.039115e-01	5.000173e-01	8.227906e-01	7.671100e+00	
99  22.2942	3.381027e+00	1.116409e+00	-4.962920e+00	1.246072e+00	3.970455e+00	4.145846e-01	3.333037e-01	2.520323e-01	1.039115e-01	5.000173e-01	8.248836e-01	7.671100e+00	
6  23.6599	3.381027e+00	1.587978e+00	-4.569359e+00	1.322479e+00	3.346758e+00	4.163588e-01	3.188798e-01	2.334359e-01	1.138367e-01	8.243120e-01	8.248836e-01	7.671100e+00	
5  21.6965	3.381027e+00	1.083796e+00	-4.179059e+00	1.303987e+00	4.253862e+00	4.537151e-01	3.161193e-01	2.331084e-01	1.392570e-01	6.741876e-01	8.248836e-01	7.671100e+00	
