20  26.5999	1.591847e+00	7.400000e-01	-4.380000e+00	1.450000e+00	-1.930000e+00	3.500000e-01	2.600000e-01	1.800000e-01	7.000000e-02	0.000000e+00	8.267141e-01	7.671100e+00	
60  26.4179	1.986430e+00	7.400000e-01	-4.380000e+00	1.450000e+00	-1.930000e+00	3.500000e-01	2.600000e-01	1.800000e-01	7.000000e-02	0.000000e+00	8.247417e-01	7.671100e+00	
270  16.8599	5.403544e+00	7.400000e-01	-4.380000e+00	1.450000e+00	-1.930000e+00	3.500000e-01	2.600000e-01	1.800000e-01	7.000000e-02	0.000000e+00	8.221893e-01	7.671100e+00	
270  15.0175	3.344235e+00	7.400000e-01	-4.380000e+00	1.450000e+00	-1.930000e+00	3.500000e-01	2.600000e-01	1.800000e-01	7.000000e-02	0.000000e+00	8.269140e-01	7.671100e+00	
40  15.1611	3.608462e+00	7.400000e-01	-4.380000e+00	1.450000e+00	-1.930000e+00	3.500000e-01	2.600000e-01	1.800000e-01	7.000000e-02	0.000000e+00	8.244825e-01	7.671100e+00	
1400  14.9567	4.075435e+00	7.400000e-01	-4.380000e+00	1.450000e+00	-1.930000e+00	3.500000e-01	2.600000e-01	1.800000e-01	7.000000e-02	0.000000e+00	8.234943e-01	7.671100e+00	
530  15.9225	4.764447e+00	7.400000e-01	-4.380000e+00	1.450000e+00	-1.930000e+00	3.500000e-01	2.600000e-01	1.800000e-01	7.000000e-02	0.000000e+00	8.161928e-01	7.671100e+00	
320  14.9232	3.713068e+00	7.400000e-01	-4.380000e+00	1.450000e+00	-1.930000e+00	3.500000e-01	2.600000e-01	1.800000e-01	7.000000e-02	0.000000e+00	8.239235e-01	7.671100e+00	
2400  15.9266	3.064204e+00	7.400000e-01	-4.380000e+00	1.450000e+00	-1.930000e+00	3.500000e-01	2.600000e-01	1.800000e-01	7.000000e-02	0.000000e+00	8.263720e-01	7.671100e+00	
2  14.9229	5.163774e+00	7.400000e-01	-4.380000e+00	1.450000e+00	-1.930000e+00	3.500000e-01	2.600000e-01	1.800000e-01	7.000000e-02	0.000000e+00	8.223125e-01	7.671100e+00	
198  19.2852	5.163774e+00	7.556422e-01	-4.127670e+00	1.446572e+00	-1.345677e+00	3.610987e-01	2.918779e-01	1.586333e-01	8.435368e-02	1.464584e-01	8.223125e-01	7.671100e+00	
130  21.1525	3.228194e+00	7.556422e-01	-4.127670e+00	1.446572e+00	-1.345677e+00	3.610987e-01	2.918779e-01	1.586333e-01	8.435368e-02	1.464584e-01	8.249577e-01	7.671100e+00	
2  23.5181	4.819146e+00	7.556422e-01	-4.127670e+00	1.446572e+00	-1.345677e+00	3.610987e-01	2.918779e-01	1.586333e-01	8.435368e-02	1.464584e-01	8.213923e-01	7.671100e+00	
4  25.3035	4.819146e+00	1.161269e+00	-4.153444e+00	1.497338e+00	-2.605645e+00	3.768071e-01	2.799483e-01	1.884615e-01	8.367608e-02	5.939406e-01	8.213923e-01	7.671100e+00	
54  22.7336	4.819146e+00	1.159957e+00	-3.622867e+00	1.526650e+00	-3.476640e+00	4.080734e-01	3.165247e-01	2.337146e-01	7.190330e-02	8.232363e-01	8.213923e-01	7.671100e+00	
30  21.872	2.985700e+00	1.159957e+00	-3.622867e+00	1.526650e+00	-3.476640e+00	4.080734e-01	3.165247e-01	2.337146e-01	7.190330e-02	8.232363e-01	8.248920e-01	7.671100e+00	
150  20.2966	3.326021e+00	1.159957e+00	-3.622867e+00	1.526650e+00	-3.476640e+00	4.080734e-01	3.165247e-01	2.337146e-01	7.190330e-02	8.232363e-01	8.249011e-01	7.671100e+00	
14  21.0095	3.219253e+00	1.159957e+00	-3.622867e+00	1.526650e+00	-3.476640e+00	4.080734e-01	3.165247e-01	2.337146e-01	7.190330e-02	8.232363e-01	8.264482e-01	7.671100e+00	
56  21.1623	3.219253e+00	6.408442e-01	-3.589921e+00	1.516293e+00	-3.688072e+00	4.143007e-01	3.606854e-01	2.590133e-01	1.071255e-01	7.365212e-01	8.264482e-01	7.671100e+00	
30  21.2888	3.744480e+00	6.408442e-01	-3.589921e+00	1.516293e+00	-3.688072e+00	4.143007e-01	3.606854e-01	2.590133e-01	1.071255e-01	7.365212e-01	8.236199e-01	7.671100e+00	
60  21.2801	5.611040e+00	6.408442e-01	-3.589921e+00	1.516293e+00	-3.688072e+00	4.143007e-01	3.606854e-01	2.590133e-01	1.071255e-01	7.365212e-01	8.217674e-01	7.671100e+00	
50  21.2847	3.919046e+00	6.408442e-01	-3.589921e+00	1.516293e+00	-3.688072e+00	4.143007e-01	3.606854e-01	2.590133e-01	1.071255e-01	7.365212e-01	8.215130e-01	7.671100e+00	
18  21.5652	5.105571e+00	6.408442e-01	-3.589921e+00	1.516293e+00	-3.688072e+00	4.143007e-01	3.606854e-01	2.590133e-01	1.071255e-01	7.365212e-01	8.258330e-01	7.671100e+00	
32  21.5312	5.105571e+00	6.343666e-01	-4.278783e+00	1.573254e+00	-2.710374e+00	4.102114e-01	3.284055e-01	2.433319e-01	1.011055e-01	6.729826e-01	8.258330e-01	7.671100e+00	
10  21.2235	3.746220e+00	6.343666e-01	-4.278783e+00	1.573254e+00	-2.710374e+00	4.102114e-01	3.284055e-01	2.433319e-01	1.011055e-01	6.729826e-01	8.252541e-01	7.671100e+00	
10  20.4537	3.913187e+00	6.343666e-01	-4.278783e+00	1.573254e+00	-2.710374e+00	4.102114e-01	3.284055e-01	2.433319e-01	1.011055e-01	6.729826e-01	8.257964e-01	7.671100e+00	
23  20.1177	3.916003e+00	6.343666e-01	-4.278783e+00	1.573254e+00	-2.710374e+00	4.102114e-01	3.284055e-01	2.433319e-01	1.011055e-01	6.729826e-01	8.257422e-01	7.671100e+00	
137  19.6583	3.916003e+00	7.685997e-01	-1.870228e+00	1.383204e+00	-1.152161e+00	3.704038e-01	2.831789e-01	1.873207e-01	6.016961e-02	9.404951e-01	8.257422e-01	7.671100e+00	
40  19.6927	3.161977e+00	7.685997e-01	-1.870228e+00	1.383204e+00	-1.152161e+00	3.704038e-01	2.831789e-01	1.873207e-01	6.016961e-02	9.404951e-01	8.263942e-01	7.671100e+00	
40  19.818	5.349647e+00	7.685997e-01	-1.870228e+00	1.383204e+00	-1.152161e+00	3.704038e-01	2.831789e-01	1.873207e-01	6.016961e-02	9.404951e-01	8.268593e-01	7.671100e+00	
155  19.6707	4.548716e+00	7.685997e-01	-1.870228e+00	1.383204e+00	-1.152161e+00	3.704038e-01	2.831789e-01	1.873207e-01	6.016961e-02	9.404951e-01	8.278770e-01	7.671100e+00	
35  20.2225	4.548716e+00	8.238265e-01	-1.937707e+00	1.384007e+00	-8.531061e-01	3.816804e-01	3.078979e-01	2.165873e-01	6.801746e-02	7.424384e-01	8.278770e-01	7.671100e+00	
10  20.2699	3.401460e+00	8.238265e-01	-1.937707e+00	1.384007e+00	-8.531061e-01	3.816804e-01	3.078979e-01	2.165873e-01	6.801746e-02	7.424384e-01	8.249545e-01	7.671100e+00	
51  20.1187	3.166801e+00	8.238265e-01	-1.937707e+00	1.384007e+00	-8.531061e-01	3.816804e-01	3.078979e-01	2.165873e-01	6.801746e-02	7.424384e-01	8.258598e-01	7.671100e+00	
19  20.2387	3.166801e+00	6.591039e-01	-2.924623e+00	1.500669e+00	-1.754594e+00	3.750921e-01	3.236811e-01	2.327176e-01	3.864617e-02	7.029645e-01	8.258598e-01	7.671100e+00	
80  20.4306	5.560998e+00	6.591039e-01	-2.924623e+00	1.500669e+00	-1.754594e+00	3.750921e-01	3.236811e-01	2.327176e-01	3.864617e-02	7.029645e-01	8.204504e-01	7.671100e+00	
3  20.2668	3.207834e+00	6.591039e-01	-2.924623e+00	1.500669e+00	-1.754594e+00	3.750921e-01	3.236811e-01	2.327176e-01	3.864617e-02	7.029645e-01	8.229023e-01	7.671100e+00	
47  20.1501	3.207834e+00	6.069090e-01	-2.748209e+00	1.486487e+00	-1.476600e+00	3.824020e-01	3.173364e-01	2.273109e-01	5.347504e-02	6.642488e-01	8.229023e-01	7.671100e+00	
10  20.1223	3.254475e+00	6.069090e-01	-2.748209e+00	1.486487e+00	-1.476600e+00	3.824020e-01	3.173364e-01	2.273109e-01	5.347504e-02	6.642488e-01	8.235102e-01	7.671100e+00	
50  20.9756	4.309819e+00	6.069090e-01	-2.748209e+00	1.486487e+00	-1.476600e+00	3.824020e-01	3.173364e-01	2.273109e-01	5.347504e-02	6.642488e-01	8.237763e-01	7.671100e+00	
70  19.8438	5.584496e+00	6.069090e-01	-2.748209e+00	1.486487e+00	-1.476600e+00	3.824020e-01	3.173364e-01	2.273109e-01	5.347504e-02	6.642488e-01	8.226634e-01	7.671100e+00	
10  20.9751	3.033600e+00	6.069090e-01	-2.748209e+00	1.486487e+00	-1.476600e+00	3.824020e-01	3.173364e-01	2.273109e-01	5.347504e-02	6.642488e-01	8.252677e-01	7.671100e+00	
30  20.9769	3.039715e+00	6.069090e-01	-2.748209e+00	1.486487e+00	-1.476600e+00	3.824020e-01	3.173364e-01	2.273109e-01	5.347504e-02	6.642488e-01	8.292630e-01	7.671100e+00	
12  22.2298	2.935357e+00	6.069090e-01	-2.748209e+00	1.486487e+00	-1.476600e+00	3.824020e-01	3.173364e-01	2.273109e-01	5.347504e-02	6.642488e-01	8.256909e-01	7.671100e+00	
8  22.5183	2.935357e+00	7.645237e-01	-2.831749e+00	1.469274e+00	-3.823880e-01	3.988323e-01	3.162974e-01	1.903902e-01	5.002162e-02	2.919293e-01	8.256909e-01	7.671100e+00	
20  23.6459	5.296336e+00	7.645237e-01	-2.831749e+00	1.469274e+00	-3.823880e-01	3.988323e-01	3.162974e-01	1.903902e-01	5.002162e-02	2.919293e-01	8.229492e-01	7.671100e+00	
10  22.9972	5.058760e+00	7.645237e-01	-2.831749e+00	1.469274e+00	-3.823880e-01	3.988323e-01	3.162974e-01	1.903902e-01	5.002162e-02	2.919293e-01	8.219423e-01	7.671100e+00	
20  23.2528	2.750151e+00	7.645237e-01	-2.831749e+00	1.469274e+00	-3.823880e-01	3.988323e-01	3.162974e-01	1.903902e-01	5.002162e-02	2.919293e-01	8.240032e-01	7.671100e+00	
20  22.5543	5.249852e+00	7.645237e-01	-2.831749e+00	1.469274e+00	-3.823880e-01	3.988323e-01	3.162974e-01	1.903902e-01	5.002162e-02	2.919293e-01	8.202724e-01	7.671100e+00	
10  21.8608	4.699945e+00	7.645237e-01	-2.831749e+00	1.469274e+00	-3.823880e-01	3.988323e-01	3.162974e-01	1.903902e-01	5.002162e-02	2.919293e-01	8.217437e-01	7.671100e+00	
40  23.2626	4.361319e+00	7.645237e-01	-2.831749e+00	1.469274e+00	-3.823880e-01	3.988323e-01	3.162974e-01	1.903902e-01	5.002162e-02	2.919293e-01	8.261129e-01	7.671100e+00	
20  23.717	2.858421e+00	7.645237e-01	-2.831749e+00	1.469274e+00	-3.823880e-01	3.988323e-01	3.162974e-01	1.903902e-01	5.002162e-02	2.919293e-01	8.237436e-01	7.671100e+00	
40  23.6394	4.151491e+00	7.645237e-01	-2.831749e+00	1.469274e+00	-3.823880e-01	3.988323e-01	3.162974e-01	1.903902e-01	5.002162e-02	2.919293e-01	8.263359e-01	7.671100e+00	
41  24.4191	4.701469e+00	7.645237e-01	-2.831749e+00	1.469274e+00	-3.823880e-01	3.988323e-01	3.162974e-01	1.903902e-01	5.002162e-02	2.919293e-01	8.199130e-01	7.671100e+00	
5  24.8149	4.701469e+00	1.260852e+00	-1.302989e+00	1.629801e+00	-1.028677e+00	4.186503e-01	3.290185e-01	2.027712e-01	1.231003e-01	7.841090e-01	8.199130e-01	7.671100e+00	
8  24.6533	4.701469e+00	8.660002e-01	-1.190124e+00	1.582840e+00	-9.903038e-01	3.687311e-01	3.188180e-01	1.579892e-01	1.000254e-01	6.353361e-01	8.199130e-01	7.671100e+00	
27  25.0301	4.701469e+00	1.141337e+00	-1.136883e+00	1.515539e+00	-9.473450e-01	3.711281e-01	2.926954e-01	1.897133e-01	1.149739e-01	6.375720e-01	8.199130e-01	7.671100e+00	
81  22.9757	4.701469e+00	1.172559e+00	-1.203974e+00	1.571992e+00	-2.276659e+00	3.805577e-01	3.562992e-01	2.268235e-01	1.292358e-01	7.535155e-01	8.199130e-01	7.671100e+00	
15  22.7286	4.701469e+00	8.940852e-01	-1.754094e+00	1.511631e+00	-2.152263e+00	3.631880e-01	3.218829e-01	2.116934e-01	1.363782e-01	8.196242e-01	8.199130e-01	7.671100e+00	
10  24.3949	4.701469e+00	8.999201e-01	-2.504764e+00	1.466441e+00	-2.160895e+00	3.758758e-01	3.620438e-01	2.239399e-01	1.408670e-01	8.126711e-01	8.199130e-01	7.671100e+00	
63  22.4511	4.701469e+00	1.061983e+00	-3.192876e+00	1.524123e+00	-1.721468e+00	4.152432e-01	3.290958e-01	2.009647e-01	1.201168e-01	4.842218e-01	8.199130e-01	7.671100e+00	
3  22.3761	4.843171e+00	1.061983e+00	-3.192876e+00	1.524123e+00	-1.721468e+00	4.152432e-01	3.290958e-01	2.009647e-01	1.201168e-01	4.842218e-01	8.245109e-01	7.671100e+00	
15  21.3769	4.843171e+00	1.396057e+00	-4.052788e+00	1.513879e+00	-2.666620e+00	3.907759e-01	3.822568e-01	2.217711e-01	1.265095e-01	9.700076e-01	8.245109e-01	7.671100e+00	
25  21.422	4.843171e+00	1.073632e+00	-4.327011e+00	1.462435e+00	-1.924285e+00	3.936146e-01	3.743931e-01	2.542014e-01	1.420556e-01	6.458879e-01	8.245109e-01	7.671100e+00	
16  21.624	4.843171e+00	1.144898e+00	-4.182973e+00	1.473347e+00	-2.230790e+00	4.124381e-01	3.843465e-01	2.402949e-01	1.429958e-01	8.488681e-01	8.245109e-01	7.671100e+00	
198  20.8281	4.843171e+00	1.178985e+00	-4.646587e+00	1.495242e+00	-2.344235e+00	4.079867e-01	3.390667e-01	2.283696e-01	1.354091e-01	3.976976e-01	8.245109e-01	7.671100e+00	
32  22.0487	4.843171e+00	1.307398e+00	-4.906460e+00	1.541215e+00	-3.035646e+00	4.359998e-01	3.241419e-01	2.315558e-01	1.395877e-01	3.119227e-01	8.245109e-01	7.671100e+00	
1  21.5259	4.843171e+00	1.585683e+00	-4.621224e+00	1.546536e+00	-3.238080e+00	4.128829e-01	3.560712e-01	2.803413e-01	1.205713e-01	8.505315e-01	8.245109e-01	7.671100e+00	
4  21.3771	3.581257e+00	1.585683e+00	-4.621224e+00	1.546536e+00	-3.238080e+00	4.128829e-01	3.560712e-01	2.803413e-01	1.205713e-01	8.505315e-01	8.205723e-01	7.671100e+00	
54  21.5812	3.581257e+00	1.501847e+00	-4.393688e+00	1.584470e+00	-3.785086e+00	4.126540e-01	3.375723e-01	2.634615e-01	1.156075e-01	4.900103e-01	8.205723e-01	7.671100e+00	
46  22.3075	3.581257e+00	7.704696e-01	-3.838312e+00	1.605730e+00	-4.029400e+00	4.047514e-01	3.056152e-01	2.742884e-01	1.357715e-01	7.569852e-01	8.205723e-01	7.671100e+00	
38  23.6251	3.581257e+00	1.088216e+00	-3.984216e+00	1.656701e+00	-3.832728e+00	3.809928e-01	3.603488e-01	2.443558e-01	1.413398e-01	5.108824e-01	8.205723e-01	7.671100e+00	
28  22.3324	3.581257e+00	1.482792e+00	-3.744931e+00	1.565168e+00	-3.415366e+00	3.924651e-01	3.299295e-01	2.854280e-01	1.262945e-01	9.440413e-01	8.205723e-01	7.671100e+00	
19  23.0149	3.183941e+00	1.482792e+00	-3.744931e+00	1.565168e+00	-3.415366e+00	3.924651e-01	3.299295e-01	2.854280e-01	1.262945e-01	9.440413e-01	8.253392e-01	7.671100e+00	
3  24.1906	3.183941e+00	1.588936e+00	-3.675627e+00	1.638266e+00	-4.161942e+00	3.769415e-01	3.905431e-01	3.066870e-01	1.297345e-01	9.496662e-01	8.253392e-01	7.671100e+00	
17  23.2214	3.183941e+00	4.936983e-01	-3.241457e+00	1.523800e+00	-4.183638e+00	3.681271e-01	3.438918e-01	3.031572e-01	1.636700e-01	9.139152e-01	8.253392e-01	7.671100e+00	
41  22.0453	3.183941e+00	5.829726e-01	-1.901233e+00	1.505487e+00	-4.284333e+00	3.623610e-01	3.254767e-01	2.878921e-01	7.931020e-02	9.189201e-01	8.253392e-01	7.671100e+00	
22  24.388	3.939180e+00	5.829726e-01	-1.901233e+00	1.505487e+00	-4.284333e+00	3.623610e-01	3.254767e-01	2.878921e-01	7.931020e-02	9.189201e-01	8.213072e-01	7.671100e+00	
20  23.6901	3.939180e+00	4.796553e-01	-1.413319e+00	1.409282e+00	-4.600587e+00	3.879740e-01	3.725216e-01	2.566248e-01	9.356755e-02	7.478184e-01	8.213072e-01	7.671100e+00	
48  23.2824	3.939180e+00	7.825286e-01	-2.977896e+00	1.425444e+00	-4.873343e+00	3.913064e-01	3.354517e-01	2.379103e-01	9.558401e-02	5.079606e-01	8.213072e-01	7.671100e+00	
10  23.2086	3.049695e+00	7.825286e-01	-2.977896e+00	1.425444e+00	-4.873343e+00	3.913064e-01	3.354517e-01	2.379103e-01	9.558401e-02	5.079606e-01	8.239724e-01	7.671100e+00	
10  23.8258	2.445929e+00	7.825286e-01	-2.977896e+00	1.425444e+00	-4.873343e+00	3.913064e-01	3.354517e-01	2.379103e-01	9.558401e-02	5.079606e-01	8.263981e-01	7.671100e+00	
30  22.684	3.568382e+00	7.825286e-01	-2.977896e+00	1.425444e+00	-4.873343e+00	3.913064e-01	3.354517e-01	2.379103e-01	9.558401e-02	5.079606e-01	8.244558e-01	7.671100e+00	
20  23.2884	2.956022e+00	7.825286e-01	-2.977896e+00	1.425444e+00	-4.873343e+00	3.913064e-01	3.354517e-01	2.379103e-01	9.558401e-02	5.079606e-01	8.234718e-01	7.671100e+00	
20  24.8131	4.812145e+00	7.825286e-01	-2.977896e+00	1.425444e+00	-4.873343e+00	3.913064e-01	3.354517e-01	2.379103e-01	9.558401e-02	5.079606e-01	8.243695e-01	7.671100e+00	
118  22.0907	3.857066e+00	7.825286e-01	-2.977896e+00	1.425444e+00	-4.873343e+00	3.913064e-01	3.354517e-01	2.379103e-01	9.558401e-02	5.079606e-01	8.247179e-01	7.671100e+00	
2  22.8152	3.857066e+00	6.181298e-01	-1.929210e+00	1.464432e+00	-4.228614e+00	4.136994e-01	2.933690e-01	2.009943e-01	9.345995e-02	8.820154e-01	8.247179e-01	7.671100e+00	
80  23.7918	2.961816e+00	6.181298e-01	-1.929210e+00	1.464432e+00	-4.228614e+00	4.136994e-01	2.933690e-01	2.009943e-01	9.345995e-02	8.820154e-01	8.257685e-01	7.671100e+00	
20  23.6701	2.573339e+00	6.181298e-01	-1.929210e+00	1.464432e+00	-4.228614e+00	4.136994e-01	2.933690e-01	2.009943e-01	9.345995e-02	8.820154e-01	8.238404e-01	7.671100e+00	
30  23.7219	2.198040e+00	6.181298e-01	-1.929210e+00	1.464432e+00	-4.228614e+00	4.136994e-01	2.933690e-01	2.009943e-01	9.345995e-02	8.820154e-01	8.273354e-01	7.671100e+00	
30  22.6799	3.948754e+00	6.181298e-01	-1.929210e+00	1.464432e+00	-4.228614e+00	4.136994e-01	2.933690e-01	2.009943e-01	9.345995e-02	8.820154e-01	8.248760e-01	7.671100e+00	
6  23.0007	3.862854e+00	6.181298e-01	-1.929210e+00	1.464432e+00	-4.228614e+00	4.136994e-01	2.933690e-01	2.009943e-01	9.345995e-02	8.820154e-01	8.262486e-01	7.671100e+00	
28  19.6962	3.862854e+00	6.535375e-01	-2.017676e+00	1.494022e+00	-3.776555e+00	3.823989e-01	2.855338e-01	2.241227e-01	8.711938e-02	9.099565e-01	8.262486e-01	7.671100e+00	
6  22.113	3.862854e+00	5.225548e-01	-3.573403e+00	1.508094e+00	-3.651084e+00	4.116414e-01	3.498822e-01	2.949220e-01	5.580619e-02	7.208342e-01	8.262486e-01	7.671100e+00	
50  21.8243	5.890184e+00	5.225548e-01	-3.573403e+00	1.508094e+00	-3.651084e+00	4.116414e-01	3.498822e-01	2.949220e-01	5.580619e-02	7.208342e-01	8.187616e-01	7.671100e+00	
10  21.5961	2.843802e+00	5.225548e-01	-3.573403e+00	1.508094e+00	-3.651084e+00	4.116414e-01	3.498822e-01	2.949220e-01	5.580619e-02	7.208342e-01	8.263544e-01	7.671100e+00	
6  24.3868	3.935470e+00	5.225548e-01	-3.573403e+00	1.508094e+00	-3.651084e+00	4.116414e-01	3.498822e-01	2.949220e-01	5.580619e-02	7.208342e-01	8.265984e-01	7.671100e+00	
8  22.1907	3.935470e+00	9.293997e-01	-3.623042e+00	1.546250e+00	-2.739743e+00	3.661025e-01	3.167441e-01	2.846281e-01	8.057980e-02	4.526656e-01	8.265984e-01	7.671100e+00	
11  22.5505	3.935470e+00	1.066076e+00	-3.439271e+00	1.538526e+00	-1.654943e+00	3.775117e-01	3.610275e-01	2.979822e-01	1.047424e-01	6.791660e-01	8.265984e-01	7.671100e+00	
6  21.1541	3.935470e+00	1.358148e+00	-3.380959e+00	1.527802e+00	-1.780847e+00	4.031212e-01	3.904237e-01	2.833796e-01	7.581748e-02	9.233788e-01	8.265984e-01	7.671100e+00	
15  21.0579	3.935470e+00	9.490107e-01	-4.326296e+00	1.567528e+00	-1.870560e+00	4.008985e-01	3.749491e-01	2.591099e-01	5.097440e-02	9.447071e-01	8.265984e-01	7.671100e+00	
8  22.6962	3.935470e+00	6.704402e-01	-3.921041e+00	1.537588e+00	-1.663505e+00	4.338817e-01	4.044451e-01	2.262332e-01	5.907502e-02	8.905962e-01	8.265984e-01	7.671100e+00	
13  21.9605	3.935470e+00	9.702988e-01	-4.266275e+00	1.669489e+00	-2.559559e+00	4.388755e-01	3.870003e-01	2.045705e-01	1.000645e-01	5.709107e-01	8.265984e-01	7.671100e+00	
12  21.1876	3.935470e+00	1.052917e+00	-3.624982e+00	1.625608e+00	-3.035666e+00	3.941957e-01	3.840427e-01	2.646064e-01	4.261795e-02	7.570239e-01	8.265984e-01	7.671100e+00	
24  22.6038	3.935470e+00	8.098071e-01	-3.092727e+00	1.666188e+00	-2.778812e+00	4.203206e-01	3.924204e-01	3.001463e-01	6.228126e-02	6.516395e-01	8.265984e-01	7.671100e+00	
30  22.0882	3.935470e+00	8.894686e-01	-2.575457e+00	1.595367e+00	-1.698436e+00	3.821889e-01	3.796263e-01	1.976323e-01	4.216379e-02	7.468346e-01	8.265984e-01	7.671100e+00	
21  20.9644	3.935470e+00	1.149163e+00	-2.071948e+00	1.578237e+00	-2.313855e+00	3.972457e-01	3.711745e-01	2.491427e-01	7.998278e-02	9.975144e-01	8.265984e-01	7.671100e+00	
76  22.1198	3.935470e+00	1.375662e+00	-3.021988e+00	1.617691e+00	-2.823637e+00	3.890226e-01	3.919305e-01	2.522642e-01	5.644523e-02	7.790530e-01	8.265984e-01	7.671100e+00	
30  24.7395	4.682150e+00	1.375662e+00	-3.021988e+00	1.617691e+00	-2.823637e+00	3.890226e-01	3.919305e-01	2.522642e-01	5.644523e-02	7.790530e-01	8.283504e-01	7.671100e+00	
35  21.8837	4.657951e+00	1.375662e+00	-3.021988e+00	1.617691e+00	-2.823637e+00	3.890226e-01	3.919305e-01	2.522642e-01	5.644523e-02	7.790530e-01	8.215845e-01	7.671100e+00	
15  24.3106	4.657951e+00	1.407699e+00	-3.377038e+00	1.661786e+00	-1.834602e+00	4.177202e-01	3.332746e-01	2.954397e-01	4.920689e-02	7.003698e-01	8.215845e-01	7.671100e+00	
37  24.1316	5.880662e+00	1.407699e+00	-3.377038e+00	1.661786e+00	-1.834602e+00	4.177202e-01	3.332746e-01	2.954397e-01	4.920689e-02	7.003698e-01	8.230086e-01	7.671100e+00	
102  22.5024	5.880662e+00	1.529831e+00	-3.030248e+00	1.674704e+00	-1.413524e-01	4.217165e-01	3.600158e-01	2.565590e-01	3.610717e-02	5.787745e-01	8.230086e-01	7.671100e+00	
46  21.9655	5.880662e+00	9.516515e-01	-2.175755e+00	1.692714e+00	1.932370e+00	3.818153e-01	3.461305e-01	2.803101e-01	7.658625e-02	4.722678e-01	8.230086e-01	7.671100e+00	
15  22.2932	5.880662e+00	1.224357e+00	-2.443547e+00	1.634859e+00	1.155951e+00	3.738982e-01	3.463466e-01	2.546912e-01	3.986210e-02	5.247390e-01	8.230086e-01	7.671100e+00	
8  23.5357	4.954242e+00	1.224357e+00	-2.443547e+00	1.634859e+00	1.155951e+00	3.738982e-01	3.463466e-01	2.546912e-01	3.986210e-02	5.247390e-01	8.214945e-01	7.671100e+00	
2  22.8571	4.954242e+00	1.230150e+00	-3.156199e+00	1.600455e+00	1.429856e+00	4.229627e-01	3.197805e-01	2.593575e-01	6.440589e-02	5.161157e-01	8.214945e-01	7.671100e+00	
12  22.6397	3.734644e+00	1.230150e+00	-3.156199e+00	1.600455e+00	1.429856e+00	4.229627e-01	3.197805e-01	2.593575e-01	6.440589e-02	5.161157e-01	8.248000e-01	7.671100e+00	
67  23.1409	3.734644e+00	1.130897e+00	-4.777946e+00	1.695898e+00	1.871167e+00	4.049660e-01	2.858036e-01	2.452139e-01	1.256437e-01	9.350893e-01	8.248000e-01	7.671100e+00	
53  20.4375	3.734644e+00	1.099992e+00	-4.444941e+00	1.687303e+00	2.234872e+00	3.755123e-01	3.137270e-01	2.770141e-01	8.009014e-02	8.431177e-01	8.248000e-01	7.671100e+00	
68  19.9553	3.734644e+00	1.138066e+00	-4.964787e+00	1.662140e+00	2.816605e+00	3.781811e-01	2.981551e-01	2.828092e-01	3.761042e-02	9.985404e-01	8.248000e-01	7.671100e+00	
140  21.4871	4.175811e+00	1.138066e+00	-4.964787e+00	1.662140e+00	2.816605e+00	3.781811e-01	2.981551e-01	2.828092e-01	3.761042e-02	9.985404e-01	8.230097e-01	7.671100e+00	
30  21.6322	4.228277e+00	1.138066e+00	-4.964787e+00	1.662140e+00	2.816605e+00	3.781811e-01	2.981551e-01	2.828092e-01	3.761042e-02	9.985404e-01	8.225008e-01	7.671100e+00	
90  20.8516	4.004589e+00	1.138066e+00	-4.964787e+00	1.662140e+00	2.816605e+00	3.781811e-01	2.981551e-01	2.828092e-01	3.761042e-02	9.985404e-01	8.267239e-01	7.671100e+00	
10  21.2999	3.226823e+00	1.138066e+00	-4.964787e+00	1.662140e+00	2.816605e+00	3.781811e-01	2.981551e-01	2.828092e-01	3.761042e-02	9.985404e-01	8.242074e-01	7.671100e+00	
330  19.9553	5.529131e+00	1.138066e+00	-4.964787e+00	1.662140e+00	2.816605e+00	3.781811e-01	2.981551e-01	2.828092e-01	3.761042e-02	9.985404e-01	8.192796e-01	7.671100e+00	
60  19.6955	5.618947e+00	1.138066e+00	-4.964787e+00	1.662140e+00	2.816605e+00	3.781811e-01	2.981551e-01	2.828092e-01	3.761042e-02	9.985404e-01	8.280515e-01	7.671100e+00	
36  21.2564	3.325042e+00	1.138066e+00	-4.964787e+00	1.662140e+00	2.816605e+00	3.781811e-01	2.981551e-01	2.828092e-01	3.761042e-02	9.985404e-01	8.248726e-01	7.671100e+00	
17  21.4888	3.325042e+00	9.527418e-01	-3.247941e+00	1.529079e+00	2.445203e+00	3.895836e-01	3.178270e-01	2.546041e-01	4.996026e-02	6.664474e-01	8.248726e-01	7.671100e+00	
19  23.1655	3.325042e+00	9.207719e-01	-1.956534e+00	1.597076e+00	1.559416e+00	3.688461e-01	3.334559e-01	3.024464e-01	4.871620e-02	6.940655e-01	8.248726e-01	7.671100e+00	
6  23.4574	3.325042e+00	1.173808e+00	-1.247369e+00	1.437538e+00	1.961860e+00	3.819467e-01	3.490862e-01	2.974297e-01	7.173996e-02	5.509215e-01	8.248726e-01	7.671100e+00	
42  24.6232	3.325042e+00	1.384381e+00	-1.107984e+00	1.475801e+00	1.479202e+00	3.537536e-01	4.001464e-01	2.872217e-01	1.008424e-01	7.551917e-01	8.248726e-01	7.671100e+00	
8  24.8474	4.572686e+00	1.384381e+00	-1.107984e+00	1.475801e+00	1.479202e+00	3.537536e-01	4.001464e-01	2.872217e-01	1.008424e-01	7.551917e-01	8.282094e-01	7.671100e+00	
25  23.5231	4.572686e+00	1.324947e+00	-1.224410e+00	1.502799e+00	1.510818e+00	4.076165e-01	3.982631e-01	2.757753e-01	1.157579e-01	5.979167e-01	8.282094e-01	7.671100e+00	
1  25.0026	4.572686e+00	1.675771e+00	-2.129666e+00	1.456999e+00	3.201493e+00	4.052118e-01	4.250950e-01	2.591525e-01	1.218003e-01	5.953143e-01	8.282094e-01	7.671100e+00	
36  21.4105	4.572686e+00	1.481627e+00	-1.402583e+00	1.466356e+00	2.332018e+00	3.804876e-01	4.008772e-01	2.400227e-01	1.129341e-01	9.192241e-01	8.282094e-01	7.671100e+00	
95  21.3964	4.829963e+00	1.481627e+00	-1.402583e+00	1.466356e+00	2.332018e+00	3.804876e-01	4.008772e-01	2.400227e-01	1.129341e-01	9.192241e-01	8.236798e-01	7.671100e+00	
25  21.0079	4.829963e+00	4.375364e-01	-1.710088e+00	1.416549e+00	3.015246e+00	4.115270e-01	3.099244e-01	2.285758e-01	5.685586e-02	9.889113e-01	8.236798e-01	7.671100e+00	
45  20.9851	5.931600e+00	4.375364e-01	-1.710088e+00	1.416549e+00	3.015246e+00	4.115270e-01	3.099244e-01	2.285758e-01	5.685586e-02	9.889113e-01	8.312991e-01	7.671100e+00	
38  21.589	5.931600e+00	5.823110e-01	-1.576929e+00	1.364910e+00	3.427057e+00	3.630234e-01	3.170839e-01	1.974285e-01	5.074232e-02	9.961187e-01	8.312991e-01	7.671100e+00	
57  23.2941	5.931600e+00	4.372612e-01	-1.925013e+00	1.437050e+00	2.718375e+00	3.961679e-01	2.924211e-01	1.780388e-01	3.641244e-02	9.314029e-01	8.312991e-01	7.671100e+00	
60  24.082	4.340549e+00	4.372612e-01	-1.925013e+00	1.437050e+00	2.718375e+00	3.961679e-01	2.924211e-01	1.780388e-01	3.641244e-02	9.314029e-01	8.219757e-01	7.671100e+00	
40  23.4264	2.119548e+00	4.372612e-01	-1.925013e+00	1.437050e+00	2.718375e+00	3.961679e-01	2.924211e-01	1.780388e-01	3.641244e-02	9.314029e-01	8.243429e-01	7.671100e+00	
10  22.9459	5.282268e+00	4.372612e-01	-1.925013e+00	1.437050e+00	2.718375e+00	3.961679e-01	2.924211e-01	1.780388e-01	3.641244e-02	9.314029e-01	8.256411e-01	7.671100e+00	
10  22.7187	4.067396e+00	4.372612e-01	-1.925013e+00	1.437050e+00	2.718375e+00	3.961679e-01	2.924211e-01	1.780388e-01	3.641244e-02	9.314029e-01	8.243828e-01	7.671100e+00	
10  23.4547	4.348861e+00	4.372612e-01	-1.925013e+00	1.437050e+00	2.718375e+00	3.961679e-01	2.924211e-01	1.780388e-01	3.641244e-02	9.314029e-01	8.248575e-01	7.671100e+00	
11  25.4081	3.493370e+00	4.372612e-01	-1.925013e+00	1.437050e+00	2.718375e+00	3.961679e-01	2.924211e-01	1.780388e-01	3.641244e-02	9.314029e-01	8.239242e-01	7.671100e+00	
2  25.4802	3.493370e+00	6.197783e-01	-2.098329e+00	1.399062e+00	1.827894e+00	3.891524e-01	3.153024e-01	1.830127e-01	4.140826e-02	5.817003e-01	8.239242e-01	7.671100e+00	
31  26.3995	3.493370e+00	1.095090e+00	-2.077369e+00	1.189237e+00	4.471153e-01	4.289808e-01	4.002966e-01	1.789525e-01	6.512955e-02	7.858802e-01	8.239242e-01	7.671100e+00	
5  27.5099	3.493370e+00	6.464616e-01	-2.757713e+00	1.277723e+00	3.263539e-01	4.229942e-01	3.605900e-01	1.730397e-01	4.782390e-02	3.524119e-01	8.239242e-01	7.671100e+00	
35  25.8934	3.493370e+00	6.560531e-01	-3.701539e+00	1.286185e+00	-7.902683e-01	4.276658e-01	3.397755e-01	2.066298e-01	4.717982e-02	6.045739e-01	8.239242e-01	7.671100e+00	
15  26.2767	3.493370e+00	5.808472e-01	-3.695035e+00	1.370884e+00	-6.623865e-01	4.036878e-01	2.990603e-01	2.120727e-01	4.990953e-02	4.907549e-01	8.239242e-01	7.671100e+00	
5  24.3787	3.493370e+00	1.090740e+00	-3.571618e+00	1.499535e+00	-3.253381e-01	3.824840e-01	2.906185e-01	1.785043e-01	5.586629e-02	4.209870e-01	8.239242e-01	7.671100e+00	
28  24.8968	3.493370e+00	1.099053e+00	-4.012305e+00	1.410350e+00	3.839761e-01	3.831984e-01	2.968685e-01	1.680332e-01	8.898434e-02	7.753347e-01	8.239242e-01	7.671100e+00	
22  23.0051	3.493370e+00	1.089440e+00	-4.608508e+00	1.425002e+00	9.552607e-01	4.036474e-01	3.060673e-01	1.644190e-01	7.583195e-02	8.986617e-01	8.239242e-01	7.671100e+00	
26  21.9494	3.493370e+00	6.435440e-01	-4.784298e+00	1.407227e+00	1.691237e+00	3.870395e-01	3.271615e-01	2.271050e-01	4.720008e-02	7.198014e-01	8.239242e-01	7.671100e+00	
20  20.7862	4.972301e+00	6.435440e-01	-4.784298e+00	1.407227e+00	1.691237e+00	3.870395e-01	3.271615e-01	2.271050e-01	4.720008e-02	7.198014e-01	8.212476e-01	7.671100e+00	
66  23.6839	4.024538e+00	6.435440e-01	-4.784298e+00	1.407227e+00	1.691237e+00	3.870395e-01	3.271615e-01	2.271050e-01	4.720008e-02	7.198014e-01	8.249134e-01	7.671100e+00	
58  29.3727	4.024538e+00	6.344479e-01	-4.170134e+00	1.271478e+00	2.743727e+00	4.048577e-01	3.345089e-01	1.704874e-01	3.816632e-02	3.205592e-01	8.249134e-01	7.671100e+00	
78  24.8855	4.024538e+00	7.329658e-01	-3.478924e+00	1.301502e+00	1.784575e+00	3.615899e-01	3.241789e-01	2.080925e-01	4.833241e-02	3.006666e-01	8.249134e-01	7.671100e+00	
14  24.9269	4.024538e+00	7.015476e-01	-4.521625e+00	1.267395e+00	2.175654e+00	4.008412e-01	3.280006e-01	2.228867e-01	1.110949e-01	3.411859e-01	8.249134e-01	7.671100e+00	
4  24.4452	4.024538e+00	7.043313e-01	-4.822862e+00	1.289960e+00	7.442161e-01	3.936669e-01	3.603679e-01	1.863339e-01	7.350927e-02	5.942849e-01	8.249134e-01	7.671100e+00	
60  24.093	4.826424e+00	7.043313e-01	-4.822862e+00	1.289960e+00	7.442161e-01	3.936669e-01	3.603679e-01	1.863339e-01	7.350927e-02	5.942849e-01	8.244791e-01	7.671100e+00	
12  22.5763	3.532303e+00	7.043313e-01	-4.822862e+00	1.289960e+00	7.442161e-01	3.936669e-01	3.603679e-01	1.863339e-01	7.350927e-02	5.942849e-01	8.231198e-01	7.671100e+00	
28  23.5287	3.532303e+00	5.961689e-01	-4.453175e+00	1.393791e+00	-8.450595e-01	3.861353e-01	3.501347e-01	2.096320e-01	1.282224e-01	5.650309e-01	8.231198e-01	7.671100e+00	
10  23.2081	5.978920e+00	5.961689e-01	-4.453175e+00	1.393791e+00	-8.450595e-01	3.861353e-01	3.501347e-01	2.096320e-01	1.282224e-01	5.650309e-01	8.266580e-01	7.671100e+00	
20  23.1967	3.402104e+00	5.961689e-01	-4.453175e+00	1.393791e+00	-8.450595e-01	3.861353e-01	3.501347e-01	2.096320e-01	1.282224e-01	5.650309e-01	8.256046e-01	7.671100e+00	
39  24.7888	4.269287e+00	5.961689e-01	-4.453175e+00	1.393791e+00	-8.450595e-01	3.861353e-01	3.501347e-01	2.096320e-01	1.282224e-01	5.650309e-01	8.276827e-01	7.671100e+00	
22  25.0657	4.269287e+00	7.479058e-01	-3.666356e+00	1.271695e+00	-1.004142e+00	3.610765e-01	3.331507e-01	1.658995e-01	4.169705e-02	7.953626e-01	8.276827e-01	7.671100e+00	
32  24.7097	4.269287e+00	4.666447e-01	-3.078183e+00	1.371110e+00	7.477606e-02	3.986773e-01	3.758112e-01	1.805516e-01	8.609930e-02	4.946735e-01	8.276827e-01	7.671100e+00	
55  26.1332	4.269287e+00	6.112036e-01	-2.718855e+00	1.423579e+00	-9.202704e-02	3.566083e-01	3.751370e-01	2.002957e-01	9.425743e-02	4.075179e-01	8.276827e-01	7.671100e+00	
22  30.0926	4.269287e+00	6.346416e-01	-2.174328e+00	1.462087e+00	4.970141e-01	3.571777e-01	3.275318e-01	1.575168e-01	1.284589e-01	5.481128e-01	8.276827e-01	7.671100e+00	
10  29.5137	2.487448e+00	6.346416e-01	-2.174328e+00	1.462087e+00	4.970141e-01	3.571777e-01	3.275318e-01	1.575168e-01	1.284589e-01	5.481128e-01	8.253751e-01	7.671100e+00	
10  29.3905	4.012433e+00	6.346416e-01	-2.174328e+00	1.462087e+00	4.970141e-01	3.571777e-01	3.275318e-01	1.575168e-01	1.284589e-01	5.481128e-01	8.270388e-01	7.671100e+00	
13  29.4392	2.731288e+00	6.346416e-01	-2.174328e+00	1.462087e+00	4.970141e-01	3.571777e-01	3.275318e-01	1.575168e-01	1.284589e-01	5.481128e-01	8.264246e-01	7.671100e+00	
31  28.1736	2.731288e+00	1.335212e-01	-1.478521e+00	1.552405e+00	3.730476e-01	3.747615e-01	3.747594e-01	1.597421e-01	1.039069e-01	9.082836e-01	8.264246e-01	7.671100e+00	
16  25.5979	2.731288e+00	8.976034e-01	-6.486857e-01	1.473196e+00	-4.511843e-01	3.879038e-01	3.206967e-01	1.727531e-01	7.794553e-02	1.594465e-01	8.264246e-01	7.671100e+00	
14  23.5653	3.093617e+00	8.976034e-01	-6.486857e-01	1.473196e+00	-4.511843e-01	3.879038e-01	3.206967e-01	1.727531e-01	7.794553e-02	1.594465e-01	8.235832e-01	7.671100e+00	
15  24.1281	3.093617e+00	9.500310e-01	-8.076841e-01	1.497715e+00	-1.001238e+00	3.929445e-01	3.098668e-01	2.210209e-01	7.966147e-02	8.477268e-01	8.235832e-01	7.671100e+00	
1  23.9726	3.093617e+00	1.337443e+00	-2.584993e-01	1.567877e+00	-1.300915e+00	3.998253e-01	3.284225e-01	3.039197e-01	3.757312e-02	8.148428e-01	8.235832e-01	7.671100e+00	
16  24.0627	4.079042e+00	1.337443e+00	-2.584993e-01	1.567877e+00	-1.300915e+00	3.998253e-01	3.284225e-01	3.039197e-01	3.757312e-02	8.148428e-01	8.222861e-01	7.671100e+00	
4  27.1936	4.079042e+00	1.845415e+00	4.466943e-01	1.639773e+00	-1.729992e+00	4.654333e-01	3.962174e-01	3.022108e-01	4.754082e-02	6.894109e-01	8.222861e-01	7.671100e+00	
10  28.8868	5.742623e+00	1.845415e+00	4.466943e-01	1.639773e+00	-1.729992e+00	4.654333e-01	3.962174e-01	3.022108e-01	4.754082e-02	6.894109e-01	8.280920e-01	7.671100e+00	
37  26.6385	5.243347e+00	1.845415e+00	4.466943e-01	1.639773e+00	-1.729992e+00	4.654333e-01	3.962174e-01	3.022108e-01	4.754082e-02	6.894109e-01	8.295940e-01	7.671100e+00	
13  25.8315	5.243347e+00	1.867154e+00	-2.905116e-01	1.507839e+00	-1.973016e+00	4.241011e-01	3.799934e-01	3.022091e-01	5.301262e-02	8.426593e-01	8.295940e-01	7.671100e+00	
30  25.882	3.910427e+00	1.867154e+00	-2.905116e-01	1.507839e+00	-1.973016e+00	4.241011e-01	3.799934e-01	3.022091e-01	5.301262e-02	8.426593e-01	8.260200e-01	7.671100e+00	
46  26.0334	2.471365e+00	1.867154e+00	-2.905116e-01	1.507839e+00	-1.973016e+00	4.241011e-01	3.799934e-01	3.022091e-01	5.301262e-02	8.426593e-01	8.239481e-01	7.671100e+00	
48  24.124	2.471365e+00	1.168105e+00	-2.420260e-02	1.566480e+00	-3.532487e+00	3.738200e-01	3.267003e-01	3.098869e-01	8.336526e-02	8.411084e-01	8.239481e-01	7.671100e+00	
196  22.1139	2.471365e+00	1.170813e+00	7.141595e-02	1.507063e+00	-4.086970e+00	3.866306e-01	3.122582e-01	2.927367e-01	1.196791e-01	9.770391e-01	8.239481e-01	7.671100e+00	
100  21.9	5.500659e+00	1.170813e+00	7.141595e-02	1.507063e+00	-4.086970e+00	3.866306e-01	3.122582e-01	2.927367e-01	1.196791e-01	9.770391e-01	8.246108e-01	7.671100e+00	
10  21.8428	4.255555e+00	1.170813e+00	7.141595e-02	1.507063e+00	-4.086970e+00	3.866306e-01	3.122582e-01	2.927367e-01	1.196791e-01	9.770391e-01	8.262368e-01	7.671100e+00	
97  21.9704	4.568042e+00	1.170813e+00	7.141595e-02	1.507063e+00	-4.086970e+00	3.866306e-01	3.122582e-01	2.927367e-01	1.196791e-01	9.770391e-01	8.252472e-01	7.671100e+00	
33  22.3502	4.568042e+00	1.059754e+00	-8.077773e-02	1.575126e+00	-4.372918e+00	4.354550e-01	3.023148e-01	2.935166e-01	1.242640e-01	9.850386e-01	8.252472e-01	7.671100e+00	
170  21.8093	4.977762e+00	1.059754e+00	-8.077773e-02	1.575126e+00	-4.372918e+00	4.354550e-01	3.023148e-01	2.935166e-01	1.242640e-01	9.850386e-01	8.247402e-01	7.671100e+00	
52  22.2271	4.145124e+00	1.059754e+00	-8.077773e-02	1.575126e+00	-4.372918e+00	4.354550e-01	3.023148e-01	2.935166e-01	1.242640e-01	9.850386e-01	8.244141e-01	7.671100e+00	
