24  72.4187	3.000000e+00	9.022264e-01	-3.658896e+00	1.463622e+00	-2.369896e+00	2.848474e-01	2.405302e-01	1.462986e-01	1.213237e-01	4.726535e-01	8.234345e-01	7.671100e+00	
9  73.6002	3.000000e+00	7.385363e-01	-3.235814e+00	1.400711e+00	-2.580077e+00	2.840200e-01	3.184515e-01	1.236033e-01	1.138430e-01	3.947186e-01	8.234345e-01	7.671100e+00	
8  62.5097	3.000000e+00	6.205580e-01	-3.287870e+00	1.434542e+00	-2.540114e+00	2.778128e-01	2.757929e-01	1.305031e-01	1.181181e-01	7.363698e-01	8.234345e-01	7.671100e+00	
18  55.3491	3.000000e+00	4.209463e-01	-3.527679e+00	1.447753e+00	-2.173326e+00	2.628185e-01	2.850840e-01	1.643038e-01	1.270412e-01	9.603285e-01	8.234345e-01	7.671100e+00	
7  37.017	3.000000e+00	1.056991e+00	-3.110009e+00	1.458751e+00	-1.990670e+00	3.412090e-01	3.227129e-01	1.583665e-01	1.380096e-01	3.637688e-01	8.234345e-01	7.671100e+00	
1  33.0196	3.000000e+00	1.618384e+00	-2.527663e+00	1.484341e+00	-2.892731e+00	3.363237e-01	3.450790e-01	1.747407e-01	1.317559e-01	8.841066e-01	8.234345e-01	7.671100e+00	
52  29.4985	3.000000e+00	1.544482e+00	-1.228135e+00	1.508205e+00	-2.910117e+00	3.647333e-01	3.961376e-01	1.721476e-01	1.481335e-01	9.692193e-01	8.234345e-01	7.671100e+00	
12  26.9977	3.000000e+00	4.826418e-01	-1.389531e+00	1.565027e+00	-2.780810e+00	3.550611e-01	3.652964e-01	2.391771e-01	1.145755e-01	7.115262e-01	8.234345e-01	7.671100e+00	
2  24.8288	3.000000e+00	7.112441e-01	-8.067164e-01	1.425039e+00	-2.492499e+00	3.380948e-01	3.295200e-01	2.448562e-01	9.760659e-02	9.148605e-01	8.234345e-01	7.671100e+00	
10  21.9017	3.000000e+00	3.821181e-01	-9.483003e-01	1.401563e+00	-1.942868e+00	3.873672e-01	3.819110e-01	2.246034e-01	1.022109e-01	9.707772e-01	8.234345e-01	7.671100e+00	
13  21.1552	3.000000e+00	6.136329e-01	-1.322733e+00	1.372508e+00	-2.059629e+00	3.772803e-01	3.432205e-01	2.314014e-01	1.036286e-01	7.193953e-01	8.234345e-01	7.671100e+00	
1  21.0306	3.000000e+00	6.264090e-01	-1.587806e+00	1.443632e+00	-2.100034e+00	3.882960e-01	3.083403e-01	2.305670e-01	9.064962e-02	6.594966e-01	8.234345e-01	7.671100e+00	
23  20.8937	3.000000e+00	8.959449e-01	-2.409808e+00	1.349917e+00	-1.314481e+00	3.805732e-01	3.507118e-01	1.985320e-01	7.502694e-02	1.709382e-01	8.234345e-01	7.671100e+00	
50  21.0515	4.885178e+00	8.959449e-01	-2.409808e+00	1.349917e+00	-1.314481e+00	3.805732e-01	3.507118e-01	1.985320e-01	7.502694e-02	1.709382e-01	8.205112e-01	7.671100e+00	
50  21.0323	4.152392e+00	8.959449e-01	-2.409808e+00	1.349917e+00	-1.314481e+00	3.805732e-01	3.507118e-01	1.985320e-01	7.502694e-02	1.709382e-01	8.250831e-01	7.671100e+00	
6  21.0658	4.224924e+00	8.959449e-01	-2.409808e+00	1.349917e+00	-1.314481e+00	3.805732e-01	3.507118e-01	1.985320e-01	7.502694e-02	1.709382e-01	8.218842e-01	7.671100e+00	
12  25.3342	4.224924e+00	1.166375e+00	-3.232543e+00	1.463378e+00	-4.940307e-01	3.868519e-01	3.256618e-01	2.278122e-01	2.474587e-02	7.157436e-01	8.218842e-01	7.671100e+00	
4  25.4377	4.224924e+00	1.266951e+00	-2.494169e+00	1.439699e+00	-6.632151e-01	3.470918e-01	3.232530e-01	2.153941e-01	4.137956e-02	6.429931e-01	8.218842e-01	7.671100e+00	
31  24.1513	4.224924e+00	1.298623e+00	-2.300369e+00	1.407486e+00	3.851850e-03	3.470420e-01	3.151617e-01	2.031740e-01	5.911547e-02	7.269528e-01	8.218842e-01	7.671100e+00	
20  22.2324	4.224924e+00	1.202462e+00	-2.688929e+00	1.233042e+00	-3.884855e-03	3.571422e-01	3.480484e-01	2.106707e-01	8.008406e-02	8.491228e-01	8.218842e-01	7.671100e+00	
17  21.9165	4.224924e+00	1.544798e+00	-3.529198e+00	1.216477e+00	2.639361e+00	4.006276e-01	4.000668e-01	2.159661e-01	6.307503e-02	7.491887e-01	8.218842e-01	7.671100e+00	
20  21.2851	3.878589e+00	1.544798e+00	-3.529198e+00	1.216477e+00	2.639361e+00	4.006276e-01	4.000668e-01	2.159661e-01	6.307503e-02	7.491887e-01	8.238356e-01	7.671100e+00	
20  21.1162	4.292855e+00	1.544798e+00	-3.529198e+00	1.216477e+00	2.639361e+00	4.006276e-01	4.000668e-01	2.159661e-01	6.307503e-02	7.491887e-01	8.241627e-01	7.671100e+00	
14  21.1147	4.372299e+00	1.544798e+00	-3.529198e+00	1.216477e+00	2.639361e+00	4.006276e-01	4.000668e-01	2.159661e-01	6.307503e-02	7.491887e-01	8.215367e-01	7.671100e+00	
10  26.8382	4.372299e+00	1.313530e+00	-3.822089e+00	1.177106e+00	1.913890e+00	3.999741e-01	3.568441e-01	2.426340e-01	9.030490e-02	5.802547e-01	8.215367e-01	7.671100e+00	
16  25.2896	4.372299e+00	1.529845e+00	-2.990578e+00	1.234233e+00	2.461493e+00	4.947798e-01	3.928009e-01	2.591146e-01	1.334650e-01	7.539165e-01	8.215367e-01	7.671100e+00	
3  23.6271	3.351476e+00	1.529845e+00	-2.990578e+00	1.234233e+00	2.461493e+00	4.947798e-01	3.928009e-01	2.591146e-01	1.334650e-01	7.539165e-01	8.249742e-01	7.671100e+00	
26  20.9042	3.351476e+00	1.832979e+00	-3.954598e+00	1.251112e+00	3.187743e+00	4.886760e-01	4.197423e-01	3.035859e-01	7.914336e-02	9.023900e-01	8.249742e-01	7.671100e+00	
201  20.9685	3.351476e+00	1.658666e+00	-3.699072e+00	1.392114e+00	3.725995e+00	5.253946e-01	4.118171e-01	2.950097e-01	8.353585e-02	9.320690e-01	8.249742e-01	7.671100e+00	
10  21.2183	4.345458e+00	1.658666e+00	-3.699072e+00	1.392114e+00	3.725995e+00	5.253946e-01	4.118171e-01	2.950097e-01	8.353585e-02	9.320690e-01	8.241026e-01	7.671100e+00	
2  20.8725	4.173398e+00	1.658666e+00	-3.699072e+00	1.392114e+00	3.725995e+00	5.253946e-01	4.118171e-01	2.950097e-01	8.353585e-02	9.320690e-01	8.236277e-01	7.671100e+00	
7  21.0009	4.173398e+00	1.390567e+00	-4.382959e+00	1.514333e+00	3.044740e+00	4.707339e-01	4.003608e-01	2.981359e-01	8.930687e-02	8.296943e-01	8.236277e-01	7.671100e+00	
26  21.6443	4.173398e+00	1.309774e+00	-3.964535e+00	1.535063e+00	3.037796e+00	4.530065e-01	4.151312e-01	2.815188e-01	3.596199e-02	8.032227e-01	8.236277e-01	7.671100e+00	
155  20.1842	4.173398e+00	1.449098e+00	-3.301190e+00	1.407742e+00	4.428311e+00	4.396023e-01	3.997539e-01	3.044400e-01	3.691978e-02	8.489850e-01	8.236277e-01	7.671100e+00	
25  20.7238	4.099773e+00	1.449098e+00	-3.301190e+00	1.407742e+00	4.428311e+00	4.396023e-01	3.997539e-01	3.044400e-01	3.691978e-02	8.489850e-01	8.261704e-01	7.671100e+00	
7  22.1867	4.099773e+00	1.567218e+00	-3.426240e+00	1.505216e+00	4.369498e+00	4.758004e-01	3.796184e-01	3.031130e-01	6.889164e-02	6.492234e-01	8.261704e-01	7.671100e+00	
10  22.4818	4.099773e+00	1.289101e+00	-4.346841e+00	1.543272e+00	4.874613e+00	4.582365e-01	3.914698e-01	2.849240e-01	4.636244e-02	6.875956e-01	8.261704e-01	7.671100e+00	
31  22.1269	4.099773e+00	1.341501e+00	-4.305771e+00	1.515221e+00	4.474406e+00	4.716441e-01	3.589121e-01	3.093371e-01	3.932843e-02	9.172943e-01	8.261704e-01	7.671100e+00	
15  23.1379	4.099773e+00	1.751422e+00	-3.967069e+00	1.307393e+00	4.744365e+00	3.967994e-01	3.571372e-01	2.987112e-01	4.977958e-02	8.435992e-01	8.261704e-01	7.671100e+00	
172  20.8794	4.099773e+00	1.506446e+00	-4.766196e+00	1.363732e+00	4.815346e+00	4.249473e-01	3.739326e-01	2.888784e-01	3.955241e-02	9.737219e-01	8.261704e-01	7.671100e+00	
20  20.9338	3.964547e+00	1.506446e+00	-4.766196e+00	1.363732e+00	4.815346e+00	4.249473e-01	3.739326e-01	2.888784e-01	3.955241e-02	9.737219e-01	8.239867e-01	7.671100e+00	
207  20.8256	5.684918e+00	1.506446e+00	-4.766196e+00	1.363732e+00	4.815346e+00	4.249473e-01	3.739326e-01	2.888784e-01	3.955241e-02	9.737219e-01	8.171928e-01	7.671100e+00	
6  20.4966	5.684918e+00	1.745950e+00	-4.273761e+00	1.398021e+00	3.852526e+00	4.475261e-01	3.842022e-01	3.057278e-01	1.095255e-01	8.595541e-01	8.171928e-01	7.671100e+00	
29  20.436	5.684918e+00	1.213716e+00	-3.137014e+00	1.435174e+00	4.348568e+00	4.358170e-01	3.053474e-01	2.856492e-01	9.267903e-02	8.897384e-01	8.171928e-01	7.671100e+00	
68  20.8236	5.684918e+00	1.349468e+00	-3.276141e+00	1.257912e+00	4.714101e+00	4.385285e-01	3.197094e-01	2.751502e-01	7.460135e-02	6.273153e-01	8.171928e-01	7.671100e+00	
30  20.8836	4.883363e+00	1.349468e+00	-3.276141e+00	1.257912e+00	4.714101e+00	4.385285e-01	3.197094e-01	2.751502e-01	7.460135e-02	6.273153e-01	8.193370e-01	7.671100e+00	
6  23.4707	2.703724e+00	1.349468e+00	-3.276141e+00	1.257912e+00	4.714101e+00	4.385285e-01	3.197094e-01	2.751502e-01	7.460135e-02	6.273153e-01	8.251649e-01	7.671100e+00	
19  24.1771	2.703724e+00	1.242193e+00	-3.095004e+00	1.419392e+00	4.850500e+00	4.512249e-01	3.433806e-01	2.437076e-01	3.242689e-02	7.815629e-01	8.251649e-01	7.671100e+00	
5  23.2199	2.703724e+00	1.180310e+00	-3.586822e+00	1.534457e+00	4.562346e+00	4.042981e-01	3.678179e-01	2.848264e-01	4.563946e-02	5.549623e-01	8.251649e-01	7.671100e+00	
50  23.2	3.872001e+00	1.180310e+00	-3.586822e+00	1.534457e+00	4.562346e+00	4.042981e-01	3.678179e-01	2.848264e-01	4.563946e-02	5.549623e-01	8.227850e-01	7.671100e+00	
30  21.8862	3.961301e+00	1.180310e+00	-3.586822e+00	1.534457e+00	4.562346e+00	4.042981e-01	3.678179e-01	2.848264e-01	4.563946e-02	5.549623e-01	8.237538e-01	7.671100e+00	
50  21.0209	3.856008e+00	1.180310e+00	-3.586822e+00	1.534457e+00	4.562346e+00	4.042981e-01	3.678179e-01	2.848264e-01	4.563946e-02	5.549623e-01	8.240395e-01	7.671100e+00	
20  21.8333	3.201642e+00	1.180310e+00	-3.586822e+00	1.534457e+00	4.562346e+00	4.042981e-01	3.678179e-01	2.848264e-01	4.563946e-02	5.549623e-01	8.239541e-01	7.671100e+00	
149  21.6865	4.783022e+00	1.180310e+00	-3.586822e+00	1.534457e+00	4.562346e+00	4.042981e-01	3.678179e-01	2.848264e-01	4.563946e-02	5.549623e-01	8.214622e-01	7.671100e+00	
61  21.3818	4.783022e+00	1.211583e+00	-3.113654e+00	1.526509e+00	4.648159e+00	4.089436e-01	3.423781e-01	2.879608e-01	5.512583e-02	8.430899e-01	8.214622e-01	7.671100e+00	
3  20.7801	3.306573e+00	1.211583e+00	-3.113654e+00	1.526509e+00	4.648159e+00	4.089436e-01	3.423781e-01	2.879608e-01	5.512583e-02	8.430899e-01	8.235365e-01	7.671100e+00	
51  23.7071	3.306573e+00	1.072633e+00	-2.903018e+00	1.550516e+00	4.441763e+00	3.620409e-01	4.002220e-01	2.819295e-01	3.121019e-02	7.117486e-01	8.235365e-01	7.671100e+00	
2  22.6789	3.306573e+00	1.304005e+00	-2.091584e+00	1.539330e+00	4.426482e+00	3.753425e-01	3.925025e-01	2.736392e-01	3.268405e-02	7.394695e-01	8.235365e-01	7.671100e+00	
12  28.5112	3.306573e+00	1.737729e+00	-3.136569e+00	1.562172e+00	4.966422e+00	3.334369e-01	4.047752e-01	2.976748e-01	6.635770e-02	8.929058e-01	8.235365e-01	7.671100e+00	
76  28.8056	3.306573e+00	1.912151e+00	-4.015804e+00	1.464838e+00	4.597298e+00	3.379745e-01	3.859131e-01	2.898063e-01	5.550677e-02	8.660217e-01	8.235365e-01	7.671100e+00	
13  26.0936	3.306573e+00	8.829664e-01	-2.542290e+00	1.442409e+00	4.687508e+00	3.608394e-01	4.028827e-01	2.890232e-01	9.079729e-02	6.962357e-01	8.235365e-01	7.671100e+00	
68  24.3092	3.306573e+00	1.443970e+00	-1.650185e+00	1.403553e+00	4.678118e+00	3.913595e-01	3.958060e-01	2.683115e-01	4.277159e-02	4.568808e-01	8.235365e-01	7.671100e+00	
6  25.7245	3.306573e+00	1.372290e+00	-1.726068e+00	1.420343e+00	4.342856e+00	3.821843e-01	3.960216e-01	2.262641e-01	6.889598e-02	4.986911e-01	8.235365e-01	7.671100e+00	
126  23.8976	3.306573e+00	1.085800e+00	-2.017313e+00	1.555969e+00	4.492406e+00	3.671976e-01	3.352946e-01	2.549444e-01	5.953130e-02	8.017073e-02	8.235365e-01	7.671100e+00	
1  25.0899	3.306573e+00	9.234946e-01	-2.102743e+00	1.562884e+00	4.482814e+00	4.163702e-01	3.420477e-01	2.359797e-01	4.130301e-02	4.438561e-01	8.235365e-01	7.671100e+00	
92  21.4567	3.306573e+00	1.028222e+00	-1.961651e+00	1.490162e+00	4.319585e+00	3.918308e-01	3.415321e-01	2.662926e-01	2.441182e-02	6.705684e-01	8.235365e-01	7.671100e+00	
10  21.7024	3.120490e+00	1.028222e+00	-1.961651e+00	1.490162e+00	4.319585e+00	3.918308e-01	3.415321e-01	2.662926e-01	2.441182e-02	6.705684e-01	8.236001e-01	7.671100e+00	
34  21.6116	4.011680e+00	1.028222e+00	-1.961651e+00	1.490162e+00	4.319585e+00	3.918308e-01	3.415321e-01	2.662926e-01	2.441182e-02	6.705684e-01	8.255268e-01	7.671100e+00	
16  20.5534	4.011680e+00	9.524750e-01	-2.030034e+00	1.371873e+00	4.843855e+00	4.250197e-01	3.002358e-01	2.859987e-01	7.352195e-02	8.990568e-01	8.255268e-01	7.671100e+00	
61  21.3738	3.371436e+00	9.524750e-01	-2.030034e+00	1.371873e+00	4.843855e+00	4.250197e-01	3.002358e-01	2.859987e-01	7.352195e-02	8.990568e-01	8.242749e-01	7.671100e+00	
11  23.3517	3.371436e+00	1.136403e+00	-2.647130e+00	1.495740e+00	4.176623e+00	4.215822e-01	2.875665e-01	3.028869e-01	6.401432e-02	5.973496e-01	8.242749e-01	7.671100e+00	
8  22.1917	3.371436e+00	1.158252e+00	-2.255145e+00	1.417201e+00	4.160067e+00	4.111009e-01	2.945715e-01	2.743085e-01	3.533419e-02	6.750474e-01	8.242749e-01	7.671100e+00	
45  22.0348	3.546077e+00	1.158252e+00	-2.255145e+00	1.417201e+00	4.160067e+00	4.111009e-01	2.945715e-01	2.743085e-01	3.533419e-02	6.750474e-01	8.257924e-01	7.671100e+00	
25  20.9873	3.546077e+00	1.006170e+00	-2.807221e+00	1.360211e+00	4.319397e+00	3.950250e-01	3.047365e-01	2.768669e-01	4.360687e-02	6.852623e-01	8.257924e-01	7.671100e+00	
80  20.8451	5.367107e+00	1.006170e+00	-2.807221e+00	1.360211e+00	4.319397e+00	3.950250e-01	3.047365e-01	2.768669e-01	4.360687e-02	6.852623e-01	8.231491e-01	7.671100e+00	
91  20.7935	3.756220e+00	1.006170e+00	-2.807221e+00	1.360211e+00	4.319397e+00	3.950250e-01	3.047365e-01	2.768669e-01	4.360687e-02	6.852623e-01	8.226378e-01	7.671100e+00	
14  22.4532	3.756220e+00	9.366907e-01	-4.038991e+00	1.395537e+00	3.702538e+00	4.169095e-01	2.694102e-01	2.686792e-01	1.235563e-01	8.017742e-01	8.226378e-01	7.671100e+00	
75  22.5767	3.756220e+00	6.179293e-01	-4.429525e+00	1.376492e+00	4.124060e+00	3.826351e-01	2.836668e-01	2.726430e-01	8.327796e-02	7.906208e-01	8.226378e-01	7.671100e+00	
20  22.9498	2.997264e+00	6.179293e-01	-4.429525e+00	1.376492e+00	4.124060e+00	3.826351e-01	2.836668e-01	2.726430e-01	8.327796e-02	7.906208e-01	8.236176e-01	7.671100e+00	
60  22.9729	3.605059e+00	6.179293e-01	-4.429525e+00	1.376492e+00	4.124060e+00	3.826351e-01	2.836668e-01	2.726430e-01	8.327796e-02	7.906208e-01	8.230160e-01	7.671100e+00	
60  23.0753	4.696429e+00	6.179293e-01	-4.429525e+00	1.376492e+00	4.124060e+00	3.826351e-01	2.836668e-01	2.726430e-01	8.327796e-02	7.906208e-01	8.245036e-01	7.671100e+00	
10  23.5092	4.185894e+00	6.179293e-01	-4.429525e+00	1.376492e+00	4.124060e+00	3.826351e-01	2.836668e-01	2.726430e-01	8.327796e-02	7.906208e-01	8.201645e-01	7.671100e+00	
3  22.9836	5.633002e+00	6.179293e-01	-4.429525e+00	1.376492e+00	4.124060e+00	3.826351e-01	2.836668e-01	2.726430e-01	8.327796e-02	7.906208e-01	8.241226e-01	7.671100e+00	
47  23.1408	5.633002e+00	8.368900e-01	-4.454297e+00	1.399602e+00	4.614808e+00	3.605857e-01	2.837406e-01	2.488748e-01	1.187819e-01	8.001541e-01	8.241226e-01	7.671100e+00	
40  23.7172	2.760518e+00	8.368900e-01	-4.454297e+00	1.399602e+00	4.614808e+00	3.605857e-01	2.837406e-01	2.488748e-01	1.187819e-01	8.001541e-01	8.275410e-01	7.671100e+00	
17  24.0503	2.654818e+00	8.368900e-01	-4.454297e+00	1.399602e+00	4.614808e+00	3.605857e-01	2.837406e-01	2.488748e-01	1.187819e-01	8.001541e-01	8.245351e-01	7.671100e+00	
4  20.9538	2.654818e+00	1.053297e+00	-3.535603e+00	1.460498e+00	3.570605e+00	3.890359e-01	3.026453e-01	2.919624e-01	1.365956e-01	8.796527e-01	8.245351e-01	7.671100e+00	
28  21.1209	2.654818e+00	1.074052e+00	-3.371052e+00	1.515097e+00	3.362594e+00	3.637717e-01	3.123300e-01	2.779905e-01	4.854336e-02	9.419820e-01	8.245351e-01	7.671100e+00	
11  20.3925	2.654818e+00	6.071920e-01	-3.263724e+00	1.479519e+00	3.187943e+00	3.752254e-01	3.273975e-01	2.647024e-01	2.706316e-02	8.442921e-01	8.245351e-01	7.671100e+00	
110  21.3082	4.431897e+00	6.071920e-01	-3.263724e+00	1.479519e+00	3.187943e+00	3.752254e-01	3.273975e-01	2.647024e-01	2.706316e-02	8.442921e-01	8.243696e-01	7.671100e+00	
128  20.0519	5.985608e+00	6.071920e-01	-3.263724e+00	1.479519e+00	3.187943e+00	3.752254e-01	3.273975e-01	2.647024e-01	2.706316e-02	8.442921e-01	8.217402e-01	7.671100e+00	
18  20.8343	5.985608e+00	6.101828e-01	-4.013014e+00	1.470403e+00	2.841293e+00	3.674327e-01	3.286654e-01	3.068232e-01	7.554525e-02	8.615755e-01	8.217402e-01	7.671100e+00	
66  20.4352	5.985608e+00	5.889221e-01	-2.885648e+00	1.503086e+00	3.729819e+00	3.765824e-01	2.975176e-01	2.536119e-01	9.656741e-02	8.791087e-01	8.217402e-01	7.671100e+00	
50  20.7051	5.985608e+00	9.125046e-01	-3.401031e+00	1.503959e+00	4.415105e+00	3.926614e-01	3.082101e-01	2.733191e-01	5.207533e-02	7.703980e-01	8.217402e-01	7.671100e+00	
25  22.2949	5.985608e+00	1.029357e+00	-3.804842e+00	1.541660e+00	3.879213e+00	4.356380e-01	3.474603e-01	3.047078e-01	1.283404e-01	6.664698e-01	8.217402e-01	7.671100e+00	
11  22.2977	5.985608e+00	1.328749e+00	-3.604908e+00	1.653593e+00	2.679069e+00	3.736262e-01	4.285193e-01	3.027802e-01	1.357554e-01	8.356335e-01	8.217402e-01	7.671100e+00	
66  22.6326	5.985608e+00	1.377748e+00	-3.763886e+00	1.633656e+00	2.589404e+00	3.648954e-01	4.101786e-01	2.802557e-01	1.144016e-01	9.035918e-01	8.217402e-01	7.671100e+00	
133  21.9336	5.985608e+00	1.558950e+00	-3.465020e+00	1.565144e+00	2.037629e+00	4.115109e-01	3.904280e-01	2.352093e-01	1.511142e-01	8.823750e-01	8.217402e-01	7.671100e+00	
10  24.246	5.985608e+00	1.521600e+00	-3.575394e+00	1.666514e+00	3.116198e+00	4.302145e-01	3.876646e-01	2.827935e-01	1.027590e-01	5.106232e-01	8.217402e-01	7.671100e+00	
8  27.0132	5.985608e+00	1.811950e+00	-4.041591e+00	1.634049e+00	3.878784e+00	3.878187e-01	3.489969e-01	2.623022e-01	1.085467e-01	8.639080e-01	8.217402e-01	7.671100e+00	
1  27.0791	5.985608e+00	1.870486e+00	-3.038223e+00	1.657029e+00	4.066420e+00	4.236767e-01	3.388037e-01	2.746166e-01	1.453437e-01	7.050309e-01	8.217402e-01	7.671100e+00	
10  26.4493	5.985608e+00	1.132331e+00	-2.438207e+00	1.599165e+00	3.494573e+00	4.284057e-01	3.325578e-01	2.903179e-01	6.495173e-02	9.432437e-01	8.217402e-01	7.671100e+00	
14  23.714	5.985608e+00	1.626941e+00	-2.498651e+00	1.567074e+00	3.326778e+00	4.292417e-01	3.506802e-01	2.740417e-01	3.431845e-02	6.104691e-01	8.217402e-01	7.671100e+00	
1  22.6914	5.474138e+00	1.626941e+00	-2.498651e+00	1.567074e+00	3.326778e+00	4.292417e-01	3.506802e-01	2.740417e-01	3.431845e-02	6.104691e-01	8.251231e-01	7.671100e+00	
47  21.1794	5.474138e+00	1.076850e+00	-2.558456e+00	1.492839e+00	3.463986e+00	3.890838e-01	3.798687e-01	3.093273e-01	4.820173e-02	8.524530e-01	8.251231e-01	7.671100e+00	
5  22.2614	5.474138e+00	8.462484e-01	-3.733419e+00	1.435219e+00	4.663351e+00	3.930014e-01	3.826110e-01	2.906738e-01	5.088589e-02	6.517894e-01	8.251231e-01	7.671100e+00	
98  22.7441	5.474138e+00	1.166060e+00	-4.136289e+00	1.433083e+00	4.791796e+00	4.626445e-01	4.020703e-01	2.410071e-01	3.252394e-02	8.332327e-01	8.251231e-01	7.671100e+00	
17  23.7246	5.474138e+00	1.782176e+00	-2.544254e+00	1.395428e+00	4.802218e+00	4.236900e-01	3.860956e-01	2.836067e-01	3.351705e-02	4.281793e-01	8.251231e-01	7.671100e+00	
81  20.727	5.474138e+00	1.498712e+00	-3.677179e+00	1.316580e+00	4.605062e+00	4.375773e-01	4.265837e-01	2.687342e-01	7.835876e-02	8.637365e-01	8.251231e-01	7.671100e+00	
12  20.9546	5.474138e+00	1.195667e+00	-3.557902e+00	1.308769e+00	4.675759e+00	4.492468e-01	3.616615e-01	2.712439e-01	3.146679e-02	7.225045e-01	8.251231e-01	7.671100e+00	
79  21.3966	5.474138e+00	1.439450e+00	-4.425287e+00	1.535576e+00	4.207136e+00	4.674868e-01	4.018027e-01	2.863069e-01	9.146094e-02	5.837991e-01	8.251231e-01	7.671100e+00	
39  22.2365	3.598598e+00	1.439450e+00	-4.425287e+00	1.535576e+00	4.207136e+00	4.674868e-01	4.018027e-01	2.863069e-01	9.146094e-02	5.837991e-01	8.251418e-01	7.671100e+00	
19  23.1448	3.598598e+00	1.635276e+00	-3.854505e+00	1.503136e+00	4.364354e+00	4.402879e-01	3.511254e-01	3.021809e-01	8.478742e-02	5.078179e-01	8.251418e-01	7.671100e+00	
36  23.9424	3.598598e+00	1.485259e+00	-4.256042e+00	1.581272e+00	4.049373e+00	4.193943e-01	3.437008e-01	2.877561e-01	1.560516e-01	7.738346e-01	8.251418e-01	7.671100e+00	
9  25.6019	3.598598e+00	1.659854e+00	-3.653750e+00	1.533407e+00	3.982187e+00	4.295640e-01	4.147265e-01	2.991795e-01	1.976297e-01	4.482912e-01	8.251418e-01	7.671100e+00	
8  26.0572	3.598598e+00	1.547623e+00	-2.870512e+00	1.513944e+00	3.608965e+00	3.613283e-01	4.087707e-01	2.798301e-01	1.635895e-01	6.982699e-01	8.251418e-01	7.671100e+00	
3  25.1985	3.598598e+00	1.065972e+00	-2.988316e+00	1.487308e+00	3.140009e+00	4.359367e-01	3.511938e-01	2.888294e-01	1.150565e-01	2.090443e-01	8.251418e-01	7.671100e+00	
53  22.9609	3.598598e+00	1.291006e+00	-3.496336e+00	1.554126e+00	3.988305e+00	4.624678e-01	3.617044e-01	3.068964e-01	6.612784e-02	4.976453e-01	8.251418e-01	7.671100e+00	
34  20.9193	3.598598e+00	1.588621e+00	-3.960556e+00	1.532330e+00	3.704710e+00	4.580573e-01	4.165049e-01	2.990978e-01	1.599661e-01	9.155527e-01	8.251418e-01	7.671100e+00	
30  21.7405	3.598598e+00	1.585448e+00	-4.466668e+00	1.575306e+00	3.563177e+00	4.571346e-01	4.092560e-01	2.820354e-01	1.705560e-01	8.238317e-01	8.251418e-01	7.671100e+00	
26  22.4464	3.598598e+00	1.713427e+00	-2.964120e+00	1.472486e+00	3.812807e+00	4.534353e-01	3.871006e-01	2.755673e-01	1.579608e-01	8.991975e-01	8.251418e-01	7.671100e+00	
12  23.5961	3.598598e+00	1.178287e+00	-3.709605e+00	1.453596e+00	3.320456e+00	4.925585e-01	4.057494e-01	2.689066e-01	1.055827e-01	6.948547e-01	8.251418e-01	7.671100e+00	
21  20.492	3.598598e+00	1.210819e+00	-2.476369e+00	1.298442e+00	4.400522e+00	4.513377e-01	3.596739e-01	2.768182e-01	7.356409e-02	8.469785e-01	8.251418e-01	7.671100e+00	
60  21.2422	4.549427e+00	1.210819e+00	-2.476369e+00	1.298442e+00	4.400522e+00	4.513377e-01	3.596739e-01	2.768182e-01	7.356409e-02	8.469785e-01	8.233861e-01	7.671100e+00	
20  20.6226	4.385939e+00	1.210819e+00	-2.476369e+00	1.298442e+00	4.400522e+00	4.513377e-01	3.596739e-01	2.768182e-01	7.356409e-02	8.469785e-01	8.255973e-01	7.671100e+00	
58  20.5768	2.924825e+00	1.210819e+00	-2.476369e+00	1.298442e+00	4.400522e+00	4.513377e-01	3.596739e-01	2.768182e-01	7.356409e-02	8.469785e-01	8.234699e-01	7.671100e+00	
11  20.6733	2.924825e+00	1.338151e+00	-2.162170e+00	1.163411e+00	4.880572e+00	4.342392e-01	4.119076e-01	2.688589e-01	6.859034e-02	6.260049e-01	8.234699e-01	7.671100e+00	
30  20.7584	2.924825e+00	1.364611e+00	-2.545675e+00	1.183794e+00	4.111788e+00	4.651822e-01	4.081813e-01	2.529215e-01	1.013421e-01	6.661558e-01	8.234699e-01	7.671100e+00	
31  21.2382	2.924825e+00	1.746591e+00	-2.834970e+00	1.289183e+00	4.322525e+00	4.889401e-01	3.852212e-01	2.760865e-01	1.015982e-01	9.040771e-01	8.234699e-01	7.671100e+00	
160  20.5754	5.028276e+00	1.746591e+00	-2.834970e+00	1.289183e+00	4.322525e+00	4.889401e-01	3.852212e-01	2.760865e-01	1.015982e-01	9.040771e-01	8.236447e-01	7.671100e+00	
43  20.7489	5.672322e+00	1.746591e+00	-2.834970e+00	1.289183e+00	4.322525e+00	4.889401e-01	3.852212e-01	2.760865e-01	1.015982e-01	9.040771e-01	8.215823e-01	7.671100e+00	
7  22.1134	5.672322e+00	1.512807e+00	-2.916607e+00	1.301524e+00	4.275108e+00	4.621182e-01	3.916579e-01	2.374404e-01	8.490748e-02	6.002261e-01	8.215823e-01	7.671100e+00	
38  22.3976	5.840449e+00	1.512807e+00	-2.916607e+00	1.301524e+00	4.275108e+00	4.621182e-01	3.916579e-01	2.374404e-01	8.490748e-02	6.002261e-01	8.239020e-01	7.671100e+00	
59  22.7072	5.840449e+00	1.360042e+00	-1.228443e+00	1.318669e+00	4.075960e+00	4.390133e-01	3.891792e-01	2.130090e-01	1.148560e-01	8.729767e-01	8.239020e-01	7.671100e+00	
13  20.3069	5.840449e+00	1.437010e+00	-1.633193e+00	1.256760e+00	4.119881e+00	4.450799e-01	3.445085e-01	2.155078e-01	7.707485e-02	9.209482e-01	8.239020e-01	7.671100e+00	
70  20.4514	4.602724e+00	1.437010e+00	-1.633193e+00	1.256760e+00	4.119881e+00	4.450799e-01	3.445085e-01	2.155078e-01	7.707485e-02	9.209482e-01	8.204549e-01	7.671100e+00	
22  20.3732	3.148652e+00	1.437010e+00	-1.633193e+00	1.256760e+00	4.119881e+00	4.450799e-01	3.445085e-01	2.155078e-01	7.707485e-02	9.209482e-01	8.233412e-01	7.671100e+00	
3  24.4113	3.148652e+00	1.293182e+00	-2.118050e+00	1.293200e+00	4.505775e+00	3.899424e-01	3.450543e-01	2.510316e-01	1.144652e-01	2.985942e-01	8.233412e-01	7.671100e+00	
39  23.3739	3.148652e+00	1.355040e+00	-1.221849e+00	1.246996e+00	3.902172e+00	4.128298e-01	4.054859e-01	2.997375e-01	1.166137e-01	8.589008e-01	8.233412e-01	7.671100e+00	
35  23.4607	3.148652e+00	1.260088e+00	-2.075383e+00	1.336115e+00	3.969914e+00	4.412147e-01	3.660288e-01	3.058262e-01	1.059824e-01	8.699901e-01	8.233412e-01	7.671100e+00	
1  20.7454	3.148652e+00	1.410229e+00	-2.632410e+00	1.304386e+00	4.362650e+00	4.236893e-01	3.652098e-01	2.553528e-01	9.787955e-02	9.619270e-01	8.233412e-01	7.671100e+00	
9  20.5157	4.743460e+00	1.410229e+00	-2.632410e+00	1.304386e+00	4.362650e+00	4.236893e-01	3.652098e-01	2.553528e-01	9.787955e-02	9.619270e-01	8.243366e-01	7.671100e+00	
61  21.6873	4.743460e+00	1.286426e+00	-2.961872e+00	1.268981e+00	4.472691e+00	4.996819e-01	3.288043e-01	2.246480e-01	4.335469e-02	8.661346e-01	8.243366e-01	7.671100e+00	
20  21.7089	5.494751e+00	1.286426e+00	-2.961872e+00	1.268981e+00	4.472691e+00	4.996819e-01	3.288043e-01	2.246480e-01	4.335469e-02	8.661346e-01	8.202256e-01	7.671100e+00	
60  21.8233	4.624077e+00	1.286426e+00	-2.961872e+00	1.268981e+00	4.472691e+00	4.996819e-01	3.288043e-01	2.246480e-01	4.335469e-02	8.661346e-01	8.295077e-01	7.671100e+00	
9  21.7944	5.049400e+00	1.286426e+00	-2.961872e+00	1.268981e+00	4.472691e+00	4.996819e-01	3.288043e-01	2.246480e-01	4.335469e-02	8.661346e-01	8.200940e-01	7.671100e+00	
11  24.5873	5.049400e+00	1.335011e+00	-2.902008e+00	1.346118e+00	3.705916e+00	4.839057e-01	3.423748e-01	3.027718e-01	4.402337e-02	5.959917e-01	8.200940e-01	7.671100e+00	
6  24.6484	4.162514e+00	1.335011e+00	-2.902008e+00	1.346118e+00	3.705916e+00	4.839057e-01	3.423748e-01	3.027718e-01	4.402337e-02	5.959917e-01	8.223875e-01	7.671100e+00	
3  21.1498	4.162514e+00	1.380424e+00	-2.997440e+00	1.281620e+00	4.372875e+00	4.195043e-01	3.422132e-01	2.356372e-01	4.317447e-02	5.724567e-01	8.223875e-01	7.671100e+00	
71  20.7824	4.162514e+00	8.996053e-01	-4.265096e+00	1.342940e+00	4.142242e+00	4.031065e-01	3.038486e-01	2.281677e-01	2.886857e-02	4.967206e-01	8.223875e-01	7.671100e+00	
10  20.9408	5.004285e+00	8.996053e-01	-4.265096e+00	1.342940e+00	4.142242e+00	4.031065e-01	3.038486e-01	2.281677e-01	2.886857e-02	4.967206e-01	8.219959e-01	7.671100e+00	
40  20.6622	5.551198e+00	8.996053e-01	-4.265096e+00	1.342940e+00	4.142242e+00	4.031065e-01	3.038486e-01	2.281677e-01	2.886857e-02	4.967206e-01	8.213066e-01	7.671100e+00	
25  20.6551	4.384277e+00	8.996053e-01	-4.265096e+00	1.342940e+00	4.142242e+00	4.031065e-01	3.038486e-01	2.281677e-01	2.886857e-02	4.967206e-01	8.212115e-01	7.671100e+00	
55  20.3869	4.384277e+00	1.041839e+00	-3.630897e+00	1.399157e+00	3.965396e+00	3.705321e-01	2.983696e-01	2.204284e-01	1.200008e-01	9.935893e-01	8.212115e-01	7.671100e+00	
10  20.7111	4.496459e+00	1.041839e+00	-3.630897e+00	1.399157e+00	3.965396e+00	3.705321e-01	2.983696e-01	2.204284e-01	1.200008e-01	9.935893e-01	8.224341e-01	7.671100e+00	
100  20.4139	5.247065e+00	1.041839e+00	-3.630897e+00	1.399157e+00	3.965396e+00	3.705321e-01	2.983696e-01	2.204284e-01	1.200008e-01	9.935893e-01	8.255032e-01	7.671100e+00	
120  21.183	3.530265e+00	1.041839e+00	-3.630897e+00	1.399157e+00	3.965396e+00	3.705321e-01	2.983696e-01	2.204284e-01	1.200008e-01	9.935893e-01	8.208232e-01	7.671100e+00	
4  21.3852	5.798642e+00	1.041839e+00	-3.630897e+00	1.399157e+00	3.965396e+00	3.705321e-01	2.983696e-01	2.204284e-01	1.200008e-01	9.935893e-01	8.112705e-01	7.671100e+00	
36  21.7031	5.798642e+00	1.032196e+00	-2.165761e+00	1.365323e+00	4.016283e+00	3.679436e-01	2.938446e-01	2.252222e-01	6.578583e-02	8.918240e-01	8.112705e-01	7.671100e+00	
40  22.4576	4.046888e+00	1.032196e+00	-2.165761e+00	1.365323e+00	4.016283e+00	3.679436e-01	2.938446e-01	2.252222e-01	6.578583e-02	8.918240e-01	8.209289e-01	7.671100e+00	
29  21.3937	3.248737e+00	1.032196e+00	-2.165761e+00	1.365323e+00	4.016283e+00	3.679436e-01	2.938446e-01	2.252222e-01	6.578583e-02	8.918240e-01	8.221146e-01	7.671100e+00	
38  21.2543	3.248737e+00	1.073382e+00	-2.641610e+00	1.403074e+00	3.678693e+00	3.703427e-01	2.893203e-01	2.235486e-01	3.934579e-02	8.806389e-01	8.221146e-01	7.671100e+00	
33  19.9261	3.248737e+00	5.938565e-01	-2.029129e+00	1.467088e+00	2.845629e+00	3.774544e-01	3.079215e-01	2.212543e-01	1.057205e-01	8.893746e-01	8.221146e-01	7.671100e+00	
120  20.9834	4.162764e+00	5.938565e-01	-2.029129e+00	1.467088e+00	2.845629e+00	3.774544e-01	3.079215e-01	2.212543e-01	1.057205e-01	8.893746e-01	8.231127e-01	7.671100e+00	
30  19.8818	5.401302e+00	5.938565e-01	-2.029129e+00	1.467088e+00	2.845629e+00	3.774544e-01	3.079215e-01	2.212543e-01	1.057205e-01	8.893746e-01	8.275341e-01	7.671100e+00	
230  19.8364	4.532125e+00	5.938565e-01	-2.029129e+00	1.467088e+00	2.845629e+00	3.774544e-01	3.079215e-01	2.212543e-01	1.057205e-01	8.893746e-01	8.230528e-01	7.671100e+00	
110  20.0897	2.792520e+00	5.938565e-01	-2.029129e+00	1.467088e+00	2.845629e+00	3.774544e-01	3.079215e-01	2.212543e-01	1.057205e-01	8.893746e-01	8.246495e-01	7.671100e+00	
131  19.5211	5.747672e+00	5.938565e-01	-2.029129e+00	1.467088e+00	2.845629e+00	3.774544e-01	3.079215e-01	2.212543e-01	1.057205e-01	8.893746e-01	8.213090e-01	7.671100e+00	
9  23.1459	5.747672e+00	7.934600e-01	-1.148936e+00	1.460899e+00	3.493584e+00	3.583203e-01	3.277458e-01	2.536794e-01	1.417232e-01	9.175509e-01	8.213090e-01	7.671100e+00	
16  23.0455	5.253774e+00	7.934600e-01	-1.148936e+00	1.460899e+00	3.493584e+00	3.583203e-01	3.277458e-01	2.536794e-01	1.417232e-01	9.175509e-01	8.228850e-01	7.671100e+00	
16  21.8099	5.253774e+00	1.086579e+00	-1.679003e+00	1.377096e+00	4.360212e+00	3.989192e-01	3.155203e-01	2.937020e-01	1.673390e-01	9.798963e-01	8.228850e-01	7.671100e+00	
43  22.2483	5.253774e+00	1.129360e+00	-3.512000e+00	1.474936e+00	4.123472e+00	4.238393e-01	2.882220e-01	2.590227e-01	1.777904e-01	8.390926e-01	8.228850e-01	7.671100e+00	
35  23.6873	5.253774e+00	1.087148e+00	-4.834106e+00	1.403549e+00	4.274659e+00	4.310247e-01	3.641442e-01	2.428564e-01	1.997972e-01	6.805769e-01	8.228850e-01	7.671100e+00	
82  23.2925	5.973540e+00	1.087148e+00	-4.834106e+00	1.403549e+00	4.274659e+00	4.310247e-01	3.641442e-01	2.428564e-01	1.997972e-01	6.805769e-01	8.304019e-01	7.671100e+00	
155  22.8806	5.973540e+00	9.619785e-01	-4.391188e+00	1.515416e+00	4.366681e+00	3.970847e-01	3.366644e-01	2.364890e-01	1.958376e-01	5.719458e-01	8.304019e-01	7.671100e+00	
23  23.7881	5.973540e+00	1.288113e+00	-3.194644e+00	1.442399e+00	3.819969e+00	4.274697e-01	2.946990e-01	2.704422e-01	1.652773e-01	5.889706e-01	8.304019e-01	7.671100e+00	
10  24.6593	3.378182e+00	1.288113e+00	-3.194644e+00	1.442399e+00	3.819969e+00	4.274697e-01	2.946990e-01	2.704422e-01	1.652773e-01	5.889706e-01	8.250411e-01	7.671100e+00	
1  23.7064	3.408635e+00	1.288113e+00	-3.194644e+00	1.442399e+00	3.819969e+00	4.274697e-01	2.946990e-01	2.704422e-01	1.652773e-01	5.889706e-01	8.226141e-01	7.671100e+00	
47  21.2925	3.408635e+00	1.553692e+00	-3.331972e+00	1.429209e+00	3.701759e+00	4.298046e-01	3.210148e-01	2.530587e-01	1.501637e-01	9.626424e-01	8.226141e-01	7.671100e+00	
12  22.0605	3.408635e+00	1.275329e+00	-3.335629e+00	1.331237e+00	4.651806e+00	4.548702e-01	3.297403e-01	2.446033e-01	1.691451e-01	5.859227e-01	8.226141e-01	7.671100e+00	
20  22.0231	3.924253e+00	1.275329e+00	-3.335629e+00	1.331237e+00	4.651806e+00	4.548702e-01	3.297403e-01	2.446033e-01	1.691451e-01	5.859227e-01	8.266094e-01	7.671100e+00	
30  21.9915	3.870593e+00	1.275329e+00	-3.335629e+00	1.331237e+00	4.651806e+00	4.548702e-01	3.297403e-01	2.446033e-01	1.691451e-01	5.859227e-01	8.253417e-01	7.671100e+00	
30  22.0546	3.568773e+00	1.275329e+00	-3.335629e+00	1.331237e+00	4.651806e+00	4.548702e-01	3.297403e-01	2.446033e-01	1.691451e-01	5.859227e-01	8.236761e-01	7.671100e+00	
5  22.1901	4.087748e+00	1.275329e+00	-3.335629e+00	1.331237e+00	4.651806e+00	4.548702e-01	3.297403e-01	2.446033e-01	1.691451e-01	5.859227e-01	8.256185e-01	7.671100e+00	
8  22.7597	4.087748e+00	1.825383e+00	-3.041047e+00	1.429230e+00	2.902756e+00	4.714040e-01	3.812263e-01	2.717502e-01	1.465841e-01	8.084377e-01	8.256185e-01	7.671100e+00	
69  23.5132	4.087748e+00	1.418714e+00	-3.363800e+00	1.431889e+00	3.562765e+00	5.098742e-01	3.579807e-01	2.781907e-01	4.400078e-02	8.250776e-01	8.256185e-01	7.671100e+00	
6  24.2323	4.087748e+00	1.124088e+00	-4.246555e+00	1.560371e+00	4.647829e+00	4.468040e-01	3.569245e-01	2.843471e-01	6.245483e-02	4.573605e-01	8.256185e-01	7.671100e+00	
32  24.4474	4.087748e+00	1.446417e+00	-3.854192e+00	1.536157e+00	4.990430e+00	4.813331e-01	3.643180e-01	2.495325e-01	8.132527e-02	7.553702e-01	8.256185e-01	7.671100e+00	
71  24.4242	5.437512e+00	1.446417e+00	-3.854192e+00	1.536157e+00	4.990430e+00	4.813331e-01	3.643180e-01	2.495325e-01	8.132527e-02	7.553702e-01	8.262918e-01	7.671100e+00	
57  24.1773	5.437512e+00	1.732584e+00	-4.426157e+00	1.463352e+00	4.695300e+00	5.024667e-01	4.167653e-01	2.349306e-01	1.245112e-01	7.610252e-01	8.262918e-01	7.671100e+00	
26  22.6231	5.437512e+00	1.368004e+00	-4.016853e+00	1.321285e+00	3.488812e+00	4.818680e-01	3.865385e-01	2.330545e-01	9.095148e-02	6.259984e-01	8.262918e-01	7.671100e+00	
26  23.2914	5.437512e+00	6.705684e-01	-3.253797e+00	1.350600e+00	2.941604e+00	4.344945e-01	3.182480e-01	2.138374e-01	1.092715e-01	7.182505e-01	8.262918e-01	7.671100e+00	
1  23.2502	5.601407e+00	6.705684e-01	-3.253797e+00	1.350600e+00	2.941604e+00	4.344945e-01	3.182480e-01	2.138374e-01	1.092715e-01	7.182505e-01	8.278623e-01	7.671100e+00	
49  22.5468	5.601407e+00	5.114376e-01	-1.708691e+00	1.347810e+00	3.296183e+00	4.153802e-01	3.283944e-01	2.006552e-01	1.163897e-01	9.632291e-01	8.278623e-01	7.671100e+00	
13  22.7793	4.861824e+00	5.114376e-01	-1.708691e+00	1.347810e+00	3.296183e+00	4.153802e-01	3.283944e-01	2.006552e-01	1.163897e-01	9.632291e-01	8.188390e-01	7.671100e+00	
15  23.9394	4.861824e+00	1.156402e+00	-9.498218e-01	1.381366e+00	3.114933e+00	4.227253e-01	3.130445e-01	2.330108e-01	9.100765e-02	4.809264e-01	8.188390e-01	7.671100e+00	
41  23.7544	4.861824e+00	1.122362e+00	-9.263337e-01	1.325751e+00	3.412766e+00	4.654758e-01	3.348737e-01	2.246935e-01	1.469719e-01	9.529033e-01	8.188390e-01	7.671100e+00	
24  23.7732	4.861824e+00	1.183192e+00	-1.180142e+00	1.348853e+00	3.624832e+00	4.800013e-01	3.236090e-01	2.388276e-01	1.275707e-01	9.716445e-01	8.188390e-01	7.671100e+00	
89  22.0664	4.861824e+00	1.028105e+00	-9.790358e-01	1.388766e+00	3.568517e+00	4.285157e-01	3.176622e-01	2.878593e-01	9.406713e-02	9.911906e-01	8.188390e-01	7.671100e+00	
25  22.2478	4.861824e+00	1.193088e+00	-1.846929e-01	1.362908e+00	2.757262e+00	4.345849e-01	3.549676e-01	2.758353e-01	6.764242e-02	8.930573e-01	8.188390e-01	7.671100e+00	
121  23.0952	4.861824e+00	1.513652e+00	1.387663e-01	1.379721e+00	2.527330e+00	4.611715e-01	4.127785e-01	2.714007e-01	1.039071e-01	7.774556e-01	8.188390e-01	7.671100e+00	
82  21.2921	4.861824e+00	1.414724e+00	-5.197146e-01	1.303006e+00	1.735573e+00	4.268715e-01	4.101205e-01	2.401570e-01	7.923907e-02	8.530541e-01	8.188390e-01	7.671100e+00	
52  24.0672	2.439744e+00	1.414724e+00	-5.197146e-01	1.303006e+00	1.735573e+00	4.268715e-01	4.101205e-01	2.401570e-01	7.923907e-02	8.530541e-01	8.268577e-01	7.671100e+00	
37  24.4185	2.439744e+00	1.411132e+00	5.701708e-01	1.387104e+00	2.310349e+00	3.941213e-01	3.456289e-01	2.300961e-01	7.417148e-02	9.221375e-01	8.268577e-01	7.671100e+00	
12  24.4641	2.439744e+00	1.189928e+00	7.925259e-01	1.299065e+00	2.290504e+00	3.605083e-01	3.253182e-01	2.057181e-01	8.426293e-02	8.842933e-01	8.268577e-01	7.671100e+00	
9  26.5254	2.439744e+00	1.033015e+00	1.797266e+00	1.314440e+00	3.113776e+00	3.876604e-01	3.195769e-01	1.606304e-01	1.369722e-01	9.465329e-01	8.268577e-01	7.671100e+00	
20  27.9662	4.526575e+00	1.033015e+00	1.797266e+00	1.314440e+00	3.113776e+00	3.876604e-01	3.195769e-01	1.606304e-01	1.369722e-01	9.465329e-01	8.224063e-01	7.671100e+00	
12  25.1411	3.037646e+00	1.033015e+00	1.797266e+00	1.314440e+00	3.113776e+00	3.876604e-01	3.195769e-01	1.606304e-01	1.369722e-01	9.465329e-01	8.264999e-01	7.671100e+00	
13  25.4927	3.037646e+00	9.045675e-01	1.248784e+00	1.177631e+00	4.151361e+00	4.075543e-01	3.410518e-01	1.775120e-01	1.117046e-01	9.453087e-01	8.264999e-01	7.671100e+00	
53  24.1838	3.037646e+00	1.225272e+00	-5.816567e-01	1.165249e+00	4.000786e+00	3.950902e-01	3.056279e-01	2.174593e-01	7.118088e-02	7.773656e-01	8.264999e-01	7.671100e+00	
3  23.8821	3.037646e+00	1.139056e+00	-1.804607e+00	1.162496e+00	4.668282e+00	3.858919e-01	3.481741e-01	1.998790e-01	6.633125e-02	8.821843e-01	8.264999e-01	7.671100e+00	
72  24.7106	3.037646e+00	1.316721e+00	-2.987506e+00	1.042921e+00	4.921398e+00	4.098681e-01	3.780763e-01	2.280420e-01	3.927480e-02	8.254728e-01	8.264999e-01	7.671100e+00	
7  22.1801	3.037646e+00	1.411458e+00	-3.627240e+00	1.024876e+00	4.969779e+00	4.295208e-01	3.685309e-01	2.173249e-01	4.380955e-02	6.533811e-01	8.264999e-01	7.671100e+00	
60  20.7603	3.686521e+00	1.411458e+00	-3.627240e+00	1.024876e+00	4.969779e+00	4.295208e-01	3.685309e-01	2.173249e-01	4.380955e-02	6.533811e-01	8.260632e-01	7.671100e+00	
90  20.8011	3.347699e+00	1.411458e+00	-3.627240e+00	1.024876e+00	4.969779e+00	4.295208e-01	3.685309e-01	2.173249e-01	4.380955e-02	6.533811e-01	8.265491e-01	7.671100e+00	
10  23.8079	4.596352e+00	1.411458e+00	-3.627240e+00	1.024876e+00	4.969779e+00	4.295208e-01	3.685309e-01	2.173249e-01	4.380955e-02	6.533811e-01	8.229724e-01	7.671100e+00	
30  21.4631	4.759026e+00	1.411458e+00	-3.627240e+00	1.024876e+00	4.969779e+00	4.295208e-01	3.685309e-01	2.173249e-01	4.380955e-02	6.533811e-01	8.186526e-01	7.671100e+00	
120  21.181	3.754884e+00	1.411458e+00	-3.627240e+00	1.024876e+00	4.969779e+00	4.295208e-01	3.685309e-01	2.173249e-01	4.380955e-02	6.533811e-01	8.224058e-01	7.671100e+00	
5  20.9161	4.906626e+00	1.411458e+00	-3.627240e+00	1.024876e+00	4.969779e+00	4.295208e-01	3.685309e-01	2.173249e-01	4.380955e-02	6.533811e-01	8.239639e-01	7.671100e+00	
1  20.6112	4.906626e+00	1.229903e+00	-3.457788e+00	1.136190e+00	4.516477e+00	4.304807e-01	3.646039e-01	2.130821e-01	6.029837e-02	7.419107e-01	8.239639e-01	7.671100e+00	
6  23.8065	4.906626e+00	1.640163e+00	-2.300186e+00	1.133610e+00	4.633115e+00	3.794232e-01	3.888687e-01	2.496888e-01	6.211993e-02	9.521661e-01	8.239639e-01	7.671100e+00	
4  23.2066	4.906626e+00	1.428348e+00	-2.046921e+00	1.236898e+00	4.228315e+00	3.793622e-01	3.664557e-01	2.718377e-01	9.246844e-02	6.490489e-01	8.239639e-01	7.671100e+00	
54  20.8505	4.906626e+00	1.388827e+00	-2.786392e+00	1.381491e+00	3.735830e+00	4.560632e-01	3.450011e-01	2.991347e-01	7.363080e-02	8.072470e-01	8.239639e-01	7.671100e+00	
1  20.9934	3.834165e+00	1.388827e+00	-2.786392e+00	1.381491e+00	3.735830e+00	4.560632e-01	3.450011e-01	2.991347e-01	7.363080e-02	8.072470e-01	8.231590e-01	7.671100e+00	
53  21.6835	3.834165e+00	9.098352e-01	-3.655615e+00	1.305410e+00	2.613436e+00	4.066321e-01	3.463261e-01	2.575765e-01	6.423855e-02	4.618518e-01	8.231590e-01	7.671100e+00	
2  22.8877	3.834165e+00	8.214986e-01	-3.779185e+00	1.381901e+00	3.841910e+00	4.314885e-01	3.348951e-01	2.664772e-01	4.163714e-02	4.005728e-01	8.231590e-01	7.671100e+00	
21  22.9571	3.834165e+00	9.488935e-01	-3.043600e+00	1.334605e+00	2.599925e+00	3.806918e-01	2.976284e-01	2.008644e-01	4.804205e-02	1.511580e-01	8.231590e-01	7.671100e+00	
21  20.9581	3.834165e+00	1.164245e+00	-1.342121e+00	1.378944e+00	2.108542e+00	4.081146e-01	3.538441e-01	1.792176e-01	6.352019e-02	9.766130e-01	8.231590e-01	7.671100e+00	
20  21.1677	3.834165e+00	1.219577e+00	-2.061065e+00	1.352067e+00	1.857699e+00	4.095579e-01	3.840576e-01	1.920197e-01	5.975726e-02	7.439235e-01	8.231590e-01	7.671100e+00	
26  22.7437	3.834165e+00	8.548751e-01	-2.983544e+00	1.372250e+00	1.479086e+00	4.374762e-01	3.374693e-01	2.065134e-01	6.705057e-02	8.367602e-01	8.231590e-01	7.671100e+00	
56  22.2267	3.834165e+00	9.462167e-01	-2.326451e+00	1.422771e+00	1.277892e+00	4.129376e-01	3.313023e-01	2.228260e-01	9.107366e-02	4.496761e-01	8.231590e-01	7.671100e+00	
15  22.9929	2.908378e+00	9.462167e-01	-2.326451e+00	1.422771e+00	1.277892e+00	4.129376e-01	3.313023e-01	2.228260e-01	9.107366e-02	4.496761e-01	8.250546e-01	7.671100e+00	
5  23.3305	2.908378e+00	8.921035e-01	-1.803194e+00	1.380739e+00	-2.878057e-01	3.929945e-01	3.568169e-01	2.244212e-01	7.314681e-02	1.417979e-01	8.250546e-01	7.671100e+00	
1  27.898	3.286721e+00	8.921035e-01	-1.803194e+00	1.380739e+00	-2.878057e-01	3.929945e-01	3.568169e-01	2.244212e-01	7.314681e-02	1.417979e-01	8.230596e-01	7.671100e+00	
18  29.5325	3.286721e+00	9.555553e-01	-1.678780e+00	1.465573e+00	3.325588e-01	3.963936e-01	3.246094e-01	1.746047e-01	2.867275e-02	4.174768e-01	8.230596e-01	7.671100e+00	
34  29.5113	3.286721e+00	6.437778e-01	-8.249252e-01	1.503990e+00	-4.485848e-02	3.712594e-01	3.994142e-01	1.875948e-01	6.498340e-02	5.559235e-01	8.230596e-01	7.671100e+00	
6  27.4733	3.286721e+00	7.751029e-01	-1.524462e+00	1.442648e+00	-1.202259e-01	3.976317e-01	3.436785e-01	2.009084e-01	8.833855e-02	6.684090e-01	8.230596e-01	7.671100e+00	
21  25.0405	3.286721e+00	7.030626e-01	-5.019890e-01	1.432988e+00	-1.087767e+00	3.819268e-01	3.370992e-01	2.307560e-01	1.232117e-01	7.149562e-01	8.230596e-01	7.671100e+00	
80  23.8742	3.143178e+00	7.030626e-01	-5.019890e-01	1.432988e+00	-1.087767e+00	3.819268e-01	3.370992e-01	2.307560e-01	1.232117e-01	7.149562e-01	8.256783e-01	7.671100e+00	
17  22.8899	3.154340e+00	7.030626e-01	-5.019890e-01	1.432988e+00	-1.087767e+00	3.819268e-01	3.370992e-01	2.307560e-01	1.232117e-01	7.149562e-01	8.250323e-01	7.671100e+00	
13  22.1935	3.154340e+00	6.242626e-01	4.189615e-01	1.456598e+00	-1.810866e+00	3.815980e-01	3.493239e-01	2.384193e-01	5.630373e-02	6.371357e-01	8.250323e-01	7.671100e+00	
21  22.0598	4.096880e+00	6.242626e-01	4.189615e-01	1.456598e+00	-1.810866e+00	3.815980e-01	3.493239e-01	2.384193e-01	5.630373e-02	6.371357e-01	8.248203e-01	7.671100e+00	
21  24.1233	4.096880e+00	6.883901e-01	-1.062164e-01	1.394181e+00	-7.017929e-01	4.087090e-01	3.515022e-01	2.213587e-01	7.591182e-02	5.650414e-01	8.248203e-01	7.671100e+00	
63  23.383	4.096880e+00	5.538483e-01	2.038736e-01	1.394310e+00	-1.040919e+00	3.853330e-01	3.393323e-01	2.639878e-01	4.910786e-02	8.645581e-01	8.248203e-01	7.671100e+00	
18  22.6467	4.096880e+00	6.786639e-01	8.700683e-02	1.394429e+00	-1.815791e+00	4.046435e-01	3.407223e-01	2.401670e-01	4.909317e-02	6.745242e-01	8.248203e-01	7.671100e+00	
7  22.3633	4.096880e+00	8.205335e-01	4.656541e-01	1.318759e+00	-3.055695e-01	3.815010e-01	3.403672e-01	2.462213e-01	5.326567e-02	6.750875e-01	8.248203e-01	7.671100e+00	
130  22.1379	3.747380e+00	8.205335e-01	4.656541e-01	1.318759e+00	-3.055695e-01	3.815010e-01	3.403672e-01	2.462213e-01	5.326567e-02	6.750875e-01	8.243175e-01	7.671100e+00	
190  22.0269	5.190353e+00	8.205335e-01	4.656541e-01	1.318759e+00	-3.055695e-01	3.815010e-01	3.403672e-01	2.462213e-01	5.326567e-02	6.750875e-01	8.269988e-01	7.671100e+00	
47  22.1477	3.738330e+00	8.205335e-01	4.656541e-01	1.318759e+00	-3.055695e-01	3.815010e-01	3.403672e-01	2.462213e-01	5.326567e-02	6.750875e-01	8.239244e-01	7.671100e+00	
143  22.3194	3.738330e+00	6.422705e-01	-3.098608e-01	1.382586e+00	-3.370579e-01	3.918685e-01	3.616302e-01	2.098916e-01	5.772849e-02	6.642228e-01	8.239244e-01	7.671100e+00	
8  22.8941	5.451250e+00	6.422705e-01	-3.098608e-01	1.382586e+00	-3.370579e-01	3.918685e-01	3.616302e-01	2.098916e-01	5.772849e-02	6.642228e-01	8.233808e-01	7.671100e+00	
2  25.0384	5.451250e+00	4.329744e-01	-4.369533e-01	1.520876e+00	-3.614847e-01	3.936275e-01	3.635171e-01	2.157635e-01	9.959204e-02	7.271294e-01	8.233808e-01	7.671100e+00	
22  25.1248	2.621967e+00	4.329744e-01	-4.369533e-01	1.520876e+00	-3.614847e-01	3.936275e-01	3.635171e-01	2.157635e-01	9.959204e-02	7.271294e-01	8.252966e-01	7.671100e+00	
9  28.0532	2.621967e+00	1.719653e-01	-7.202920e-01	1.627793e+00	6.405106e-01	3.911624e-01	3.639085e-01	2.351525e-01	9.533734e-02	7.426470e-01	8.252966e-01	7.671100e+00	
50  25.5994	2.621967e+00	3.156124e-01	-1.693547e+00	1.576889e+00	6.630101e-01	3.854880e-01	3.541439e-01	2.067604e-01	1.430866e-01	7.878110e-01	8.252966e-01	7.671100e+00	
85  23.7196	2.621967e+00	1.468115e-01	-2.722151e+00	1.451842e+00	7.887644e-01	4.062554e-01	3.677871e-01	2.104531e-01	8.305469e-02	9.199674e-01	8.252966e-01	7.671100e+00	
173  25.2728	2.621967e+00	3.879610e-01	-1.904966e+00	1.436984e+00	7.031758e-01	3.979760e-01	3.961340e-01	1.909538e-01	9.550132e-02	7.393676e-01	8.252966e-01	7.671100e+00	
62  26.3126	2.621967e+00	4.079870e-01	-1.698047e+00	1.567734e+00	9.652209e-01	4.098961e-01	3.066641e-01	1.977192e-01	8.894182e-02	6.623981e-01	8.252966e-01	7.671100e+00	
38  22.8917	2.621967e+00	5.206894e-01	-1.848884e+00	1.609766e+00	1.715220e+00	3.890659e-01	3.085619e-01	2.389411e-01	7.932832e-02	6.839824e-01	8.252966e-01	7.671100e+00	
1  23.3536	2.621967e+00	7.047783e-01	-1.636372e+00	1.586111e+00	2.978419e+00	3.776666e-01	3.105195e-01	2.345362e-01	5.785058e-02	8.520220e-01	8.252966e-01	7.671100e+00	
70  21.5361	4.875775e+00	7.047783e-01	-1.636372e+00	1.586111e+00	2.978419e+00	3.776666e-01	3.105195e-01	2.345362e-01	5.785058e-02	8.520220e-01	8.195590e-01	7.671100e+00	
20  20.5604	5.581488e+00	7.047783e-01	-1.636372e+00	1.586111e+00	2.978419e+00	3.776666e-01	3.105195e-01	2.345362e-01	5.785058e-02	8.520220e-01	8.211756e-01	7.671100e+00	
12  22.6266	4.807351e+00	7.047783e-01	-1.636372e+00	1.586111e+00	2.978419e+00	3.776666e-01	3.105195e-01	2.345362e-01	5.785058e-02	8.520220e-01	8.258266e-01	7.671100e+00	
48  22.8173	4.807351e+00	6.060610e-01	-1.187948e+00	1.506303e+00	2.550798e+00	3.747589e-01	3.341286e-01	2.235837e-01	1.364684e-01	8.842796e-01	8.258266e-01	7.671100e+00	
30  23.5367	5.387073e+00	6.060610e-01	-1.187948e+00	1.506303e+00	2.550798e+00	3.747589e-01	3.341286e-01	2.235837e-01	1.364684e-01	8.842796e-01	8.309505e-01	7.671100e+00	
63  21.5275	3.698473e+00	6.060610e-01	-1.187948e+00	1.506303e+00	2.550798e+00	3.747589e-01	3.341286e-01	2.235837e-01	1.364684e-01	8.842796e-01	8.247772e-01	7.671100e+00	
47  21.5331	3.698473e+00	6.391380e-01	-2.211757e+00	1.641658e+00	3.707980e+00	3.736188e-01	3.035824e-01	2.578778e-01	1.183744e-01	9.661847e-01	8.247772e-01	7.671100e+00	
20  22.8932	4.923943e+00	6.391380e-01	-2.211757e+00	1.641658e+00	3.707980e+00	3.736188e-01	3.035824e-01	2.578778e-01	1.183744e-01	9.661847e-01	8.250961e-01	7.671100e+00	
32  24.7279	4.662850e+00	6.391380e-01	-2.211757e+00	1.641658e+00	3.707980e+00	3.736188e-01	3.035824e-01	2.578778e-01	1.183744e-01	9.661847e-01	8.252953e-01	7.671100e+00	
8  24.8258	4.662850e+00	8.235645e-01	-2.901015e+00	1.504041e+00	4.209980e+00	3.661160e-01	3.419284e-01	2.799714e-01	1.190535e-01	7.130214e-01	8.252953e-01	7.671100e+00	
50  22.1288	3.749576e+00	8.235645e-01	-2.901015e+00	1.504041e+00	4.209980e+00	3.661160e-01	3.419284e-01	2.799714e-01	1.190535e-01	7.130214e-01	8.239948e-01	7.671100e+00	
39  22.4038	4.135310e+00	8.235645e-01	-2.901015e+00	1.504041e+00	4.209980e+00	3.661160e-01	3.419284e-01	2.799714e-01	1.190535e-01	7.130214e-01	8.211830e-01	7.671100e+00	
21  20.4587	4.135310e+00	1.307739e+00	-3.026046e+00	1.427012e+00	3.945471e+00	4.109184e-01	3.473490e-01	2.777641e-01	1.234080e-01	5.852947e-01	8.211830e-01	7.671100e+00	
29  20.5423	5.292611e+00	1.307739e+00	-3.026046e+00	1.427012e+00	3.945471e+00	4.109184e-01	3.473490e-01	2.777641e-01	1.234080e-01	5.852947e-01	8.231245e-01	7.671100e+00	
53  21.2049	5.292611e+00	1.677233e+00	-2.980433e+00	1.360822e+00	3.579436e+00	4.579104e-01	3.598440e-01	2.756375e-01	1.211181e-01	7.858677e-01	8.231245e-01	7.671100e+00	
15  20.9701	5.292611e+00	1.310447e+00	-3.623819e+00	1.316606e+00	4.981210e+00	4.707693e-01	3.503482e-01	2.632869e-01	1.178830e-01	8.299443e-01	8.231245e-01	7.671100e+00	
14  22.9355	5.292611e+00	1.258630e+00	-4.098685e+00	1.444180e+00	3.896662e+00	4.254306e-01	3.857021e-01	2.568209e-01	1.537767e-01	8.193316e-01	8.231245e-01	7.671100e+00	
22  22.6791	5.292611e+00	1.582100e+00	-4.725565e+00	1.374122e+00	4.036758e+00	4.272108e-01	3.889155e-01	1.928131e-01	1.763339e-01	9.726508e-01	8.231245e-01	7.671100e+00	
7  21.6157	5.292611e+00	1.478052e+00	-4.315969e+00	1.321337e+00	4.709306e+00	4.452691e-01	3.217521e-01	2.220510e-01	1.748218e-01	8.923372e-01	8.231245e-01	7.671100e+00	
19  21.8389	5.724467e+00	1.478052e+00	-4.315969e+00	1.321337e+00	4.709306e+00	4.452691e-01	3.217521e-01	2.220510e-01	1.748218e-01	8.923372e-01	8.360302e-01	7.671100e+00	
55  21.8117	5.724467e+00	1.294251e+00	-4.317849e+00	1.227652e+00	3.811712e+00	4.832433e-01	3.245297e-01	2.000405e-01	1.068954e-01	7.012939e-01	8.360302e-01	7.671100e+00	
7  20.2958	5.724467e+00	1.627610e+00	-3.175433e+00	1.196560e+00	4.420164e+00	4.905589e-01	3.581135e-01	2.115084e-01	8.031386e-02	9.988648e-01	8.360302e-01	7.671100e+00	
29  22.3124	5.724467e+00	1.392713e+00	-3.982316e+00	1.144686e+00	4.879741e+00	4.886501e-01	3.328201e-01	2.338203e-01	2.458644e-02	8.522912e-01	8.360302e-01	7.671100e+00	
10  27.0144	3.731898e+00	1.392713e+00	-3.982316e+00	1.144686e+00	4.879741e+00	4.886501e-01	3.328201e-01	2.338203e-01	2.458644e-02	8.522912e-01	8.235819e-01	7.671100e+00	
28  21.898	4.440396e+00	1.392713e+00	-3.982316e+00	1.144686e+00	4.879741e+00	4.886501e-01	3.328201e-01	2.338203e-01	2.458644e-02	8.522912e-01	8.216636e-01	7.671100e+00	
16  23.0147	4.440396e+00	1.444797e+00	-4.317037e+00	1.087553e+00	4.567843e+00	4.308711e-01	3.228590e-01	2.102169e-01	4.967181e-02	7.847813e-01	8.216636e-01	7.671100e+00	
93  21.0173	4.440396e+00	1.337815e+00	-2.491071e+00	1.084865e+00	3.982603e+00	4.221184e-01	3.941842e-01	1.945632e-01	8.740383e-02	8.557618e-01	8.216636e-01	7.671100e+00	
7  22.6289	4.440396e+00	1.230179e+00	-3.507800e+00	1.217811e+00	3.732743e+00	4.736226e-01	3.683576e-01	1.867711e-01	3.373290e-02	6.752479e-01	8.216636e-01	7.671100e+00	
10  22.1541	4.440396e+00	1.636983e+00	-4.266685e+00	1.259588e+00	3.609993e+00	4.497791e-01	3.630344e-01	2.803686e-01	6.360917e-02	8.498755e-01	8.216636e-01	7.671100e+00	
46  20.8388	4.440396e+00	1.493836e+00	-4.619703e+00	1.408044e+00	2.895015e+00	4.410732e-01	4.049566e-01	2.449151e-01	6.598863e-02	8.145387e-01	8.216636e-01	7.671100e+00	
9  20.8147	5.316574e+00	1.493836e+00	-4.619703e+00	1.408044e+00	2.895015e+00	4.410732e-01	4.049566e-01	2.449151e-01	6.598863e-02	8.145387e-01	8.272510e-01	7.671100e+00	
18  20.5238	5.316574e+00	1.538147e+00	-4.262842e+00	1.456708e+00	2.501390e+00	4.390394e-01	3.918013e-01	2.696211e-01	8.529724e-02	9.849559e-01	8.272510e-01	7.671100e+00	
45  21.2356	5.316574e+00	1.221193e+00	-3.739472e+00	1.325133e+00	2.085897e+00	4.664465e-01	3.771843e-01	2.603364e-01	6.511275e-02	7.762666e-01	8.272510e-01	7.671100e+00	
17  21.4003	5.316574e+00	1.154292e+00	-4.091508e+00	1.299331e+00	3.877846e-01	4.296473e-01	4.025813e-01	2.854012e-01	4.049923e-02	4.720013e-01	8.272510e-01	7.671100e+00	
1  24.5523	5.316574e+00	9.808100e-01	-3.206172e+00	1.203253e+00	-7.047656e-02	3.914126e-01	4.089829e-01	2.525388e-01	2.788656e-02	7.248152e-01	8.272510e-01	7.671100e+00	
29  21.8188	4.213725e+00	9.808100e-01	-3.206172e+00	1.203253e+00	-7.047656e-02	3.914126e-01	4.089829e-01	2.525388e-01	2.788656e-02	7.248152e-01	8.242934e-01	7.671100e+00	
24  22.3581	4.213725e+00	1.116755e+00	-3.408018e+00	1.064405e+00	3.391189e-01	4.456993e-01	3.993328e-01	2.613673e-01	4.840189e-02	4.489491e-01	8.242934e-01	7.671100e+00	
5  22.2368	4.213725e+00	9.623610e-01	-3.201663e+00	1.152938e+00	-1.508439e-02	4.096989e-01	4.256721e-01	2.245716e-01	6.274737e-02	3.866259e-01	8.242934e-01	7.671100e+00	
3  22.2656	4.213725e+00	1.043127e+00	-3.344725e+00	1.212696e+00	1.977172e-01	4.007893e-01	4.254126e-01	2.171211e-01	9.584142e-02	4.809370e-01	8.242934e-01	7.671100e+00	
45  22.5007	4.213725e+00	8.426274e-01	-3.678112e+00	1.154258e+00	1.062837e-01	3.767912e-01	4.238116e-01	2.768038e-01	8.735445e-02	8.616554e-01	8.242934e-01	7.671100e+00	
134  22.0875	4.213725e+00	6.001108e-01	-4.779217e+00	1.237097e+00	-4.676066e-01	3.889701e-01	4.154794e-01	2.743621e-01	7.073449e-02	8.314539e-01	8.242934e-01	7.671100e+00	
8  22.1361	4.411495e+00	6.001108e-01	-4.779217e+00	1.237097e+00	-4.676066e-01	3.889701e-01	4.154794e-01	2.743621e-01	7.073449e-02	8.314539e-01	8.245621e-01	7.671100e+00	
163  23.2012	4.411495e+00	8.449485e-01	-3.546532e+00	1.240090e+00	-1.013320e+00	3.720547e-01	4.095754e-01	2.735313e-01	3.802859e-02	5.426756e-01	8.245621e-01	7.671100e+00	
19  21.9713	4.411495e+00	9.495057e-01	-2.639609e+00	1.229534e+00	-1.321582e+00	3.585218e-01	2.991250e-01	3.078510e-01	5.966842e-02	9.389742e-01	8.245621e-01	7.671100e+00	
90  21.9995	2.937994e+00	9.495057e-01	-2.639609e+00	1.229534e+00	-1.321582e+00	3.585218e-01	2.991250e-01	3.078510e-01	5.966842e-02	9.389742e-01	8.269708e-01	7.671100e+00	
20  23.2436	5.282138e+00	9.495057e-01	-2.639609e+00	1.229534e+00	-1.321582e+00	3.585218e-01	2.991250e-01	3.078510e-01	5.966842e-02	9.389742e-01	8.216816e-01	7.671100e+00	
10  23.7361	5.977259e+00	9.495057e-01	-2.639609e+00	1.229534e+00	-1.321582e+00	3.585218e-01	2.991250e-01	3.078510e-01	5.966842e-02	9.389742e-01	8.152484e-01	7.671100e+00	
100  22.5298	5.289917e+00	9.495057e-01	-2.639609e+00	1.229534e+00	-1.321582e+00	3.585218e-01	2.991250e-01	3.078510e-01	5.966842e-02	9.389742e-01	8.228208e-01	7.671100e+00	
110  23.3176	4.536541e+00	9.495057e-01	-2.639609e+00	1.229534e+00	-1.321582e+00	3.585218e-01	2.991250e-01	3.078510e-01	5.966842e-02	9.389742e-01	8.212612e-01	7.671100e+00	
50  24.1374	3.805466e+00	9.495057e-01	-2.639609e+00	1.229534e+00	-1.321582e+00	3.585218e-01	2.991250e-01	3.078510e-01	5.966842e-02	9.389742e-01	8.244473e-01	7.671100e+00	
28  24.446	3.179414e+00	9.495057e-01	-2.639609e+00	1.229534e+00	-1.321582e+00	3.585218e-01	2.991250e-01	3.078510e-01	5.966842e-02	9.389742e-01	8.225397e-01	7.671100e+00	
2  22.8502	3.179414e+00	9.145488e-01	-3.916891e+00	1.276936e+00	-1.504000e+00	3.890248e-01	3.175113e-01	2.236777e-01	3.919293e-02	6.458254e-01	8.225397e-01	7.671100e+00	
11  24.5757	2.218533e+00	9.145488e-01	-3.916891e+00	1.276936e+00	-1.504000e+00	3.890248e-01	3.175113e-01	2.236777e-01	3.919293e-02	6.458254e-01	8.266035e-01	7.671100e+00	
9  23.4408	2.218533e+00	8.359597e-01	-3.421876e+00	1.189139e+00	-1.446989e+00	3.713719e-01	3.191351e-01	2.354729e-01	6.393719e-02	4.615297e-01	8.266035e-01	7.671100e+00	
30  23.4013	1.803431e+00	8.359597e-01	-3.421876e+00	1.189139e+00	-1.446989e+00	3.713719e-01	3.191351e-01	2.354729e-01	6.393719e-02	4.615297e-01	8.252039e-01	7.671100e+00	
80  23.48	2.181732e+00	8.359597e-01	-3.421876e+00	1.189139e+00	-1.446989e+00	3.713719e-01	3.191351e-01	2.354729e-01	6.393719e-02	4.615297e-01	8.272930e-01	7.671100e+00	
19  23.6416	1.823339e+00	8.359597e-01	-3.421876e+00	1.189139e+00	-1.446989e+00	3.713719e-01	3.191351e-01	2.354729e-01	6.393719e-02	4.615297e-01	8.264002e-01	7.671100e+00	
91  23.6301	1.823339e+00	6.634844e-01	-2.287465e+00	1.105917e+00	-7.112765e-01	3.700106e-01	3.155066e-01	2.251715e-01	6.056962e-02	9.824807e-01	8.264002e-01	7.671100e+00	
10  23.7991	5.230153e+00	6.634844e-01	-2.287465e+00	1.105917e+00	-7.112765e-01	3.700106e-01	3.155066e-01	2.251715e-01	6.056962e-02	9.824807e-01	8.234069e-01	7.671100e+00	
10  23.1733	2.112625e+00	6.634844e-01	-2.287465e+00	1.105917e+00	-7.112765e-01	3.700106e-01	3.155066e-01	2.251715e-01	6.056962e-02	9.824807e-01	8.268031e-01	7.671100e+00	
60  23.94	5.957454e+00	6.634844e-01	-2.287465e+00	1.105917e+00	-7.112765e-01	3.700106e-01	3.155066e-01	2.251715e-01	6.056962e-02	9.824807e-01	8.291545e-01	7.671100e+00	
40  23.8436	2.123415e+00	6.634844e-01	-2.287465e+00	1.105917e+00	-7.112765e-01	3.700106e-01	3.155066e-01	2.251715e-01	6.056962e-02	9.824807e-01	8.247936e-01	7.671100e+00	
40  23.3185	2.387305e+00	6.634844e-01	-2.287465e+00	1.105917e+00	-7.112765e-01	3.700106e-01	3.155066e-01	2.251715e-01	6.056962e-02	9.824807e-01	8.271158e-01	7.671100e+00	
10  23.1598	3.276538e+00	6.634844e-01	-2.287465e+00	1.105917e+00	-7.112765e-01	3.700106e-01	3.155066e-01	2.251715e-01	6.056962e-02	9.824807e-01	8.243741e-01	7.671100e+00	
50  23.2538	2.255834e+00	6.634844e-01	-2.287465e+00	1.105917e+00	-7.112765e-01	3.700106e-01	3.155066e-01	2.251715e-01	6.056962e-02	9.824807e-01	8.268878e-01	7.671100e+00	
20  23.9552	5.352756e+00	6.634844e-01	-2.287465e+00	1.105917e+00	-7.112765e-01	3.700106e-01	3.155066e-01	2.251715e-01	6.056962e-02	9.824807e-01	8.214450e-01	7.671100e+00	
20  23.6611	2.799462e+00	6.634844e-01	-2.287465e+00	1.105917e+00	-7.112765e-01	3.700106e-01	3.155066e-01	2.251715e-01	6.056962e-02	9.824807e-01	8.257825e-01	7.671100e+00	
50  22.8398	3.990789e+00	6.634844e-01	-2.287465e+00	1.105917e+00	-7.112765e-01	3.700106e-01	3.155066e-01	2.251715e-01	6.056962e-02	9.824807e-01	8.248946e-01	7.671100e+00	
10  23.4515	3.996993e+00	6.634844e-01	-2.287465e+00	1.105917e+00	-7.112765e-01	3.700106e-01	3.155066e-01	2.251715e-01	6.056962e-02	9.824807e-01	8.234306e-01	7.671100e+00	
10  23.0497	4.682125e+00	6.634844e-01	-2.287465e+00	1.105917e+00	-7.112765e-01	3.700106e-01	3.155066e-01	2.251715e-01	6.056962e-02	9.824807e-01	8.208246e-01	7.671100e+00	
30  25.3764	1.686993e+00	6.634844e-01	-2.287465e+00	1.105917e+00	-7.112765e-01	3.700106e-01	3.155066e-01	2.251715e-01	6.056962e-02	9.824807e-01	8.267236e-01	7.671100e+00	
10  24.0368	4.117188e+00	6.634844e-01	-2.287465e+00	1.105917e+00	-7.112765e-01	3.700106e-01	3.155066e-01	2.251715e-01	6.056962e-02	9.824807e-01	8.210254e-01	7.671100e+00	
20  23.7858	1.909734e+00	6.634844e-01	-2.287465e+00	1.105917e+00	-7.112765e-01	3.700106e-01	3.155066e-01	2.251715e-01	6.056962e-02	9.824807e-01	8.250720e-01	7.671100e+00	
10  23.136	3.831834e+00	6.634844e-01	-2.287465e+00	1.105917e+00	-7.112765e-01	3.700106e-01	3.155066e-01	2.251715e-01	6.056962e-02	9.824807e-01	8.221816e-01	7.671100e+00	
33  23.8658	4.726174e+00	6.634844e-01	-2.287465e+00	1.105917e+00	-7.112765e-01	3.700106e-01	3.155066e-01	2.251715e-01	6.056962e-02	9.824807e-01	8.264846e-01	7.671100e+00	
27  24.0993	4.726174e+00	1.235162e+00	-3.205993e+00	1.038501e+00	-4.218222e-01	4.201528e-01	3.564911e-01	2.310552e-01	1.234281e-01	4.614712e-01	8.264846e-01	7.671100e+00	
60  24.0479	5.682113e+00	1.235162e+00	-3.205993e+00	1.038501e+00	-4.218222e-01	4.201528e-01	3.564911e-01	2.310552e-01	1.234281e-01	4.614712e-01	8.262576e-01	7.671100e+00	
4  24.2148	3.706548e+00	1.235162e+00	-3.205993e+00	1.038501e+00	-4.218222e-01	4.201528e-01	3.564911e-01	2.310552e-01	1.234281e-01	4.614712e-01	8.248836e-01	7.671100e+00	
12  29.4094	3.706548e+00	1.057281e+00	-2.402753e+00	1.011050e+00	-1.023629e+00	3.962641e-01	4.247067e-01	2.159848e-01	7.002940e-02	3.167346e-01	8.248836e-01	7.671100e+00	
24  27.7765	3.706548e+00	9.851832e-01	-3.228496e+00	1.085383e+00	6.056009e-01	4.130434e-01	3.921323e-01	2.565627e-01	8.393940e-02	2.296654e-02	8.248836e-01	7.671100e+00	
2  27.2773	4.788976e+00	9.851832e-01	-3.228496e+00	1.085383e+00	6.056009e-01	4.130434e-01	3.921323e-01	2.565627e-01	8.393940e-02	2.296654e-02	8.219408e-01	7.671100e+00	
34  25.4513	4.788976e+00	1.177762e+00	-2.799058e+00	1.011155e+00	1.747116e-01	4.274412e-01	3.714130e-01	2.235427e-01	4.890152e-02	4.270617e-01	8.219408e-01	7.671100e+00	
24  25.3449	4.788976e+00	1.716153e+00	-3.816105e+00	1.018301e+00	5.140723e-01	4.138246e-01	4.163183e-01	2.268436e-01	6.112276e-02	8.873967e-01	8.219408e-01	7.671100e+00	
100  25.7855	5.358076e+00	1.716153e+00	-3.816105e+00	1.018301e+00	5.140723e-01	4.138246e-01	4.163183e-01	2.268436e-01	6.112276e-02	8.873967e-01	8.200085e-01	7.671100e+00	
27  25.2663	4.444969e+00	1.716153e+00	-3.816105e+00	1.018301e+00	5.140723e-01	4.138246e-01	4.163183e-01	2.268436e-01	6.112276e-02	8.873967e-01	8.252301e-01	7.671100e+00	
13  21.9403	4.444969e+00	1.601239e+00	-3.262793e+00	1.075951e+00	1.501593e+00	4.730355e-01	4.172573e-01	2.018012e-01	7.574469e-02	8.606391e-01	8.252301e-01	7.671100e+00	
50  21.9298	5.294396e+00	1.601239e+00	-3.262793e+00	1.075951e+00	1.501593e+00	4.730355e-01	4.172573e-01	2.018012e-01	7.574469e-02	8.606391e-01	8.248722e-01	7.671100e+00	
34  22.0033	4.137639e+00	1.601239e+00	-3.262793e+00	1.075951e+00	1.501593e+00	4.730355e-01	4.172573e-01	2.018012e-01	7.574469e-02	8.606391e-01	8.232047e-01	7.671100e+00	
96  20.771	4.137639e+00	1.595159e+00	-3.301248e+00	1.088625e+00	1.391985e+00	4.271711e-01	4.266675e-01	2.386235e-01	6.277795e-02	9.312415e-01	8.232047e-01	7.671100e+00	
78  21.0105	3.218054e+00	1.595159e+00	-3.301248e+00	1.088625e+00	1.391985e+00	4.271711e-01	4.266675e-01	2.386235e-01	6.277795e-02	9.312415e-01	8.254469e-01	7.671100e+00	
52  23.6682	3.218054e+00	1.157251e+00	-3.244420e+00	1.086781e+00	1.368131e+00	3.628179e-01	4.297517e-01	1.818529e-01	5.929655e-02	9.809702e-01	8.254469e-01	7.671100e+00	
19  23.9263	3.434133e+00	1.157251e+00	-3.244420e+00	1.086781e+00	1.368131e+00	3.628179e-01	4.297517e-01	1.818529e-01	5.929655e-02	9.809702e-01	8.255341e-01	7.671100e+00	
24  23.5742	3.434133e+00	1.187104e+00	-3.632636e+00	1.091607e+00	4.011863e-01	4.192055e-01	3.635103e-01	1.904642e-01	5.011065e-02	7.740491e-01	8.255341e-01	7.671100e+00	
61  22.446	3.434133e+00	8.651875e-01	-3.009102e+00	1.097776e+00	5.586678e-01	3.554551e-01	3.351201e-01	1.931910e-01	6.467947e-02	9.867877e-01	8.255341e-01	7.671100e+00	
36  22.4835	3.434133e+00	7.195033e-01	-3.646437e+00	1.238342e+00	9.397374e-01	3.750102e-01	3.558317e-01	2.314908e-01	8.168774e-02	7.164914e-01	8.255341e-01	7.671100e+00	
20  22.4976	5.893904e+00	7.195033e-01	-3.646437e+00	1.238342e+00	9.397374e-01	3.750102e-01	3.558317e-01	2.314908e-01	8.168774e-02	7.164914e-01	8.180178e-01	7.671100e+00	
12  22.8682	5.675483e+00	7.195033e-01	-3.646437e+00	1.238342e+00	9.397374e-01	3.750102e-01	3.558317e-01	2.314908e-01	8.168774e-02	7.164914e-01	8.268860e-01	7.671100e+00	
52  22.1692	5.675483e+00	6.121084e-01	-4.701503e+00	1.398587e+00	1.794566e+00	3.705189e-01	3.516855e-01	1.910309e-01	9.332464e-02	7.354725e-01	8.268860e-01	7.671100e+00	
76  22.66	5.675483e+00	9.261087e-01	-3.507929e+00	1.364580e+00	5.154911e-01	3.902522e-01	3.224192e-01	1.631338e-01	4.037810e-02	7.803981e-02	8.268860e-01	7.671100e+00	
69  22.2261	3.109003e+00	9.261087e-01	-3.507929e+00	1.364580e+00	5.154911e-01	3.902522e-01	3.224192e-01	1.631338e-01	4.037810e-02	7.803981e-02	8.266324e-01	7.671100e+00	
117  20.4876	3.109003e+00	6.663662e-01	-3.214325e+00	1.276308e+00	3.162223e-01	3.699449e-01	3.321267e-01	2.188052e-01	5.978952e-02	8.384030e-01	8.266324e-01	7.671100e+00	
2  21.8972	3.109003e+00	5.726460e-01	-3.657563e+00	1.286000e+00	1.312025e-01	3.769596e-01	3.443238e-01	1.695728e-01	8.507076e-02	9.242365e-01	8.266324e-01	7.671100e+00	
22  23.1063	3.109003e+00	4.198807e-01	-3.916170e+00	1.382107e+00	7.231586e-01	3.476965e-01	3.509369e-01	2.305010e-01	7.783012e-02	9.177081e-01	8.266324e-01	7.671100e+00	
30  23.267	3.844295e+00	4.198807e-01	-3.916170e+00	1.382107e+00	7.231586e-01	3.476965e-01	3.509369e-01	2.305010e-01	7.783012e-02	9.177081e-01	8.241638e-01	7.671100e+00	
75  24.3696	3.581339e+00	4.198807e-01	-3.916170e+00	1.382107e+00	7.231586e-01	3.476965e-01	3.509369e-01	2.305010e-01	7.783012e-02	9.177081e-01	8.249474e-01	7.671100e+00	
85  23.7746	3.581339e+00	4.729491e-01	-3.624657e+00	1.257924e+00	2.789807e-01	3.934588e-01	4.156861e-01	2.329964e-01	7.724295e-02	7.685065e-01	8.249474e-01	7.671100e+00	
20  23.8033	4.942804e+00	4.729491e-01	-3.624657e+00	1.257924e+00	2.789807e-01	3.934588e-01	4.156861e-01	2.329964e-01	7.724295e-02	7.685065e-01	8.225212e-01	7.671100e+00	
50  23.6998	3.987505e+00	4.729491e-01	-3.624657e+00	1.257924e+00	2.789807e-01	3.934588e-01	4.156861e-01	2.329964e-01	7.724295e-02	7.685065e-01	8.224562e-01	7.671100e+00	
33  23.7501	5.653773e+00	4.729491e-01	-3.624657e+00	1.257924e+00	2.789807e-01	3.934588e-01	4.156861e-01	2.329964e-01	7.724295e-02	7.685065e-01	8.249592e-01	7.671100e+00	
7  23.0283	5.653773e+00	7.247040e-01	-4.021175e+00	1.124255e+00	-4.728651e-02	4.023001e-01	3.979183e-01	2.321323e-01	3.670042e-02	8.047547e-01	8.249592e-01	7.671100e+00	
49  23.3303	4.710116e+00	7.247040e-01	-4.021175e+00	1.124255e+00	-4.728651e-02	4.023001e-01	3.979183e-01	2.321323e-01	3.670042e-02	8.047547e-01	8.248518e-01	7.671100e+00	
1  24.0461	4.710116e+00	3.025624e-01	-4.529490e+00	1.215709e+00	-5.980903e-01	3.954148e-01	3.942700e-01	2.327954e-01	4.615391e-02	9.689283e-01	8.248518e-01	7.671100e+00	
10  22.7201	2.127488e+00	3.025624e-01	-4.529490e+00	1.215709e+00	-5.980903e-01	3.954148e-01	3.942700e-01	2.327954e-01	4.615391e-02	9.689283e-01	8.266659e-01	7.671100e+00	
10  22.8092	2.532959e+00	3.025624e-01	-4.529490e+00	1.215709e+00	-5.980903e-01	3.954148e-01	3.942700e-01	2.327954e-01	4.615391e-02	9.689283e-01	8.234138e-01	7.671100e+00	
30  23.1668	2.394193e+00	3.025624e-01	-4.529490e+00	1.215709e+00	-5.980903e-01	3.954148e-01	3.942700e-01	2.327954e-01	4.615391e-02	9.689283e-01	8.246042e-01	7.671100e+00	
10  22.9923	3.426503e+00	3.025624e-01	-4.529490e+00	1.215709e+00	-5.980903e-01	3.954148e-01	3.942700e-01	2.327954e-01	4.615391e-02	9.689283e-01	8.251903e-01	7.671100e+00	
5  23.1447	2.595602e+00	3.025624e-01	-4.529490e+00	1.215709e+00	-5.980903e-01	3.954148e-01	3.942700e-01	2.327954e-01	4.615391e-02	9.689283e-01	8.234683e-01	7.671100e+00	
35  26.042	2.595602e+00	5.778171e-01	-3.350831e+00	1.237373e+00	-5.886286e-01	3.834146e-01	3.718868e-01	1.844412e-01	5.428619e-02	6.039588e-01	8.234683e-01	7.671100e+00	
6  27.8133	3.693304e+00	5.778171e-01	-3.350831e+00	1.237373e+00	-5.886286e-01	3.834146e-01	3.718868e-01	1.844412e-01	5.428619e-02	6.039588e-01	8.250980e-01	7.671100e+00	
12  27.626	3.693304e+00	7.870990e-01	-3.703563e+00	1.170026e+00	-3.781218e-01	3.931055e-01	3.888253e-01	1.755888e-01	7.671925e-02	3.405515e-01	8.250980e-01	7.671100e+00	
4  25.9395	3.693304e+00	1.266604e+00	-3.548425e+00	1.178517e+00	-7.865982e-02	4.115342e-01	4.129812e-01	1.603426e-01	3.800584e-02	8.268579e-01	8.250980e-01	7.671100e+00	
62  25.147	3.693304e+00	9.255789e-01	-2.577900e+00	1.247136e+00	-2.196063e-02	3.906682e-01	4.185269e-01	1.718032e-01	5.346037e-02	8.022958e-01	8.250980e-01	7.671100e+00	
36  21.1258	3.693304e+00	8.168916e-01	-2.964698e+00	1.335748e+00	-2.746671e-01	3.893888e-01	3.484080e-01	2.028613e-01	4.576198e-02	2.858468e-01	8.250980e-01	7.671100e+00	
70  21.315	5.301242e+00	8.168916e-01	-2.964698e+00	1.335748e+00	-2.746671e-01	3.893888e-01	3.484080e-01	2.028613e-01	4.576198e-02	2.858468e-01	8.188200e-01	7.671100e+00	
120  21.3101	4.646123e+00	8.168916e-01	-2.964698e+00	1.335748e+00	-2.746671e-01	3.893888e-01	3.484080e-01	2.028613e-01	4.576198e-02	2.858468e-01	8.246643e-01	7.671100e+00	
10  21.3444	4.232229e+00	8.168916e-01	-2.964698e+00	1.335748e+00	-2.746671e-01	3.893888e-01	3.484080e-01	2.028613e-01	4.576198e-02	2.858468e-01	8.227418e-01	7.671100e+00	
33  21.9457	3.778630e+00	8.168916e-01	-2.964698e+00	1.335748e+00	-2.746671e-01	3.893888e-01	3.484080e-01	2.028613e-01	4.576198e-02	2.858468e-01	8.292455e-01	7.671100e+00	
47  22.6887	3.778630e+00	8.673875e-01	-2.370244e+00	1.389345e+00	-2.408718e-01	3.703380e-01	3.365050e-01	1.924785e-01	9.343790e-02	6.122181e-01	8.292455e-01	7.671100e+00	
22  21.6033	3.036664e+00	8.673875e-01	-2.370244e+00	1.389345e+00	-2.408718e-01	3.703380e-01	3.365050e-01	1.924785e-01	9.343790e-02	6.122181e-01	8.264268e-01	7.671100e+00	
11  21.5377	3.036664e+00	9.577036e-01	-2.625672e+00	1.350347e+00	8.578178e-01	3.791301e-01	2.948779e-01	1.938362e-01	5.912710e-02	4.417204e-01	8.264268e-01	7.671100e+00	
159  21.2643	3.036664e+00	8.723672e-01	-3.062337e+00	1.312644e+00	4.202292e-01	3.569986e-01	3.204985e-01	1.720982e-01	6.230537e-02	2.906189e-01	8.264268e-01	7.671100e+00	
121  21.3876	3.036664e+00	8.416316e-01	-4.322051e+00	1.340561e+00	8.143812e-02	3.921891e-01	3.185821e-01	1.856318e-01	9.942254e-02	8.113824e-01	8.264268e-01	7.671100e+00	
18  20.6775	3.036664e+00	8.966360e-01	-3.764134e+00	1.335270e+00	-6.340360e-01	3.768571e-01	3.084326e-01	2.031643e-01	4.957852e-02	7.716208e-01	8.264268e-01	7.671100e+00	
54  21.1077	3.036664e+00	6.792600e-01	-3.243996e+00	1.459180e+00	-1.127571e+00	3.696717e-01	3.464142e-01	1.829737e-01	7.304732e-02	4.859986e-01	8.264268e-01	7.671100e+00	
39  23.8315	3.036664e+00	5.917061e-01	-2.713801e+00	1.407501e+00	-4.766758e-01	3.639770e-01	3.410007e-01	1.577609e-01	1.009421e-01	8.575143e-01	8.264268e-01	7.671100e+00	
24  23.0791	3.036664e+00	5.734138e-01	-2.662331e+00	1.422962e+00	-1.504088e+00	4.081999e-01	3.316322e-01	2.097875e-01	3.205526e-02	5.749218e-01	8.264268e-01	7.671100e+00	
2  21.8682	3.036664e+00	6.567140e-01	-2.748354e+00	1.351545e+00	-1.201895e+00	4.011297e-01	3.226536e-01	2.219803e-01	5.981916e-02	7.051958e-01	8.264268e-01	7.671100e+00	
64  21.6729	3.802652e+00	6.567140e-01	-2.748354e+00	1.351545e+00	-1.201895e+00	4.011297e-01	3.226536e-01	2.219803e-01	5.981916e-02	7.051958e-01	8.260600e-01	7.671100e+00	
1  23.9214	3.802652e+00	9.455729e-01	-2.646833e+00	1.296906e+00	-4.557483e-01	4.002332e-01	3.517878e-01	2.388473e-01	7.584400e-02	2.052466e-01	8.260600e-01	7.671100e+00	
35  23.0768	3.802652e+00	5.440471e-01	-1.277370e+00	1.298935e+00	-4.083470e-01	3.512923e-01	3.250079e-01	2.512262e-01	5.190482e-02	8.942403e-01	8.260600e-01	7.671100e+00	
20  22.8419	4.541955e+00	5.440471e-01	-1.277370e+00	1.298935e+00	-4.083470e-01	3.512923e-01	3.250079e-01	2.512262e-01	5.190482e-02	8.942403e-01	8.259033e-01	7.671100e+00	
25  23.3142	4.855968e+00	5.440471e-01	-1.277370e+00	1.298935e+00	-4.083470e-01	3.512923e-01	3.250079e-01	2.512262e-01	5.190482e-02	8.942403e-01	8.254435e-01	7.671100e+00	
8  24.3887	4.855968e+00	7.704654e-01	-2.027508e+00	1.456102e+00	1.337924e-01	3.409114e-01	3.067412e-01	2.096145e-01	7.999515e-02	8.326053e-01	8.254435e-01	7.671100e+00	
3  24.0901	4.855968e+00	7.229912e-01	-2.328714e+00	1.539420e+00	-1.001100e+00	4.214561e-01	3.370842e-01	2.330094e-01	9.165352e-02	7.766402e-01	8.254435e-01	7.671100e+00	
32  24.86	4.855968e+00	1.103141e+00	-2.345614e+00	1.404586e+00	-1.955026e+00	4.278018e-01	3.851379e-01	2.058256e-01	1.069550e-01	7.084236e-01	8.254435e-01	7.671100e+00	
26  20.847	4.855968e+00	1.109459e+00	-2.942464e+00	1.334316e+00	-1.001598e-01	3.937700e-01	3.727172e-01	2.110318e-01	8.861149e-02	7.661190e-01	8.254435e-01	7.671100e+00	
42  21.3122	4.855968e+00	1.306104e+00	-2.528933e+00	1.340021e+00	1.903003e-01	3.737909e-01	3.763184e-01	2.379062e-01	5.558812e-02	6.852910e-01	8.254435e-01	7.671100e+00	
106  20.7318	4.855968e+00	9.145296e-01	-3.347556e+00	1.264549e+00	1.772291e-01	3.944745e-01	3.442935e-01	2.200941e-01	4.173055e-02	6.197115e-01	8.254435e-01	7.671100e+00	
2  23.7009	4.855968e+00	9.969952e-01	-2.833640e+00	1.246809e+00	-1.306975e+00	4.014098e-01	3.319886e-01	2.064150e-01	6.607458e-02	5.312335e-01	8.254435e-01	7.671100e+00	
22  23.0823	4.855968e+00	6.319791e-01	-3.243281e+00	1.270712e+00	-2.162215e-01	3.979598e-01	3.229662e-01	2.605688e-01	1.083327e-01	9.336860e-01	8.254435e-01	7.671100e+00	
58  21.3385	4.855968e+00	1.097875e+00	-4.110741e+00	1.224538e+00	2.088964e-01	3.798828e-01	3.390534e-01	2.541519e-01	8.230239e-02	4.520716e-01	8.254435e-01	7.671100e+00	
16  21.5897	4.855968e+00	1.021551e+00	-2.881199e+00	1.232655e+00	-1.350410e-02	3.741041e-01	3.585818e-01	2.565043e-01	8.811338e-02	7.609239e-01	8.254435e-01	7.671100e+00	
12  21.5897	3.852511e+00	1.021551e+00	-2.881199e+00	1.232655e+00	-1.350410e-02	3.741041e-01	3.585818e-01	2.565043e-01	8.811338e-02	7.609239e-01	8.237985e-01	7.671100e+00	
6  22.5831	3.852511e+00	9.808711e-01	-2.529558e+00	1.264332e+00	-3.754713e-01	3.907799e-01	4.221200e-01	2.364607e-01	3.313594e-02	6.598110e-01	8.237985e-01	7.671100e+00	
3  23.8051	3.852511e+00	1.071283e+00	-2.573877e+00	1.292506e+00	-7.209195e-01	3.483940e-01	3.668308e-01	2.678270e-01	6.815519e-02	8.588803e-01	8.237985e-01	7.671100e+00	
1  23.4993	3.852511e+00	1.376729e+00	-2.464851e+00	1.414353e+00	-1.263176e+00	4.098972e-01	4.120431e-01	2.966440e-01	2.466768e-02	7.939914e-01	8.237985e-01	7.671100e+00	
38  22.9914	3.852511e+00	8.729792e-01	-2.788259e+00	1.360009e+00	-1.803418e+00	3.862192e-01	3.804890e-01	2.843917e-01	4.379817e-02	5.449366e-01	8.237985e-01	7.671100e+00	
5  23.7075	3.791392e+00	8.729792e-01	-2.788259e+00	1.360009e+00	-1.803418e+00	3.862192e-01	3.804890e-01	2.843917e-01	4.379817e-02	5.449366e-01	8.236097e-01	7.671100e+00	
9  21.2547	3.791392e+00	6.137039e-01	-1.046584e+00	1.370084e+00	-1.733664e+00	3.828179e-01	3.786976e-01	2.626569e-01	8.470140e-02	7.956184e-01	8.236097e-01	7.671100e+00	
6  21.3291	3.791392e+00	4.716509e-01	-2.318047e+00	1.367718e+00	-1.707061e+00	3.792919e-01	3.554877e-01	2.256029e-01	5.320174e-02	8.487113e-01	8.236097e-01	7.671100e+00	
48  21.8144	3.764635e+00	4.716509e-01	-2.318047e+00	1.367718e+00	-1.707061e+00	3.792919e-01	3.554877e-01	2.256029e-01	5.320174e-02	8.487113e-01	8.236171e-01	7.671100e+00	
12  22.3601	3.764635e+00	9.607120e-01	-2.334748e+00	1.307070e+00	-1.100843e+00	3.510830e-01	3.509029e-01	2.229393e-01	4.897175e-02	9.130804e-01	8.236171e-01	7.671100e+00	
18  22.4255	4.886396e+00	9.607120e-01	-2.334748e+00	1.307070e+00	-1.100843e+00	3.510830e-01	3.509029e-01	2.229393e-01	4.897175e-02	9.130804e-01	8.220667e-01	7.671100e+00	
59  24.4021	4.886396e+00	7.149270e-01	-1.993708e+00	1.320411e+00	3.013850e-01	4.139104e-01	3.504510e-01	2.622964e-01	2.664277e-02	7.036977e-01	8.220667e-01	7.671100e+00	
104  23.022	4.886396e+00	5.581684e-01	-9.971384e-02	1.217531e+00	-6.911409e-02	3.751632e-01	3.554338e-01	2.173187e-01	3.515790e-02	9.125808e-01	8.220667e-01	7.671100e+00	
319  20.7561	4.886396e+00	5.746937e-01	-1.530754e+00	1.246850e+00	-1.054731e+00	3.879588e-01	3.533945e-01	2.459978e-01	5.516857e-02	9.338732e-01	8.220667e-01	7.671100e+00	
30  23.3569	4.389861e+00	5.746937e-01	-1.530754e+00	1.246850e+00	-1.054731e+00	3.879588e-01	3.533945e-01	2.459978e-01	5.516857e-02	9.338732e-01	8.204690e-01	7.671100e+00	
20  22.9593	3.554698e+00	5.746937e-01	-1.530754e+00	1.246850e+00	-1.054731e+00	3.879588e-01	3.533945e-01	2.459978e-01	5.516857e-02	9.338732e-01	8.222025e-01	7.671100e+00	
12  21.0204	4.468443e+00	5.746937e-01	-1.530754e+00	1.246850e+00	-1.054731e+00	3.879588e-01	3.533945e-01	2.459978e-01	5.516857e-02	9.338732e-01	8.272564e-01	7.671100e+00	
108  21.2812	4.468443e+00	5.948534e-01	-2.259222e+00	1.215883e+00	-9.591815e-01	3.511168e-01	3.513766e-01	2.311395e-01	7.079305e-02	9.789461e-01	8.272564e-01	7.671100e+00	
20  21.203	5.863928e+00	5.948534e-01	-2.259222e+00	1.215883e+00	-9.591815e-01	3.511168e-01	3.513766e-01	2.311395e-01	7.079305e-02	9.789461e-01	8.256726e-01	7.671100e+00	
80  21.2626	3.277378e+00	5.948534e-01	-2.259222e+00	1.215883e+00	-9.591815e-01	3.511168e-01	3.513766e-01	2.311395e-01	7.079305e-02	9.789461e-01	8.224117e-01	7.671100e+00	
34  21.1267	4.742269e+00	5.948534e-01	-2.259222e+00	1.215883e+00	-9.591815e-01	3.511168e-01	3.513766e-01	2.311395e-01	7.079305e-02	9.789461e-01	8.211013e-01	7.671100e+00	
134  21.4878	4.742269e+00	7.915065e-01	-1.840399e+00	1.194509e+00	-1.955007e+00	3.644191e-01	3.422666e-01	2.148866e-01	5.606331e-02	9.806417e-01	8.211013e-01	7.671100e+00	
29  22.5152	4.742269e+00	1.191351e+00	-2.377195e+00	1.300866e+00	-5.144617e-01	3.987737e-01	3.395104e-01	2.102634e-01	2.764392e-02	5.367384e-01	8.211013e-01	7.671100e+00	
93  20.7613	4.742269e+00	1.021583e+00	-9.445039e-01	1.280282e+00	-7.195636e-02	3.897945e-01	3.448592e-01	2.197521e-01	6.485782e-02	6.518743e-01	8.211013e-01	7.671100e+00	
85  20.7251	4.261633e+00	1.021583e+00	-9.445039e-01	1.280282e+00	-7.195636e-02	3.897945e-01	3.448592e-01	2.197521e-01	6.485782e-02	6.518743e-01	8.235116e-01	7.671100e+00	
5  20.2846	4.261633e+00	1.242889e+00	-2.140068e+00	1.334518e+00	8.121241e-01	4.103822e-01	3.492451e-01	2.148055e-01	5.601545e-02	7.091545e-01	8.235116e-01	7.671100e+00	
10  20.2259	3.683343e+00	1.242889e+00	-2.140068e+00	1.334518e+00	8.121241e-01	4.103822e-01	3.492451e-01	2.148055e-01	5.601545e-02	7.091545e-01	8.234085e-01	7.671100e+00	
54  20.6911	3.164444e+00	1.242889e+00	-2.140068e+00	1.334518e+00	8.121241e-01	4.103822e-01	3.492451e-01	2.148055e-01	5.601545e-02	7.091545e-01	8.250315e-01	7.671100e+00	
46  22.7998	3.164444e+00	9.196650e-01	-1.986542e+00	1.370610e+00	1.055854e+00	3.688714e-01	3.557768e-01	2.019885e-01	6.517307e-02	2.375677e-01	8.250315e-01	7.671100e+00	
57  24.4929	4.392256e+00	9.196650e-01	-1.986542e+00	1.370610e+00	1.055854e+00	3.688714e-01	3.557768e-01	2.019885e-01	6.517307e-02	2.375677e-01	8.227748e-01	7.671100e+00	
43  22.3506	4.392256e+00	8.770280e-01	-2.723265e+00	1.416853e+00	7.167523e-01	3.947207e-01	3.105692e-01	1.836902e-01	7.591479e-02	2.826737e-01	8.227748e-01	7.671100e+00	
40  22.5717	4.924488e+00	8.770280e-01	-2.723265e+00	1.416853e+00	7.167523e-01	3.947207e-01	3.105692e-01	1.836902e-01	7.591479e-02	2.826737e-01	8.244698e-01	7.671100e+00	
52  22.2137	5.151432e+00	8.770280e-01	-2.723265e+00	1.416853e+00	7.167523e-01	3.947207e-01	3.105692e-01	1.836902e-01	7.591479e-02	2.826737e-01	8.342560e-01	7.671100e+00	
7  22.4174	5.151432e+00	6.426519e-01	-2.753690e+00	1.393612e+00	-7.296815e-01	3.717141e-01	3.583677e-01	1.802062e-01	6.052389e-02	7.085743e-01	8.342560e-01	7.671100e+00	
49  22.7971	5.151432e+00	9.102552e-01	-3.526831e+00	1.342993e+00	-1.202824e+00	3.882497e-01	3.326679e-01	1.867446e-01	5.229990e-02	7.974850e-01	8.342560e-01	7.671100e+00	
2  24.8523	5.151432e+00	6.624693e-01	-2.943834e+00	1.349831e+00	-3.934908e-01	3.517231e-01	3.165232e-01	2.135485e-01	4.112745e-02	4.168479e-01	8.342560e-01	7.671100e+00	
21  22.9981	3.513357e+00	6.624693e-01	-2.943834e+00	1.349831e+00	-3.934908e-01	3.517231e-01	3.165232e-01	2.135485e-01	4.112745e-02	4.168479e-01	8.276711e-01	7.671100e+00	
49  23.532	3.513357e+00	3.015144e-01	-1.577133e+00	1.247295e+00	-6.812514e-01	3.895144e-01	3.399724e-01	2.496254e-01	2.568540e-02	9.045672e-01	8.276711e-01	7.671100e+00	
240  23.2832	2.096135e+00	3.015144e-01	-1.577133e+00	1.247295e+00	-6.812514e-01	3.895144e-01	3.399724e-01	2.496254e-01	2.568540e-02	9.045672e-01	8.277861e-01	7.671100e+00	
37  23.4073	2.125713e+00	3.015144e-01	-1.577133e+00	1.247295e+00	-6.812514e-01	3.895144e-01	3.399724e-01	2.496254e-01	2.568540e-02	9.045672e-01	8.257348e-01	7.671100e+00	
16  24.3021	2.125713e+00	4.735176e-01	-1.533222e+00	1.205091e+00	-1.765796e-01	3.914055e-01	3.849584e-01	2.412727e-01	5.207413e-02	8.697840e-01	8.257348e-01	7.671100e+00	
7  27.3643	2.125713e+00	6.312814e-01	-1.761223e+00	1.116389e+00	3.588029e-01	3.671469e-01	4.002778e-01	1.725947e-01	4.979930e-02	9.138040e-01	8.257348e-01	7.671100e+00	
17  26.748	4.466086e+00	6.312814e-01	-1.761223e+00	1.116389e+00	3.588029e-01	3.671469e-01	4.002778e-01	1.725947e-01	4.979930e-02	9.138040e-01	8.254886e-01	7.671100e+00	
3  27.4229	4.466086e+00	8.101213e-01	-3.287426e+00	1.125015e+00	1.015211e+00	3.727353e-01	3.494489e-01	1.871174e-01	5.787922e-02	7.154953e-01	8.254886e-01	7.671100e+00	
17  27.2808	5.551005e+00	8.101213e-01	-3.287426e+00	1.125015e+00	1.015211e+00	3.727353e-01	3.494489e-01	1.871174e-01	5.787922e-02	7.154953e-01	8.239978e-01	7.671100e+00	
11  27.4143	5.551005e+00	8.312648e-01	-3.164885e+00	1.151303e+00	2.113757e+00	4.074814e-01	3.840209e-01	2.280777e-01	3.109271e-02	6.787432e-01	8.239978e-01	7.671100e+00	
42  25.4388	5.551005e+00	1.266923e+00	-4.948981e+00	1.214707e+00	2.012109e+00	4.235075e-01	3.177704e-01	2.219892e-01	3.975068e-02	6.498349e-01	8.239978e-01	7.671100e+00	
2  26.4133	3.383091e+00	1.266923e+00	-4.948981e+00	1.214707e+00	2.012109e+00	4.235075e-01	3.177704e-01	2.219892e-01	3.975068e-02	6.498349e-01	8.242257e-01	7.671100e+00	
8  24.5925	3.383091e+00	9.847136e-01	-4.224341e+00	1.254537e+00	1.197063e+00	3.880640e-01	3.193450e-01	1.956807e-01	2.665765e-02	6.591874e-01	8.242257e-01	7.671100e+00	
70  24.7353	3.942869e+00	9.847136e-01	-4.224341e+00	1.254537e+00	1.197063e+00	3.880640e-01	3.193450e-01	1.956807e-01	2.665765e-02	6.591874e-01	8.228106e-01	7.671100e+00	
8  23.9371	5.988464e+00	9.847136e-01	-4.224341e+00	1.254537e+00	1.197063e+00	3.880640e-01	3.193450e-01	1.956807e-01	2.665765e-02	6.591874e-01	8.236500e-01	7.671100e+00	
10  25.126	5.988464e+00	1.230737e+00	-3.839062e+00	1.367874e+00	1.152302e+00	3.601580e-01	3.240035e-01	1.504687e-01	8.870872e-02	8.598496e-01	8.236500e-01	7.671100e+00	
