15  72.4118	3.000000e+00	1.031948e+00	-4.170519e+00	1.416050e+00	-2.416071e+00	3.684115e-01	1.934206e-01	2.570766e-01	6.270015e-02	3.593254e-01	8.234345e-01	7.671100e+00	
5  43.7638	3.000000e+00	9.240350e-01	-3.755675e+00	1.421849e+00	-2.329850e+00	3.940524e-01	2.241966e-01	2.804374e-01	4.902306e-02	9.917968e-01	8.234345e-01	7.671100e+00	
3  42.2672	3.702878e+00	9.240350e-01	-3.755675e+00	1.421849e+00	-2.329850e+00	3.940524e-01	2.241966e-01	2.804374e-01	4.902306e-02	9.917968e-01	8.208593e-01	7.671100e+00	
37  38.4695	3.702878e+00	7.328829e-01	-3.895535e+00	1.348619e+00	-1.217339e+00	3.462960e-01	2.350961e-01	2.085333e-01	3.915127e-02	9.347058e-01	8.208593e-01	7.671100e+00	
2  31.7593	3.443581e+00	7.328829e-01	-3.895535e+00	1.348619e+00	-1.217339e+00	3.462960e-01	2.350961e-01	2.085333e-01	3.915127e-02	9.347058e-01	8.237023e-01	7.671100e+00	
8  23.6315	3.443581e+00	8.133747e-01	-4.234135e+00	1.359450e+00	-1.114558e+00	3.813603e-01	2.792975e-01	2.211474e-01	5.434886e-02	6.573689e-01	8.237023e-01	7.671100e+00	
5  23.4088	4.835632e+00	8.133747e-01	-4.234135e+00	1.359450e+00	-1.114558e+00	3.813603e-01	2.792975e-01	2.211474e-01	5.434886e-02	6.573689e-01	8.270380e-01	7.671100e+00	
5  23.3436	4.835632e+00	1.071422e+00	-3.352014e+00	1.286296e+00	-1.809012e-01	3.763204e-01	3.081688e-01	2.643217e-01	7.170347e-02	4.156041e-01	8.270380e-01	7.671100e+00	
10  23.3787	5.129526e+00	1.071422e+00	-3.352014e+00	1.286296e+00	-1.809012e-01	3.763204e-01	3.081688e-01	2.643217e-01	7.170347e-02	4.156041e-01	8.239227e-01	7.671100e+00	
19  26.0497	3.827714e+00	1.071422e+00	-3.352014e+00	1.286296e+00	-1.809012e-01	3.763204e-01	3.081688e-01	2.643217e-01	7.170347e-02	4.156041e-01	8.254719e-01	7.671100e+00	
31  25.8881	3.827714e+00	1.360017e+00	-3.977172e+00	1.241184e+00	-5.883897e-01	3.636390e-01	3.203928e-01	2.560157e-01	6.103342e-02	8.935463e-01	8.254719e-01	7.671100e+00	
10  25.7199	2.732938e+00	1.360017e+00	-3.977172e+00	1.241184e+00	-5.883897e-01	3.636390e-01	3.203928e-01	2.560157e-01	6.103342e-02	8.935463e-01	8.279954e-01	7.671100e+00	
7  26.9536	4.302354e+00	1.360017e+00	-3.977172e+00	1.241184e+00	-5.883897e-01	3.636390e-01	3.203928e-01	2.560157e-01	6.103342e-02	8.935463e-01	8.270969e-01	7.671100e+00	
173  21.1612	4.302354e+00	5.696162e-01	-3.681603e+00	1.360495e+00	-5.450606e-01	3.807344e-01	3.059422e-01	2.330410e-01	6.357044e-02	7.713200e-01	8.270969e-01	7.671100e+00	
53  21.8403	5.149310e+00	5.696162e-01	-3.681603e+00	1.360495e+00	-5.450606e-01	3.807344e-01	3.059422e-01	2.330410e-01	6.357044e-02	7.713200e-01	8.277417e-01	7.671100e+00	
3  21.2731	5.149310e+00	3.722838e-01	-3.441013e+00	1.405453e+00	-5.658514e-01	3.848398e-01	3.637215e-01	2.722528e-01	7.852931e-02	8.753023e-01	8.277417e-01	7.671100e+00	
334  20.3978	5.149310e+00	7.646151e-01	-4.038969e+00	1.229216e+00	-8.588156e-01	3.632462e-01	3.202028e-01	2.978804e-01	7.028691e-02	9.462325e-01	8.277417e-01	7.671100e+00	
70  20.5392	5.141279e+00	7.646151e-01	-4.038969e+00	1.229216e+00	-8.588156e-01	3.632462e-01	3.202028e-01	2.978804e-01	7.028691e-02	9.462325e-01	8.303937e-01	7.671100e+00	
100  20.7184	4.605202e+00	7.646151e-01	-4.038969e+00	1.229216e+00	-8.588156e-01	3.632462e-01	3.202028e-01	2.978804e-01	7.028691e-02	9.462325e-01	8.202173e-01	7.671100e+00	
45  22.0931	2.928924e+00	7.646151e-01	-4.038969e+00	1.229216e+00	-8.588156e-01	3.632462e-01	3.202028e-01	2.978804e-01	7.028691e-02	9.462325e-01	8.242332e-01	7.671100e+00	
5  22.9091	2.928924e+00	7.172944e-01	-3.933054e+00	1.236525e+00	-6.822103e-01	3.875623e-01	3.025218e-01	2.782766e-01	9.666381e-02	8.594082e-01	8.242332e-01	7.671100e+00	
10  21.8141	3.898930e+00	7.172944e-01	-3.933054e+00	1.236525e+00	-6.822103e-01	3.875623e-01	3.025218e-01	2.782766e-01	9.666381e-02	8.594082e-01	8.244552e-01	7.671100e+00	
10  23.2105	5.438162e+00	7.172944e-01	-3.933054e+00	1.236525e+00	-6.822103e-01	3.875623e-01	3.025218e-01	2.782766e-01	9.666381e-02	8.594082e-01	8.262664e-01	7.671100e+00	
101  22.1725	5.979337e+00	7.172944e-01	-3.933054e+00	1.236525e+00	-6.822103e-01	3.875623e-01	3.025218e-01	2.782766e-01	9.666381e-02	8.594082e-01	8.189751e-01	7.671100e+00	
52  23.9224	5.979337e+00	8.872108e-01	-4.029163e+00	1.299606e+00	-1.815466e+00	3.826516e-01	3.465232e-01	2.057296e-01	1.300635e-01	1.991177e-01	8.189751e-01	7.671100e+00	
2  23.1448	5.979337e+00	1.424544e+00	-3.832981e+00	1.334284e+00	-4.043071e-01	4.255414e-01	3.043589e-01	2.241656e-01	5.907610e-02	6.116532e-01	8.189751e-01	7.671100e+00	
65  22.3367	5.979337e+00	1.293857e+00	-3.277827e+00	1.345106e+00	-1.142333e+00	4.095858e-01	3.396196e-01	3.007504e-01	7.687018e-02	6.486671e-01	8.189751e-01	7.671100e+00	
6  21.9988	5.734460e+00	1.293857e+00	-3.277827e+00	1.345106e+00	-1.142333e+00	4.095858e-01	3.396196e-01	3.007504e-01	7.687018e-02	6.486671e-01	8.265754e-01	7.671100e+00	
17  21.5706	5.734460e+00	1.428028e+00	-2.542169e+00	1.291671e+00	-3.450374e-01	4.216006e-01	3.969030e-01	2.966469e-01	7.292832e-02	7.233710e-01	8.265754e-01	7.671100e+00	
27  20.8147	5.734460e+00	1.240822e+00	-3.395205e+00	1.194930e+00	-5.808591e-02	4.190260e-01	4.037460e-01	2.680599e-01	5.598445e-02	6.362724e-01	8.265754e-01	7.671100e+00	
10  20.8693	3.400854e+00	1.240822e+00	-3.395205e+00	1.194930e+00	-5.808591e-02	4.190260e-01	4.037460e-01	2.680599e-01	5.598445e-02	6.362724e-01	8.252631e-01	7.671100e+00	
142  20.527	5.767198e+00	1.240822e+00	-3.395205e+00	1.194930e+00	-5.808591e-02	4.190260e-01	4.037460e-01	2.680599e-01	5.598445e-02	6.362724e-01	8.243569e-01	7.671100e+00	
52  21.0104	5.767198e+00	1.714812e+00	-3.916148e+00	1.281709e+00	8.441405e-01	4.210974e-01	3.852489e-01	2.452097e-01	6.691531e-02	9.270674e-01	8.243569e-01	7.671100e+00	
82  21.4638	5.767198e+00	1.512736e+00	-1.898180e+00	1.272258e+00	6.853348e-01	4.410215e-01	3.751652e-01	2.753021e-01	8.145200e-02	8.043538e-01	8.243569e-01	7.671100e+00	
7  23.1741	5.767198e+00	1.628568e+00	-3.179208e+00	1.305473e+00	5.542130e-01	4.247941e-01	4.023487e-01	2.349040e-01	3.842746e-02	8.944896e-01	8.243569e-01	7.671100e+00	
20  21.0521	5.767198e+00	1.538647e+00	-3.144398e+00	1.297399e+00	9.169599e-01	4.866029e-01	3.920962e-01	2.149838e-01	7.180014e-02	8.887115e-01	8.243569e-01	7.671100e+00	
22  24.5457	5.767198e+00	1.722674e+00	-2.171141e+00	1.334619e+00	1.933200e+00	4.878700e-01	4.023805e-01	2.540052e-01	1.268812e-01	7.214328e-01	8.243569e-01	7.671100e+00	
27  23.4591	5.767198e+00	1.515258e+00	-1.445540e+00	1.274300e+00	1.329870e+00	4.347120e-01	4.095463e-01	2.266661e-01	1.181787e-01	9.793521e-01	8.243569e-01	7.671100e+00	
28  22.9903	5.767198e+00	1.252484e+00	-1.680981e+00	1.148360e+00	8.178352e-01	4.587711e-01	4.101599e-01	2.085231e-01	7.860112e-02	8.195215e-01	8.243569e-01	7.671100e+00	
30  23.0552	3.966309e+00	1.252484e+00	-1.680981e+00	1.148360e+00	8.178352e-01	4.587711e-01	4.101599e-01	2.085231e-01	7.860112e-02	8.195215e-01	8.256522e-01	7.671100e+00	
70  22.8275	3.610287e+00	1.252484e+00	-1.680981e+00	1.148360e+00	8.178352e-01	4.587711e-01	4.101599e-01	2.085231e-01	7.860112e-02	8.195215e-01	8.214112e-01	7.671100e+00	
18  22.7575	3.660806e+00	1.252484e+00	-1.680981e+00	1.148360e+00	8.178352e-01	4.587711e-01	4.101599e-01	2.085231e-01	7.860112e-02	8.195215e-01	8.239745e-01	7.671100e+00	
42  22.7807	3.660806e+00	1.078840e+00	-2.151220e+00	1.066741e+00	6.206680e-01	4.269313e-01	3.781386e-01	2.296272e-01	4.568381e-02	9.028745e-01	8.239745e-01	7.671100e+00	
80  23.8844	3.019960e+00	1.078840e+00	-2.151220e+00	1.066741e+00	6.206680e-01	4.269313e-01	3.781386e-01	2.296272e-01	4.568381e-02	9.028745e-01	8.226690e-01	7.671100e+00	
60  24.842	2.675660e+00	1.078840e+00	-2.151220e+00	1.066741e+00	6.206680e-01	4.269313e-01	3.781386e-01	2.296272e-01	4.568381e-02	9.028745e-01	8.239071e-01	7.671100e+00	
22  22.7249	3.991901e+00	1.078840e+00	-2.151220e+00	1.066741e+00	6.206680e-01	4.269313e-01	3.781386e-01	2.296272e-01	4.568381e-02	9.028745e-01	8.220095e-01	7.671100e+00	
9  22.2397	3.991901e+00	1.027226e+00	-1.684220e+00	1.178308e+00	8.596340e-01	3.919617e-01	3.848511e-01	2.072972e-01	4.891839e-02	6.713955e-01	8.220095e-01	7.671100e+00	
9  23.7634	3.991901e+00	1.130004e+00	-3.455064e-01	1.137601e+00	1.263129e+00	3.863948e-01	4.201649e-01	2.611560e-01	5.530034e-02	8.429883e-01	8.220095e-01	7.671100e+00	
22  23.3889	3.797379e+00	1.130004e+00	-3.455064e-01	1.137601e+00	1.263129e+00	3.863948e-01	4.201649e-01	2.611560e-01	5.530034e-02	8.429883e-01	8.218621e-01	7.671100e+00	
38  24.4293	3.797379e+00	1.146688e+00	9.045857e-01	1.050087e+00	6.799678e-02	4.145594e-01	4.264973e-01	3.054718e-01	4.183540e-02	9.398350e-01	8.218621e-01	7.671100e+00	
10  27.1097	3.738079e+00	1.146688e+00	9.045857e-01	1.050087e+00	6.799678e-02	4.145594e-01	4.264973e-01	3.054718e-01	4.183540e-02	9.398350e-01	8.238203e-01	7.671100e+00	
27  24.0474	5.710251e+00	1.146688e+00	9.045857e-01	1.050087e+00	6.799678e-02	4.145594e-01	4.264973e-01	3.054718e-01	4.183540e-02	9.398350e-01	8.245057e-01	7.671100e+00	
50  24.3199	5.710251e+00	1.019906e+00	-4.441881e-01	1.126110e+00	-1.149644e+00	3.689621e-01	3.985356e-01	3.066082e-01	3.265351e-02	8.096711e-01	8.245057e-01	7.671100e+00	
29  25.4567	5.710251e+00	1.098302e+00	3.629642e-01	1.212292e+00	-1.200459e+00	3.955397e-01	3.803059e-01	2.854680e-01	8.657009e-02	4.794858e-01	8.245057e-01	7.671100e+00	
92  24.294	5.710251e+00	1.038075e+00	1.628396e-01	1.335393e+00	-3.912215e-01	3.654671e-01	3.823393e-01	2.819698e-01	8.639579e-02	7.519956e-01	8.245057e-01	7.671100e+00	
6  24.2239	5.710251e+00	1.629109e+00	9.530236e-01	1.414309e+00	-2.923573e-01	3.893669e-01	3.745532e-01	2.859527e-01	6.362776e-02	9.348220e-01	8.245057e-01	7.671100e+00	
56  25.1263	5.710251e+00	1.182457e+00	5.392741e-01	1.335822e+00	-8.199309e-01	3.940532e-01	3.028224e-01	2.940183e-01	1.072032e-01	7.844950e-01	8.245057e-01	7.671100e+00	
50  25.073	3.514585e+00	1.182457e+00	5.392741e-01	1.335822e+00	-8.199309e-01	3.940532e-01	3.028224e-01	2.940183e-01	1.072032e-01	7.844950e-01	8.251833e-01	7.671100e+00	
91  25.3864	5.412966e+00	1.182457e+00	5.392741e-01	1.335822e+00	-8.199309e-01	3.940532e-01	3.028224e-01	2.940183e-01	1.072032e-01	7.844950e-01	8.284805e-01	7.671100e+00	
16  26.8666	5.412966e+00	9.099745e-01	-1.479557e-01	1.256242e+00	-1.175093e+00	3.544604e-01	3.060484e-01	2.275746e-01	4.206446e-02	6.393847e-01	8.284805e-01	7.671100e+00	
23  24.3932	5.412966e+00	3.878997e-01	2.939980e-01	1.238674e+00	-9.668580e-01	3.798153e-01	4.183320e-01	2.747585e-01	8.331488e-02	8.630805e-01	8.284805e-01	7.671100e+00	
70  23.8422	2.752821e+00	3.878997e-01	2.939980e-01	1.238674e+00	-9.668580e-01	3.798153e-01	4.183320e-01	2.747585e-01	8.331488e-02	8.630805e-01	8.242771e-01	7.671100e+00	
30  25.3516	1.950899e+00	3.878997e-01	2.939980e-01	1.238674e+00	-9.668580e-01	3.798153e-01	4.183320e-01	2.747585e-01	8.331488e-02	8.630805e-01	8.268307e-01	7.671100e+00	
36  24.3387	2.825514e+00	3.878997e-01	2.939980e-01	1.238674e+00	-9.668580e-01	3.798153e-01	4.183320e-01	2.747585e-01	8.331488e-02	8.630805e-01	8.268303e-01	7.671100e+00	
24  25.1002	2.825514e+00	6.062762e-01	-8.673590e-01	1.213582e+00	-1.440080e+00	3.492267e-01	3.979886e-01	2.898504e-01	7.538335e-02	8.385113e-01	8.268303e-01	7.671100e+00	
5  24.6152	3.638325e+00	6.062762e-01	-8.673590e-01	1.213582e+00	-1.440080e+00	3.492267e-01	3.979886e-01	2.898504e-01	7.538335e-02	8.385113e-01	8.249815e-01	7.671100e+00	
4  23.8463	3.638325e+00	1.037233e+00	-1.476774e+00	1.161148e+00	-7.512668e-01	3.734000e-01	3.454571e-01	2.822581e-01	4.416976e-02	7.702006e-01	8.249815e-01	7.671100e+00	
8  22.5665	3.638325e+00	1.085385e+00	-1.326688e+00	1.173948e+00	-9.892024e-01	3.991767e-01	3.371950e-01	2.483844e-01	7.438663e-02	8.870801e-01	8.249815e-01	7.671100e+00	
34  22.7153	3.638325e+00	9.271146e-01	-1.215552e+00	1.145259e+00	-1.103137e+00	3.837967e-01	3.650696e-01	2.181294e-01	4.596239e-02	9.536763e-01	8.249815e-01	7.671100e+00	
129  22.776	3.638325e+00	4.235593e-01	-1.726233e+00	1.268021e+00	-5.339221e-01	3.928411e-01	4.297228e-01	2.508389e-01	7.408623e-02	9.909401e-01	8.249815e-01	7.671100e+00	
10  22.5947	3.402707e+00	4.235593e-01	-1.726233e+00	1.268021e+00	-5.339221e-01	3.928411e-01	4.297228e-01	2.508389e-01	7.408623e-02	9.909401e-01	8.251801e-01	7.671100e+00	
130  22.1156	3.424004e+00	4.235593e-01	-1.726233e+00	1.268021e+00	-5.339221e-01	3.928411e-01	4.297228e-01	2.508389e-01	7.408623e-02	9.909401e-01	8.267257e-01	7.671100e+00	
5  23.6508	5.166545e+00	4.235593e-01	-1.726233e+00	1.268021e+00	-5.339221e-01	3.928411e-01	4.297228e-01	2.508389e-01	7.408623e-02	9.909401e-01	8.268718e-01	7.671100e+00	
3  24.3425	5.166545e+00	1.101415e+00	-2.395409e+00	1.300589e+00	-4.820557e-02	3.891832e-01	3.923200e-01	2.501917e-01	1.007682e-01	5.694615e-01	8.268718e-01	7.671100e+00	
10  27.0708	5.166545e+00	1.541958e+00	-9.022022e-01	1.338225e+00	1.018077e+00	4.141618e-01	3.491576e-01	2.737418e-01	4.188707e-02	6.807679e-01	8.268718e-01	7.671100e+00	
31  26.2501	5.166545e+00	1.331552e+00	-6.759579e-02	1.336870e+00	2.058728e+00	4.359107e-01	3.142790e-01	3.069645e-01	8.357943e-02	9.619570e-01	8.268718e-01	7.671100e+00	
97  26.7352	5.166545e+00	1.268031e+00	-7.673680e-01	1.211041e+00	1.542190e+00	3.991776e-01	3.341856e-01	2.675085e-01	1.106138e-01	6.340585e-01	8.268718e-01	7.671100e+00	
54  24.2771	5.166545e+00	1.037646e+00	-7.062217e-01	1.326268e+00	8.447272e-01	3.746256e-01	3.187546e-01	2.156548e-01	6.735351e-02	4.737851e-01	8.268718e-01	7.671100e+00	
68  21.4391	4.429651e+00	1.037646e+00	-7.062217e-01	1.326268e+00	8.447272e-01	3.746256e-01	3.187546e-01	2.156548e-01	6.735351e-02	4.737851e-01	8.181863e-01	7.671100e+00	
49  21.0759	4.429651e+00	1.026943e+00	-2.368222e+00	1.503777e+00	2.276512e+00	3.527882e-01	2.976836e-01	2.033288e-01	4.697555e-02	8.589236e-01	8.181863e-01	7.671100e+00	
43  20.7274	4.429651e+00	5.158800e-01	-2.744972e+00	1.567370e+00	1.561753e+00	3.669772e-01	3.247685e-01	2.151915e-01	3.525936e-02	8.395531e-01	8.181863e-01	7.671100e+00	
10  21.4889	5.348043e+00	5.158800e-01	-2.744972e+00	1.567370e+00	1.561753e+00	3.669772e-01	3.247685e-01	2.151915e-01	3.525936e-02	8.395531e-01	8.241701e-01	7.671100e+00	
33  20.4642	4.633610e+00	5.158800e-01	-2.744972e+00	1.567370e+00	1.561753e+00	3.669772e-01	3.247685e-01	2.151915e-01	3.525936e-02	8.395531e-01	8.255629e-01	7.671100e+00	
37  20.7315	4.633610e+00	8.478277e-01	-2.191392e+00	1.411463e+00	3.203288e+00	3.853105e-01	3.052306e-01	2.363820e-01	8.108323e-02	4.755075e-01	8.255629e-01	7.671100e+00	
10  20.6384	3.948785e+00	8.478277e-01	-2.191392e+00	1.411463e+00	3.203288e+00	3.853105e-01	3.052306e-01	2.363820e-01	8.108323e-02	4.755075e-01	8.226448e-01	7.671100e+00	
16  23.0003	2.845452e+00	8.478277e-01	-2.191392e+00	1.411463e+00	3.203288e+00	3.853105e-01	3.052306e-01	2.363820e-01	8.108323e-02	4.755075e-01	8.251330e-01	7.671100e+00	
24  22.7042	2.845452e+00	7.605195e-01	-3.923338e+00	1.398599e+00	2.744738e+00	3.680571e-01	3.134287e-01	1.969044e-01	8.622349e-02	5.995165e-02	8.251330e-01	7.671100e+00	
51  21.1996	3.072512e+00	7.605195e-01	-3.923338e+00	1.398599e+00	2.744738e+00	3.680571e-01	3.134287e-01	1.969044e-01	8.622349e-02	5.995165e-02	8.245129e-01	7.671100e+00	
39  24.5345	3.072512e+00	5.684203e-01	-2.745076e+00	1.414565e+00	3.438689e+00	3.770511e-01	2.908749e-01	1.740532e-01	1.336645e-01	8.374296e-01	8.245129e-01	7.671100e+00	
87  24.1343	5.723561e+00	5.684203e-01	-2.745076e+00	1.414565e+00	3.438689e+00	3.770511e-01	2.908749e-01	1.740532e-01	1.336645e-01	8.374296e-01	8.257807e-01	7.671100e+00	
63  25.2996	5.723561e+00	5.390392e-01	-2.794556e+00	1.449304e+00	3.839456e+00	4.022856e-01	2.926302e-01	1.938102e-01	1.966385e-01	9.164607e-01	8.257807e-01	7.671100e+00	
30  25.5792	4.005538e+00	5.390392e-01	-2.794556e+00	1.449304e+00	3.839456e+00	4.022856e-01	2.926302e-01	1.938102e-01	1.966385e-01	9.164607e-01	8.254948e-01	7.671100e+00	
25  24.7197	5.365412e+00	5.390392e-01	-2.794556e+00	1.449304e+00	3.839456e+00	4.022856e-01	2.926302e-01	1.938102e-01	1.966385e-01	9.164607e-01	8.264473e-01	7.671100e+00	
4  22.4623	5.365412e+00	1.019074e+00	-3.333253e+00	1.311055e+00	4.894086e+00	4.324689e-01	3.340372e-01	2.280340e-01	1.293582e-01	6.557173e-01	8.264473e-01	7.671100e+00	
17  24.2524	5.365412e+00	1.326976e+00	-4.306520e+00	1.446520e+00	4.171514e+00	4.445148e-01	3.672220e-01	2.238716e-01	1.303107e-01	9.677793e-01	8.264473e-01	7.671100e+00	
152  23.6215	5.365412e+00	1.239455e+00	-4.960492e+00	1.405676e+00	4.695129e+00	4.876910e-01	3.270617e-01	2.324973e-01	1.667548e-01	8.712830e-01	8.264473e-01	7.671100e+00	
25  22.7622	5.365412e+00	1.676290e+00	-4.554587e+00	1.273909e+00	4.160046e+00	4.572097e-01	3.672663e-01	2.905382e-01	1.477861e-01	6.243356e-01	8.264473e-01	7.671100e+00	
44  22.0132	5.365412e+00	1.897095e+00	-4.764395e+00	1.348937e+00	4.062865e+00	4.633085e-01	3.774307e-01	2.511293e-01	1.848896e-01	9.823236e-01	8.264473e-01	7.671100e+00	
40  23.0218	5.365412e+00	1.410247e+00	-4.629260e+00	1.407952e+00	4.615424e+00	4.346128e-01	4.075802e-01	2.357770e-01	1.378641e-01	7.187122e-01	8.264473e-01	7.671100e+00	
1  22.4339	5.365412e+00	1.790515e+00	-4.040488e+00	1.318883e+00	3.521781e+00	4.708487e-01	3.639959e-01	3.010318e-01	1.442298e-01	8.535988e-01	8.264473e-01	7.671100e+00	
2  23.7299	5.365412e+00	1.884194e+00	-3.981191e+00	1.323255e+00	4.116176e+00	4.582702e-01	3.398727e-01	2.399410e-01	1.168802e-01	8.266555e-01	8.264473e-01	7.671100e+00	
9  23.6748	4.421926e+00	1.884194e+00	-3.981191e+00	1.323255e+00	4.116176e+00	4.582702e-01	3.398727e-01	2.399410e-01	1.168802e-01	8.266555e-01	8.260559e-01	7.671100e+00	
91  22.2333	4.421926e+00	1.528267e+00	-3.882617e+00	1.389172e+00	3.752111e+00	5.052196e-01	4.158587e-01	2.300184e-01	1.119277e-01	9.838142e-01	8.260559e-01	7.671100e+00	
4  22.6879	4.016120e+00	1.528267e+00	-3.882617e+00	1.389172e+00	3.752111e+00	5.052196e-01	4.158587e-01	2.300184e-01	1.119277e-01	9.838142e-01	8.233819e-01	7.671100e+00	
18  23.3695	4.016120e+00	1.416562e+00	-3.754030e+00	1.344257e+00	3.549879e+00	4.723869e-01	3.885369e-01	2.691902e-01	9.830593e-02	5.984678e-01	8.233819e-01	7.671100e+00	
2  21.6336	4.016120e+00	1.933996e+00	-3.527665e+00	1.301592e+00	4.219483e+00	4.778658e-01	4.031452e-01	2.491293e-01	1.368872e-01	9.492572e-01	8.233819e-01	7.671100e+00	
12  23.4803	4.016120e+00	1.356117e+00	-3.500125e+00	1.430762e+00	3.688073e+00	4.786692e-01	3.702841e-01	2.555491e-01	1.784098e-01	7.448940e-01	8.233819e-01	7.671100e+00	
48  24.0798	4.016120e+00	1.495591e+00	-2.818888e+00	1.496012e+00	4.041531e+00	4.637761e-01	4.065447e-01	2.379822e-01	1.751284e-01	9.174780e-01	8.233819e-01	7.671100e+00	
76  23.7411	4.016120e+00	1.583927e+00	-1.473980e+00	1.517917e+00	3.094258e+00	4.455067e-01	3.758632e-01	2.477409e-01	1.749601e-01	8.261023e-01	8.233819e-01	7.671100e+00	
20  23.848	5.073979e+00	1.583927e+00	-1.473980e+00	1.517917e+00	3.094258e+00	4.455067e-01	3.758632e-01	2.477409e-01	1.749601e-01	8.261023e-01	8.212967e-01	7.671100e+00	
34  23.6802	3.619970e+00	1.583927e+00	-1.473980e+00	1.517917e+00	3.094258e+00	4.455067e-01	3.758632e-01	2.477409e-01	1.749601e-01	8.261023e-01	8.243633e-01	7.671100e+00	
37  23.8413	3.619970e+00	1.358964e+00	-1.730822e+00	1.513559e+00	3.842236e+00	4.345860e-01	3.567514e-01	2.390982e-01	9.364126e-02	4.932658e-01	8.243633e-01	7.671100e+00	
29  24.4205	3.619970e+00	1.128838e+00	-1.068103e+00	1.569489e+00	3.659954e+00	3.847630e-01	3.753466e-01	2.213823e-01	4.636250e-02	6.866127e-01	8.243633e-01	7.671100e+00	
13  26.1276	5.277410e+00	1.128838e+00	-1.068103e+00	1.569489e+00	3.659954e+00	3.847630e-01	3.753466e-01	2.213823e-01	4.636250e-02	6.866127e-01	8.236417e-01	7.671100e+00	
3  26.7579	5.277410e+00	1.176993e+00	5.513644e-02	1.379618e+00	3.767566e+00	3.780243e-01	3.156246e-01	2.899405e-01	4.785405e-02	4.394734e-01	8.236417e-01	7.671100e+00	
3  26.7568	5.277410e+00	6.640732e-01	-5.675381e-01	1.372791e+00	3.000389e+00	3.825873e-01	2.920961e-01	2.850031e-01	4.585045e-02	9.779760e-01	8.236417e-01	7.671100e+00	
33  27.0383	5.277410e+00	1.196774e+00	-9.333418e-02	1.270249e+00	1.829207e+00	4.018585e-01	2.761143e-01	2.427280e-01	6.745422e-02	9.435653e-01	8.236417e-01	7.671100e+00	
12  26.2235	5.277410e+00	1.163949e+00	-1.760352e-01	1.446344e+00	7.244506e-01	4.138785e-01	3.018377e-01	2.354539e-01	5.977965e-02	7.302890e-01	8.236417e-01	7.671100e+00	
11  24.6799	5.277410e+00	9.003296e-01	-8.270265e-01	1.303598e+00	1.078380e+00	4.213562e-01	3.086412e-01	1.673388e-01	7.189060e-02	8.630347e-01	8.236417e-01	7.671100e+00	
17  24.377	5.277410e+00	6.361248e-01	-4.806319e-01	1.443809e+00	1.029632e+00	4.008789e-01	3.196678e-01	1.706304e-01	4.064553e-02	7.887115e-01	8.236417e-01	7.671100e+00	
78  22.4804	5.277410e+00	7.666743e-01	-2.002011e+00	1.373189e+00	8.829834e-01	3.672608e-01	3.062550e-01	1.909478e-01	5.942542e-02	8.831473e-01	8.236417e-01	7.671100e+00	
70  20.9634	4.795788e+00	7.666743e-01	-2.002011e+00	1.373189e+00	8.829834e-01	3.672608e-01	3.062550e-01	1.909478e-01	5.942542e-02	8.831473e-01	8.221618e-01	7.671100e+00	
140  20.6799	5.122213e+00	7.666743e-01	-2.002011e+00	1.373189e+00	8.829834e-01	3.672608e-01	3.062550e-01	1.909478e-01	5.942542e-02	8.831473e-01	8.218299e-01	7.671100e+00	
321  21.134	3.194382e+00	7.666743e-01	-2.002011e+00	1.373189e+00	8.829834e-01	3.672608e-01	3.062550e-01	1.909478e-01	5.942542e-02	8.831473e-01	8.244063e-01	7.671100e+00	
57  22.2634	3.194382e+00	9.431525e-01	-2.602104e+00	1.419601e+00	2.167692e+00	3.910855e-01	2.743737e-01	1.949923e-01	4.741979e-02	9.490329e-01	8.244063e-01	7.671100e+00	
3  23.1938	3.194382e+00	7.245123e-01	-8.096075e-01	1.338646e+00	2.808088e+00	3.912823e-01	2.945749e-01	2.358753e-01	1.011522e-01	8.271202e-01	8.244063e-01	7.671100e+00	
19  23.161	3.194382e+00	8.814699e-01	-9.115616e-01	1.396233e+00	2.238482e+00	3.562276e-01	3.170409e-01	2.335863e-01	8.102964e-02	7.968336e-01	8.244063e-01	7.671100e+00	
17  23.9053	3.967415e+00	8.814699e-01	-9.115616e-01	1.396233e+00	2.238482e+00	3.562276e-01	3.170409e-01	2.335863e-01	8.102964e-02	7.968336e-01	8.227698e-01	7.671100e+00	
13  24.4533	3.967415e+00	6.882038e-01	-1.536573e+00	1.447009e+00	3.776462e+00	3.440131e-01	3.049055e-01	2.002106e-01	4.082013e-02	9.127153e-01	8.227698e-01	7.671100e+00	
20  24.6308	4.442611e+00	6.882038e-01	-1.536573e+00	1.447009e+00	3.776462e+00	3.440131e-01	3.049055e-01	2.002106e-01	4.082013e-02	9.127153e-01	8.227305e-01	7.671100e+00	
29  24.2884	3.966686e+00	6.882038e-01	-1.536573e+00	1.447009e+00	3.776462e+00	3.440131e-01	3.049055e-01	2.002106e-01	4.082013e-02	9.127153e-01	8.238343e-01	7.671100e+00	
25  24.822	3.966686e+00	1.403554e+00	-2.131422e+00	1.388801e+00	4.426110e+00	3.564025e-01	3.252999e-01	2.306806e-01	3.966466e-02	9.133186e-01	8.238343e-01	7.671100e+00	
116  24.3809	3.966686e+00	1.127486e+00	-2.604869e+00	1.415589e+00	4.919278e+00	3.818714e-01	3.061092e-01	2.241275e-01	4.839617e-02	5.587588e-01	8.238343e-01	7.671100e+00	
5  24.8094	5.303238e+00	1.127486e+00	-2.604869e+00	1.415589e+00	4.919278e+00	3.818714e-01	3.061092e-01	2.241275e-01	4.839617e-02	5.587588e-01	8.249285e-01	7.671100e+00	
20  23.8329	5.303238e+00	9.380733e-01	-3.534368e+00	1.462803e+00	4.446178e+00	4.010065e-01	3.076421e-01	2.034972e-01	1.092544e-01	8.126567e-01	8.249285e-01	7.671100e+00	
65  19.6603	5.303238e+00	8.718582e-01	-4.309470e+00	1.368993e+00	4.333459e+00	3.877156e-01	2.774888e-01	2.396692e-01	9.965665e-02	9.767877e-01	8.249285e-01	7.671100e+00	
30  19.6676	5.499514e+00	8.718582e-01	-4.309470e+00	1.368993e+00	4.333459e+00	3.877156e-01	2.774888e-01	2.396692e-01	9.965665e-02	9.767877e-01	8.199492e-01	7.671100e+00	
39  19.599	4.528786e+00	8.718582e-01	-4.309470e+00	1.368993e+00	4.333459e+00	3.877156e-01	2.774888e-01	2.396692e-01	9.965665e-02	9.767877e-01	8.271684e-01	7.671100e+00	
7  22.7627	4.528786e+00	7.886135e-01	-4.421788e+00	1.341224e+00	4.687177e+00	4.349189e-01	3.182083e-01	2.304001e-01	1.138069e-01	9.425341e-01	8.271684e-01	7.671100e+00	
4  23.4344	4.528786e+00	1.100892e+00	-4.121664e+00	1.435991e+00	3.207781e+00	4.279718e-01	2.663024e-01	2.020088e-01	9.800027e-02	9.516083e-01	8.271684e-01	7.671100e+00	
33  23.4705	4.545942e+00	1.100892e+00	-4.121664e+00	1.435991e+00	3.207781e+00	4.279718e-01	2.663024e-01	2.020088e-01	9.800027e-02	9.516083e-01	8.217186e-01	7.671100e+00	
126  20.4212	4.545942e+00	8.959464e-01	-2.168757e+00	1.503639e+00	1.870254e+00	3.695214e-01	3.119357e-01	2.011344e-01	1.045930e-01	6.019811e-01	8.217186e-01	7.671100e+00	
1  21.8204	4.545942e+00	8.352586e-01	-2.012284e+00	1.525858e+00	1.106737e+00	3.652477e-01	2.962114e-01	2.239151e-01	9.582511e-02	4.378740e-01	8.217186e-01	7.671100e+00	
38  21.5503	3.617895e+00	8.352586e-01	-2.012284e+00	1.525858e+00	1.106737e+00	3.652477e-01	2.962114e-01	2.239151e-01	9.582511e-02	4.378740e-01	8.230270e-01	7.671100e+00	
72  22.7871	3.617895e+00	1.331675e+00	-2.024530e+00	1.610677e+00	1.234446e+00	3.730186e-01	3.065480e-01	2.224709e-01	4.712451e-02	8.041723e-01	8.230270e-01	7.671100e+00	
101  22.8231	3.791672e+00	1.331675e+00	-2.024530e+00	1.610677e+00	1.234446e+00	3.730186e-01	3.065480e-01	2.224709e-01	4.712451e-02	8.041723e-01	8.221846e-01	7.671100e+00	
1  23.1294	3.791672e+00	1.265664e+00	-8.741278e-01	1.663992e+00	2.169463e-01	4.247339e-01	3.607847e-01	2.662652e-01	5.897028e-02	7.217416e-01	8.221846e-01	7.671100e+00	
16  24.2985	3.791672e+00	9.863753e-01	7.926703e-02	1.652626e+00	3.347260e-01	3.755171e-01	3.370468e-01	2.003598e-01	9.291251e-02	8.945942e-01	8.221846e-01	7.671100e+00	
16  23.341	3.791672e+00	1.134354e+00	1.069886e+00	1.617263e+00	3.261370e-01	3.639865e-01	3.734163e-01	2.263816e-01	1.016744e-01	8.541290e-01	8.221846e-01	7.671100e+00	
54  23.6924	3.791672e+00	1.074048e+00	8.474678e-01	1.671774e+00	1.201543e+00	3.558900e-01	3.796748e-01	2.646317e-01	1.281723e-01	7.518291e-01	8.221846e-01	7.671100e+00	
19  25.0343	3.791672e+00	1.377688e+00	1.330592e-01	1.674257e+00	7.693820e-01	3.588568e-01	3.784378e-01	2.656783e-01	8.632355e-02	5.530175e-01	8.221846e-01	7.671100e+00	
22  21.2676	3.791672e+00	7.705501e-01	-1.203950e+00	1.573566e+00	2.179778e+00	3.455669e-01	2.950816e-01	2.410145e-01	4.613002e-02	9.596044e-01	8.221846e-01	7.671100e+00	
21  22.358	3.791672e+00	6.730041e-01	-2.086365e+00	1.690466e+00	2.345167e+00	3.927282e-01	3.343115e-01	2.712340e-01	9.300949e-02	7.698652e-01	8.221846e-01	7.671100e+00	
40  23.2706	4.513234e+00	6.730041e-01	-2.086365e+00	1.690466e+00	2.345167e+00	3.927282e-01	3.343115e-01	2.712340e-01	9.300949e-02	7.698652e-01	8.284360e-01	7.671100e+00	
10  22.4067	5.965111e+00	6.730041e-01	-2.086365e+00	1.690466e+00	2.345167e+00	3.927282e-01	3.343115e-01	2.712340e-01	9.300949e-02	7.698652e-01	8.215227e-01	7.671100e+00	
3  22.3715	4.241857e+00	6.730041e-01	-2.086365e+00	1.690466e+00	2.345167e+00	3.927282e-01	3.343115e-01	2.712340e-01	9.300949e-02	7.698652e-01	8.228887e-01	7.671100e+00	
2  23.454	4.241857e+00	6.286535e-01	-3.946255e+00	1.624964e+00	2.509697e+00	3.502265e-01	3.683227e-01	3.071871e-01	9.428246e-02	6.436991e-01	8.228887e-01	7.671100e+00	
65  20.0337	4.241857e+00	9.357571e-01	-4.492063e+00	1.526764e+00	2.589073e+00	4.032587e-01	3.207682e-01	2.584956e-01	7.995983e-02	7.272948e-01	8.228887e-01	7.671100e+00	
98  20.3823	4.407852e+00	9.357571e-01	-4.492063e+00	1.526764e+00	2.589073e+00	4.032587e-01	3.207682e-01	2.584956e-01	7.995983e-02	7.272948e-01	8.241799e-01	7.671100e+00	
45  21.5963	4.407852e+00	9.689673e-01	-4.058312e+00	1.485330e+00	2.425456e+00	3.948595e-01	3.760067e-01	2.657747e-01	7.010689e-02	4.259254e-01	8.241799e-01	7.671100e+00	
29  21.8613	4.407852e+00	9.928033e-01	-3.519941e+00	1.485339e+00	3.186502e+00	4.023264e-01	3.681465e-01	2.937270e-01	6.547419e-02	4.078808e-01	8.241799e-01	7.671100e+00	
92  22.1956	4.407852e+00	1.333267e+00	-2.893853e+00	1.427831e+00	4.559817e+00	4.452030e-01	3.595535e-01	2.447563e-01	5.217569e-02	7.632240e-01	8.241799e-01	7.671100e+00	
26  21.3692	4.407852e+00	1.307874e+00	-3.536734e+00	1.368832e+00	4.694610e+00	3.972710e-01	3.491510e-01	2.736992e-01	6.339789e-02	7.910253e-01	8.241799e-01	7.671100e+00	
35  20.953	3.714880e+00	1.307874e+00	-3.536734e+00	1.368832e+00	4.694610e+00	3.972710e-01	3.491510e-01	2.736992e-01	6.339789e-02	7.910253e-01	8.246585e-01	7.671100e+00	
26  21.0266	3.714880e+00	1.469642e+00	-3.803330e+00	1.382571e+00	4.255018e+00	3.924206e-01	3.437018e-01	2.543652e-01	7.001614e-02	9.866025e-01	8.246585e-01	7.671100e+00	
15  22.2849	3.714880e+00	1.575478e+00	-4.721202e+00	1.332752e+00	4.158843e+00	4.649688e-01	3.809910e-01	2.767721e-01	1.194133e-01	6.009009e-01	8.246585e-01	7.671100e+00	
84  20.373	3.714880e+00	1.767759e+00	-4.959420e+00	1.238334e+00	4.366272e+00	5.167817e-01	4.040954e-01	2.519016e-01	1.230555e-01	9.016470e-01	8.246585e-01	7.671100e+00	
30  20.5525	3.856798e+00	1.767759e+00	-4.959420e+00	1.238334e+00	4.366272e+00	5.167817e-01	4.040954e-01	2.519016e-01	1.230555e-01	9.016470e-01	8.234846e-01	7.671100e+00	
8  23.603	2.174695e+00	1.767759e+00	-4.959420e+00	1.238334e+00	4.366272e+00	5.167817e-01	4.040954e-01	2.519016e-01	1.230555e-01	9.016470e-01	8.253066e-01	7.671100e+00	
12  23.4135	2.174695e+00	1.830859e+00	-4.295595e+00	1.228342e+00	4.554561e+00	5.125759e-01	3.940991e-01	2.734400e-01	8.599101e-02	9.159542e-01	8.253066e-01	7.671100e+00	
25  20.5205	3.107447e+00	1.830859e+00	-4.295595e+00	1.228342e+00	4.554561e+00	5.125759e-01	3.940991e-01	2.734400e-01	8.599101e-02	9.159542e-01	8.251377e-01	7.671100e+00	
15  20.5953	3.107447e+00	1.752184e+00	-4.025776e+00	1.278569e+00	4.657388e+00	5.029309e-01	3.614877e-01	2.777939e-01	1.029823e-01	9.834985e-01	8.251377e-01	7.671100e+00	
60  21.0593	5.063364e+00	1.752184e+00	-4.025776e+00	1.278569e+00	4.657388e+00	5.029309e-01	3.614877e-01	2.777939e-01	1.029823e-01	9.834985e-01	8.224358e-01	7.671100e+00	
13  22.446	5.768703e+00	1.752184e+00	-4.025776e+00	1.278569e+00	4.657388e+00	5.029309e-01	3.614877e-01	2.777939e-01	1.029823e-01	9.834985e-01	8.244091e-01	7.671100e+00	
17  22.8268	5.768703e+00	1.639693e+00	-3.734004e+00	1.342943e+00	4.793932e+00	4.853730e-01	3.625664e-01	2.420675e-01	1.105951e-01	9.477336e-01	8.244091e-01	7.671100e+00	
3  21.0975	5.804002e+00	1.639693e+00	-3.734004e+00	1.342943e+00	4.793932e+00	4.853730e-01	3.625664e-01	2.420675e-01	1.105951e-01	9.477336e-01	8.266600e-01	7.671100e+00	
47  20.8589	5.804002e+00	1.250500e+00	-4.114283e+00	1.298883e+00	4.596546e+00	4.304248e-01	3.485228e-01	2.260010e-01	1.045392e-01	6.586704e-01	8.266600e-01	7.671100e+00	
19  20.838	3.797571e+00	1.250500e+00	-4.114283e+00	1.298883e+00	4.596546e+00	4.304248e-01	3.485228e-01	2.260010e-01	1.045392e-01	6.586704e-01	8.242002e-01	7.671100e+00	
10  22.105	3.797571e+00	1.192955e+00	-3.089867e+00	1.282209e+00	3.907437e+00	4.445500e-01	3.418481e-01	2.164585e-01	1.663205e-01	8.447629e-01	8.242002e-01	7.671100e+00	
35  24.7526	3.797571e+00	1.536093e+00	-2.245138e+00	1.336030e+00	4.514643e+00	4.519167e-01	3.527885e-01	2.014501e-01	1.671965e-01	8.331588e-01	8.242002e-01	7.671100e+00	
21  23.0072	3.797571e+00	1.683025e+00	-2.708255e+00	1.382629e+00	3.827209e+00	4.150207e-01	3.558989e-01	2.368142e-01	1.597127e-01	9.272303e-01	8.242002e-01	7.671100e+00	
20  28.4922	3.797571e+00	1.678250e+00	-3.508364e+00	1.320695e+00	2.376228e+00	4.649180e-01	3.772706e-01	2.209614e-01	1.284054e-01	5.291984e-01	8.242002e-01	7.671100e+00	
5  26.4255	3.797571e+00	1.427735e+00	-2.885988e+00	1.174637e+00	2.554180e+00	4.185871e-01	3.316384e-01	2.333066e-01	2.431182e-02	7.845655e-01	8.242002e-01	7.671100e+00	
2  25.85	4.255295e+00	1.427735e+00	-2.885988e+00	1.174637e+00	2.554180e+00	4.185871e-01	3.316384e-01	2.333066e-01	2.431182e-02	7.845655e-01	8.224380e-01	7.671100e+00	
8  24.8713	4.255295e+00	1.340999e+00	-2.237312e+00	1.178053e+00	2.544339e+00	4.302273e-01	3.594241e-01	1.517959e-01	6.065522e-02	8.426532e-01	8.224380e-01	7.671100e+00	
17  24.5251	4.528402e+00	1.340999e+00	-2.237312e+00	1.178053e+00	2.544339e+00	4.302273e-01	3.594241e-01	1.517959e-01	6.065522e-02	8.426532e-01	8.234817e-01	7.671100e+00	
233  22.3904	4.528402e+00	1.309884e+00	-2.035815e+00	1.172208e+00	3.031704e+00	4.206996e-01	3.579553e-01	1.788780e-01	4.147833e-02	9.326280e-01	8.234817e-01	7.671100e+00	
20  21.5088	3.137781e+00	1.309884e+00	-2.035815e+00	1.172208e+00	3.031704e+00	4.206996e-01	3.579553e-01	1.788780e-01	4.147833e-02	9.326280e-01	8.255713e-01	7.671100e+00	
107  21.4814	5.427579e+00	1.309884e+00	-2.035815e+00	1.172208e+00	3.031704e+00	4.206996e-01	3.579553e-01	1.788780e-01	4.147833e-02	9.326280e-01	8.262709e-01	7.671100e+00	
16  22.5588	5.427579e+00	1.346775e+00	-1.659323e+00	1.068656e+00	3.309937e+00	4.661600e-01	3.822404e-01	2.105975e-01	4.017010e-02	8.422843e-01	8.262709e-01	7.671100e+00	
95  22.1594	5.427579e+00	1.117495e+00	-3.689128e+00	1.115550e+00	3.160447e+00	4.528292e-01	4.065166e-01	1.770933e-01	3.859588e-02	7.332542e-01	8.262709e-01	7.671100e+00	
72  22.1128	5.427579e+00	1.128359e+00	-2.571075e+00	1.139304e+00	3.182869e+00	4.569271e-01	3.887541e-01	1.733240e-01	4.373664e-02	7.006170e-01	8.262709e-01	7.671100e+00	
220  22.0896	3.568361e+00	1.128359e+00	-2.571075e+00	1.139304e+00	3.182869e+00	4.569271e-01	3.887541e-01	1.733240e-01	4.373664e-02	7.006170e-01	8.230031e-01	7.671100e+00	
14  22.6688	2.625090e+00	1.128359e+00	-2.571075e+00	1.139304e+00	3.182869e+00	4.569271e-01	3.887541e-01	1.733240e-01	4.373664e-02	7.006170e-01	8.263011e-01	7.671100e+00	
26  22.0654	2.625090e+00	1.240229e+00	-2.164289e+00	1.000241e+00	2.427734e+00	4.318258e-01	4.107303e-01	2.292631e-01	7.078582e-02	5.614485e-01	8.263011e-01	7.671100e+00	
90  21.9474	4.634331e+00	1.240229e+00	-2.164289e+00	1.000241e+00	2.427734e+00	4.318258e-01	4.107303e-01	2.292631e-01	7.078582e-02	5.614485e-01	8.239933e-01	7.671100e+00	
30  21.9731	5.954090e+00	1.240229e+00	-2.164289e+00	1.000241e+00	2.427734e+00	4.318258e-01	4.107303e-01	2.292631e-01	7.078582e-02	5.614485e-01	8.266473e-01	7.671100e+00	
80  22.1021	4.792101e+00	1.240229e+00	-2.164289e+00	1.000241e+00	2.427734e+00	4.318258e-01	4.107303e-01	2.292631e-01	7.078582e-02	5.614485e-01	8.257166e-01	7.671100e+00	
166  21.9309	5.363637e+00	1.240229e+00	-2.164289e+00	1.000241e+00	2.427734e+00	4.318258e-01	4.107303e-01	2.292631e-01	7.078582e-02	5.614485e-01	8.201226e-01	7.671100e+00	
14  21.7817	5.363637e+00	1.486768e+00	-2.585810e+00	1.110116e+00	2.309261e+00	4.525623e-01	3.697566e-01	2.159674e-01	8.006668e-02	9.048731e-01	8.201226e-01	7.671100e+00	
100  21.65	2.999677e+00	1.486768e+00	-2.585810e+00	1.110116e+00	2.309261e+00	4.525623e-01	3.697566e-01	2.159674e-01	8.006668e-02	9.048731e-01	8.236046e-01	7.671100e+00	
259  23.0533	3.591429e+00	1.486768e+00	-2.585810e+00	1.110116e+00	2.309261e+00	4.525623e-01	3.697566e-01	2.159674e-01	8.006668e-02	9.048731e-01	8.239049e-01	7.671100e+00	
1  25.747	3.591429e+00	1.560419e+00	-2.635566e+00	1.059931e+00	2.872154e+00	3.844342e-01	3.613327e-01	2.267489e-01	6.639196e-02	8.002712e-01	8.239049e-01	7.671100e+00	
41  24.6731	3.543624e+00	1.560419e+00	-2.635566e+00	1.059931e+00	2.872154e+00	3.844342e-01	3.613327e-01	2.267489e-01	6.639196e-02	8.002712e-01	8.258753e-01	7.671100e+00	
8  20.9141	3.543624e+00	1.042198e+00	-4.456009e+00	1.106554e+00	2.695711e+00	3.999247e-01	3.375811e-01	1.809653e-01	7.380254e-02	3.601753e-01	8.258753e-01	7.671100e+00	
77  21.3853	3.543624e+00	1.147252e+00	-4.539148e+00	1.095188e+00	3.756813e+00	4.065631e-01	3.401625e-01	1.533146e-01	6.092835e-02	9.263200e-01	8.258753e-01	7.671100e+00	
12  21.5075	3.543624e+00	1.219010e+00	-3.986667e+00	1.202102e+00	3.804297e+00	4.022665e-01	3.601768e-01	1.731527e-01	7.063125e-02	5.463105e-01	8.258753e-01	7.671100e+00	
2  22.015	3.543624e+00	1.326562e+00	-4.877100e+00	1.293682e+00	2.982886e+00	3.837386e-01	3.319940e-01	1.818354e-01	7.683161e-02	7.642374e-01	8.258753e-01	7.671100e+00	
10  23.3663	3.405756e+00	1.326562e+00	-4.877100e+00	1.293682e+00	2.982886e+00	3.837386e-01	3.319940e-01	1.818354e-01	7.683161e-02	7.642374e-01	8.239579e-01	7.671100e+00	
49  21.8388	5.273291e+00	1.326562e+00	-4.877100e+00	1.293682e+00	2.982886e+00	3.837386e-01	3.319940e-01	1.818354e-01	7.683161e-02	7.642374e-01	8.296722e-01	7.671100e+00	
1  21.2219	5.273291e+00	1.081567e+00	-4.464150e+00	1.282392e+00	2.690268e+00	4.097968e-01	2.829357e-01	1.800920e-01	6.269426e-02	9.612685e-01	8.296722e-01	7.671100e+00	
21  20.861	3.365419e+00	1.081567e+00	-4.464150e+00	1.282392e+00	2.690268e+00	4.097968e-01	2.829357e-01	1.800920e-01	6.269426e-02	9.612685e-01	8.228458e-01	7.671100e+00	
69  20.6982	3.365419e+00	1.040002e+00	-3.620245e+00	1.280487e+00	2.610177e+00	3.933454e-01	2.982991e-01	1.791234e-01	5.488768e-02	8.496871e-01	8.228458e-01	7.671100e+00	
48  20.6486	4.286017e+00	1.040002e+00	-3.620245e+00	1.280487e+00	2.610177e+00	3.933454e-01	2.982991e-01	1.791234e-01	5.488768e-02	8.496871e-01	8.238995e-01	7.671100e+00	
36  22.496	4.286017e+00	9.406088e-01	-4.454050e+00	1.152486e+00	3.052871e+00	3.971448e-01	3.292347e-01	1.738230e-01	9.172631e-02	9.981809e-01	8.238995e-01	7.671100e+00	
12  24.0485	4.286017e+00	1.175859e+00	-2.986830e+00	1.216324e+00	3.570690e+00	4.127560e-01	3.330832e-01	2.191697e-01	9.130380e-02	9.303114e-01	8.238995e-01	7.671100e+00	
34  24.2198	4.286017e+00	1.760554e+00	-3.731480e+00	1.115415e+00	3.592519e+00	3.981418e-01	3.534519e-01	1.921685e-01	5.648967e-02	9.422023e-01	8.238995e-01	7.671100e+00	
3  23.6882	5.140294e+00	1.760554e+00	-3.731480e+00	1.115415e+00	3.592519e+00	3.981418e-01	3.534519e-01	1.921685e-01	5.648967e-02	9.422023e-01	8.192295e-01	7.671100e+00	
18  22.1919	5.140294e+00	1.432638e+00	-2.250340e+00	1.153351e+00	4.333389e+00	3.967022e-01	3.612559e-01	2.415206e-01	7.866117e-02	8.135634e-01	8.192295e-01	7.671100e+00	
10  24.1189	5.140294e+00	1.740458e+00	-1.726935e+00	1.159973e+00	4.316201e+00	4.214287e-01	3.425738e-01	2.735298e-01	1.272360e-01	8.941685e-01	8.192295e-01	7.671100e+00	
5  25.0841	5.140294e+00	1.979707e+00	-1.404340e+00	1.172514e+00	3.425767e+00	4.628056e-01	3.974707e-01	2.887816e-01	1.005174e-01	7.301394e-01	8.192295e-01	7.671100e+00	
43  25.0916	5.140294e+00	1.882609e+00	-1.704800e-01	1.298919e+00	3.496039e+00	4.571979e-01	3.570420e-01	2.913724e-01	5.789779e-02	8.221649e-01	8.192295e-01	7.671100e+00	
4  25.6589	5.140294e+00	1.428146e+00	-5.920976e-01	1.300883e+00	4.593586e+00	4.877995e-01	3.853574e-01	3.050640e-01	9.220762e-02	5.342490e-01	8.192295e-01	7.671100e+00	
4  22.8361	5.140294e+00	1.683939e+00	-1.483075e+00	1.349862e+00	3.722465e+00	4.574921e-01	4.048266e-01	2.526265e-01	7.979612e-02	7.365438e-01	8.192295e-01	7.671100e+00	
81  23.3976	5.140294e+00	1.952846e+00	-2.164420e+00	1.342235e+00	2.782453e+00	4.445697e-01	3.730751e-01	2.747159e-01	9.882182e-02	9.176096e-01	8.192295e-01	7.671100e+00	
3  24.0217	5.140294e+00	1.985373e+00	-1.995590e+00	1.410102e+00	2.359333e+00	4.834824e-01	3.789343e-01	2.700087e-01	1.187451e-01	9.919925e-01	8.192295e-01	7.671100e+00	
66  23.7148	5.140294e+00	1.534467e+00	-1.865729e+00	1.361005e+00	2.588430e+00	4.758879e-01	3.395971e-01	2.699514e-01	1.066224e-01	7.167725e-01	8.192295e-01	7.671100e+00	
53  21.5365	5.140294e+00	1.384315e+00	-1.565457e+00	1.287573e+00	1.300695e+00	4.252158e-01	3.576460e-01	2.477362e-01	7.815916e-02	7.924153e-01	8.192295e-01	7.671100e+00	
60  21.2168	3.479351e+00	1.384315e+00	-1.565457e+00	1.287573e+00	1.300695e+00	4.252158e-01	3.576460e-01	2.477362e-01	7.815916e-02	7.924153e-01	8.247430e-01	7.671100e+00	
90  21.2213	5.128494e+00	1.384315e+00	-1.565457e+00	1.287573e+00	1.300695e+00	4.252158e-01	3.576460e-01	2.477362e-01	7.815916e-02	7.924153e-01	8.208220e-01	7.671100e+00	
150  20.9734	4.563388e+00	1.384315e+00	-1.565457e+00	1.287573e+00	1.300695e+00	4.252158e-01	3.576460e-01	2.477362e-01	7.815916e-02	7.924153e-01	8.271597e-01	7.671100e+00	
89  21.0846	5.926502e+00	1.384315e+00	-1.565457e+00	1.287573e+00	1.300695e+00	4.252158e-01	3.576460e-01	2.477362e-01	7.815916e-02	7.924153e-01	8.338419e-01	7.671100e+00	
1  22.019	5.926502e+00	1.642791e+00	-2.812635e+00	1.446881e+00	4.339990e-01	4.143476e-01	3.623843e-01	2.603988e-01	7.400998e-02	6.724152e-01	8.338419e-01	7.671100e+00	
4  22.0515	4.045128e+00	1.642791e+00	-2.812635e+00	1.446881e+00	4.339990e-01	4.143476e-01	3.623843e-01	2.603988e-01	7.400998e-02	6.724152e-01	8.210059e-01	7.671100e+00	
136  21.837	4.045128e+00	1.190249e+00	-4.463495e+00	1.481160e+00	1.399066e+00	3.814019e-01	3.888030e-01	2.137355e-01	8.692692e-02	6.790584e-01	8.210059e-01	7.671100e+00	
17  21.8173	3.610860e+00	1.190249e+00	-4.463495e+00	1.481160e+00	1.399066e+00	3.814019e-01	3.888030e-01	2.137355e-01	8.692692e-02	6.790584e-01	8.224869e-01	7.671100e+00	
26  21.6414	3.610860e+00	1.251523e+00	-4.389326e+00	1.570087e+00	1.224040e+00	4.084590e-01	3.922574e-01	2.113496e-01	9.534269e-02	5.045590e-01	8.224869e-01	7.671100e+00	
53  20.2646	3.610860e+00	1.227547e+00	-3.903448e+00	1.592557e+00	-4.976777e-01	3.937901e-01	3.718017e-01	1.943944e-01	6.913270e-02	6.754789e-01	8.224869e-01	7.671100e+00	
2  21.7538	3.610860e+00	1.209638e+00	-4.621672e+00	1.618865e+00	-9.936854e-01	4.094341e-01	3.214964e-01	1.662678e-01	8.424884e-02	5.359412e-01	8.224869e-01	7.671100e+00	
44  23.8886	3.610860e+00	1.407229e+00	-3.965919e+00	1.504117e+00	-1.010555e+00	4.444519e-01	3.291722e-01	1.865580e-01	2.618308e-02	6.239177e-01	8.224869e-01	7.671100e+00	
38  22.9332	3.610860e+00	1.575897e+00	-3.502692e+00	1.369500e+00	-1.227668e+00	4.560881e-01	3.693149e-01	1.920649e-01	3.398098e-02	9.401727e-01	8.224869e-01	7.671100e+00	
10  24.1553	3.381411e+00	1.575897e+00	-3.502692e+00	1.369500e+00	-1.227668e+00	4.560881e-01	3.693149e-01	1.920649e-01	3.398098e-02	9.401727e-01	8.228974e-01	7.671100e+00	
3  22.6472	2.833275e+00	1.575897e+00	-3.502692e+00	1.369500e+00	-1.227668e+00	4.560881e-01	3.693149e-01	1.920649e-01	3.398098e-02	9.401727e-01	8.241731e-01	7.671100e+00	
13  24.1304	2.833275e+00	1.256601e+00	-4.288561e+00	1.385785e+00	-1.424911e+00	4.089914e-01	3.752975e-01	1.670987e-01	7.658725e-02	9.484814e-01	8.241731e-01	7.671100e+00	
4  25.3787	2.833275e+00	6.678742e-01	-3.940440e+00	1.348232e+00	-6.065926e-01	3.833623e-01	3.170327e-01	1.604928e-01	7.973999e-02	7.085104e-01	8.241731e-01	7.671100e+00	
43  23.8253	3.851218e+00	6.678742e-01	-3.940440e+00	1.348232e+00	-6.065926e-01	3.833623e-01	3.170327e-01	1.604928e-01	7.973999e-02	7.085104e-01	8.256767e-01	7.671100e+00	
37  26.1469	3.851218e+00	9.683805e-01	-4.074068e+00	1.367265e+00	-1.433032e+00	3.658765e-01	3.263227e-01	1.631775e-01	5.813305e-02	4.908358e-01	8.256767e-01	7.671100e+00	
20  25.7631	5.173211e+00	9.683805e-01	-4.074068e+00	1.367265e+00	-1.433032e+00	3.658765e-01	3.263227e-01	1.631775e-01	5.813305e-02	4.908358e-01	8.163943e-01	7.671100e+00	
10  25.0702	5.499949e+00	9.683805e-01	-4.074068e+00	1.367265e+00	-1.433032e+00	3.658765e-01	3.263227e-01	1.631775e-01	5.813305e-02	4.908358e-01	8.256403e-01	7.671100e+00	
30  25.9111	4.179062e+00	9.683805e-01	-4.074068e+00	1.367265e+00	-1.433032e+00	3.658765e-01	3.263227e-01	1.631775e-01	5.813305e-02	4.908358e-01	8.215372e-01	7.671100e+00	
35  24.9286	5.653525e+00	9.683805e-01	-4.074068e+00	1.367265e+00	-1.433032e+00	3.658765e-01	3.263227e-01	1.631775e-01	5.813305e-02	4.908358e-01	8.250623e-01	7.671100e+00	
57  22.9982	5.653525e+00	1.078096e+00	-3.521432e+00	1.527318e+00	-1.739682e+00	3.848602e-01	3.117526e-01	1.689841e-01	2.426197e-02	6.035680e-01	8.250623e-01	7.671100e+00	
18  21.4265	5.653525e+00	8.097206e-01	-3.584325e+00	1.425072e+00	-1.092040e+00	3.755470e-01	3.148239e-01	2.302633e-01	1.109535e-01	4.104858e-01	8.250623e-01	7.671100e+00	
10  21.4434	3.286527e+00	8.097206e-01	-3.584325e+00	1.425072e+00	-1.092040e+00	3.755470e-01	3.148239e-01	2.302633e-01	1.109535e-01	4.104858e-01	8.235787e-01	7.671100e+00	
20  22.0007	3.896828e+00	8.097206e-01	-3.584325e+00	1.425072e+00	-1.092040e+00	3.755470e-01	3.148239e-01	2.302633e-01	1.109535e-01	4.104858e-01	8.271601e-01	7.671100e+00	
6  22.4836	2.731138e+00	8.097206e-01	-3.584325e+00	1.425072e+00	-1.092040e+00	3.755470e-01	3.148239e-01	2.302633e-01	1.109535e-01	4.104858e-01	8.258790e-01	7.671100e+00	
30  23.7175	2.731138e+00	8.748514e-01	-2.294700e+00	1.390783e+00	-2.008095e+00	3.641870e-01	3.140875e-01	2.251521e-01	1.067956e-01	2.574258e-01	8.258790e-01	7.671100e+00	
71  24.6699	2.731138e+00	3.654515e-01	-1.342845e+00	1.418615e+00	-1.800137e+00	3.472772e-01	3.360853e-01	2.375983e-01	1.414472e-01	8.384630e-01	8.258790e-01	7.671100e+00	
251  22.7899	2.731138e+00	3.037432e-01	-9.635655e-01	1.393649e+00	-1.413702e+00	3.710758e-01	3.263358e-01	1.841273e-01	1.106371e-01	9.410605e-01	8.258790e-01	7.671100e+00	
32  23.845	2.731138e+00	2.442237e-01	-2.438143e-01	1.446455e+00	-8.629434e-01	3.963731e-01	3.867025e-01	2.235216e-01	1.017889e-01	9.580322e-01	8.258790e-01	7.671100e+00	
20  24.0588	3.188201e+00	2.442237e-01	-2.438143e-01	1.446455e+00	-8.629434e-01	3.963731e-01	3.867025e-01	2.235216e-01	1.017889e-01	9.580322e-01	8.276649e-01	7.671100e+00	
28  23.4902	4.372746e+00	2.442237e-01	-2.438143e-01	1.446455e+00	-8.629434e-01	3.963731e-01	3.867025e-01	2.235216e-01	1.017889e-01	9.580322e-01	8.230151e-01	7.671100e+00	
192  22.679	4.372746e+00	3.155204e-01	-4.411832e-02	1.439280e+00	1.597059e-01	3.851627e-01	3.174724e-01	2.062636e-01	5.345805e-02	9.442540e-01	8.230151e-01	7.671100e+00	
40  23.6886	3.149497e+00	3.155204e-01	-4.411832e-02	1.439280e+00	1.597059e-01	3.851627e-01	3.174724e-01	2.062636e-01	5.345805e-02	9.442540e-01	8.237521e-01	7.671100e+00	
10  22.3234	4.646857e+00	3.155204e-01	-4.411832e-02	1.439280e+00	1.597059e-01	3.851627e-01	3.174724e-01	2.062636e-01	5.345805e-02	9.442540e-01	8.260050e-01	7.671100e+00	
50  22.6874	3.013481e+00	3.155204e-01	-4.411832e-02	1.439280e+00	1.597059e-01	3.851627e-01	3.174724e-01	2.062636e-01	5.345805e-02	9.442540e-01	8.266177e-01	7.671100e+00	
10  23.5138	4.204434e+00	3.155204e-01	-4.411832e-02	1.439280e+00	1.597059e-01	3.851627e-01	3.174724e-01	2.062636e-01	5.345805e-02	9.442540e-01	8.258602e-01	7.671100e+00	
10  22.8295	3.836029e+00	3.155204e-01	-4.411832e-02	1.439280e+00	1.597059e-01	3.851627e-01	3.174724e-01	2.062636e-01	5.345805e-02	9.442540e-01	8.203815e-01	7.671100e+00	
50  22.9418	3.196640e+00	3.155204e-01	-4.411832e-02	1.439280e+00	1.597059e-01	3.851627e-01	3.174724e-01	2.062636e-01	5.345805e-02	9.442540e-01	8.244938e-01	7.671100e+00	
8  22.4849	3.337172e+00	3.155204e-01	-4.411832e-02	1.439280e+00	1.597059e-01	3.851627e-01	3.174724e-01	2.062636e-01	5.345805e-02	9.442540e-01	8.245291e-01	7.671100e+00	
32  24.9825	3.337172e+00	6.203545e-01	-3.952497e-01	1.403846e+00	-1.467157e-01	3.937005e-01	3.406098e-01	2.621449e-01	4.511821e-02	7.221517e-01	8.245291e-01	7.671100e+00	
5  25.0045	4.194179e+00	6.203545e-01	-3.952497e-01	1.403846e+00	-1.467157e-01	3.937005e-01	3.406098e-01	2.621449e-01	4.511821e-02	7.221517e-01	8.235034e-01	7.671100e+00	
16  23.5923	4.194179e+00	5.947865e-01	-6.224539e-01	1.497010e+00	-1.386533e+00	3.834861e-01	3.801589e-01	2.388837e-01	3.657905e-02	7.132769e-01	8.235034e-01	7.671100e+00	
42  21.4309	4.194179e+00	7.549213e-01	-5.603212e-01	1.526905e+00	-1.746004e+00	3.821042e-01	3.325582e-01	2.064050e-01	5.688250e-02	6.279478e-01	8.235034e-01	7.671100e+00	
212  21.862	4.194179e+00	1.200622e+00	-6.723890e-01	1.594962e+00	-8.127632e-01	4.053685e-01	3.677975e-01	2.198424e-01	5.159871e-02	6.346148e-01	8.235034e-01	7.671100e+00	
41  22.4618	4.194179e+00	1.315836e+00	-5.195671e-01	1.498180e+00	-4.561958e-02	3.847148e-01	3.516661e-01	2.474429e-01	8.941886e-02	5.156235e-01	8.235034e-01	7.671100e+00	
14  23.5833	4.194179e+00	1.349306e+00	-8.439575e-01	1.510827e+00	-7.184217e-01	3.579349e-01	3.754631e-01	2.762459e-01	7.770770e-02	8.131983e-01	8.235034e-01	7.671100e+00	
31  23.6197	4.642509e+00	1.349306e+00	-8.439575e-01	1.510827e+00	-7.184217e-01	3.579349e-01	3.754631e-01	2.762459e-01	7.770770e-02	8.131983e-01	8.231178e-01	7.671100e+00	
131  22.2807	4.642509e+00	1.411149e+00	4.347117e-01	1.585464e+00	1.247349e+00	3.933018e-01	4.140828e-01	3.046245e-01	1.177550e-01	7.326852e-01	8.231178e-01	7.671100e+00	
5  22.1986	4.642509e+00	1.356934e+00	-4.310081e-01	1.456790e+00	1.591862e+00	3.703986e-01	3.741129e-01	2.921723e-01	6.225763e-02	8.195093e-01	8.231178e-01	7.671100e+00	
2  22.3582	4.642509e+00	1.090901e+00	-8.433901e-01	1.619617e+00	1.956844e+00	3.606940e-01	3.651966e-01	2.687308e-01	6.403524e-02	8.909949e-01	8.231178e-01	7.671100e+00	
181  22.0195	4.642509e+00	1.509402e+00	-9.791398e-01	1.695913e+00	1.445613e+00	3.981422e-01	3.700136e-01	2.743955e-01	6.711503e-02	5.519980e-01	8.231178e-01	7.671100e+00	
10  22.2696	4.941150e+00	1.509402e+00	-9.791398e-01	1.695913e+00	1.445613e+00	3.981422e-01	3.700136e-01	2.743955e-01	6.711503e-02	5.519980e-01	8.215820e-01	7.671100e+00	
10  22.7346	5.502623e+00	1.509402e+00	-9.791398e-01	1.695913e+00	1.445613e+00	3.981422e-01	3.700136e-01	2.743955e-01	6.711503e-02	5.519980e-01	8.268083e-01	7.671100e+00	
48  23.6603	5.321587e+00	1.509402e+00	-9.791398e-01	1.695913e+00	1.445613e+00	3.981422e-01	3.700136e-01	2.743955e-01	6.711503e-02	5.519980e-01	8.253970e-01	7.671100e+00	
32  24.8218	5.321587e+00	1.531761e+00	-1.044614e+00	1.634558e+00	4.952582e-01	4.346883e-01	3.500775e-01	2.329492e-01	3.556246e-02	9.191315e-01	8.253970e-01	7.671100e+00	
10  24.2336	5.652858e+00	1.531761e+00	-1.044614e+00	1.634558e+00	4.952582e-01	4.346883e-01	3.500775e-01	2.329492e-01	3.556246e-02	9.191315e-01	8.309538e-01	7.671100e+00	
20  24.2731	5.336619e+00	1.531761e+00	-1.044614e+00	1.634558e+00	4.952582e-01	4.346883e-01	3.500775e-01	2.329492e-01	3.556246e-02	9.191315e-01	8.272266e-01	7.671100e+00	
24  24.2444	5.585633e+00	1.531761e+00	-1.044614e+00	1.634558e+00	4.952582e-01	4.346883e-01	3.500775e-01	2.329492e-01	3.556246e-02	9.191315e-01	8.243970e-01	7.671100e+00	
26  21.8833	5.585633e+00	1.563181e+00	-2.111377e+00	1.618483e+00	2.138313e+00	4.184899e-01	3.569318e-01	2.559344e-01	2.598314e-02	9.047524e-01	8.243970e-01	7.671100e+00	
54  21.7429	4.233846e+00	1.563181e+00	-2.111377e+00	1.618483e+00	2.138313e+00	4.184899e-01	3.569318e-01	2.559344e-01	2.598314e-02	9.047524e-01	8.225289e-01	7.671100e+00	
17  22.5302	4.233846e+00	1.288653e+00	-9.231785e-01	1.611670e+00	1.596987e+00	3.785037e-01	3.563023e-01	2.143214e-01	6.565815e-02	7.019538e-01	8.225289e-01	7.671100e+00	
129  21.4553	4.233846e+00	4.503755e-01	-5.146977e-01	1.471157e+00	1.973016e+00	3.738432e-01	3.335910e-01	2.162899e-01	3.446961e-02	9.488526e-01	8.225289e-01	7.671100e+00	
60  21.1103	5.320335e+00	4.503755e-01	-5.146977e-01	1.471157e+00	1.973016e+00	3.738432e-01	3.335910e-01	2.162899e-01	3.446961e-02	9.488526e-01	8.208756e-01	7.671100e+00	
150  22.8906	5.176064e+00	4.503755e-01	-5.146977e-01	1.471157e+00	1.973016e+00	3.738432e-01	3.335910e-01	2.162899e-01	3.446961e-02	9.488526e-01	8.214405e-01	7.671100e+00	
106  23.6127	5.346683e+00	4.503755e-01	-5.146977e-01	1.471157e+00	1.973016e+00	3.738432e-01	3.335910e-01	2.162899e-01	3.446961e-02	9.488526e-01	8.267007e-01	7.671100e+00	
12  23.8273	5.346683e+00	6.063776e-01	-8.685434e-01	1.451879e+00	1.837791e+00	3.990754e-01	3.178670e-01	2.446248e-01	5.138493e-02	7.658646e-01	8.267007e-01	7.671100e+00	
12  25.3996	5.346683e+00	6.039153e-01	-4.852558e-01	1.553900e+00	1.097005e+00	3.830367e-01	3.125929e-01	2.598599e-01	1.099990e-01	6.742318e-01	8.267007e-01	7.671100e+00	
20  25.7902	3.018268e+00	6.039153e-01	-4.852558e-01	1.553900e+00	1.097005e+00	3.830367e-01	3.125929e-01	2.598599e-01	1.099990e-01	6.742318e-01	8.248359e-01	7.671100e+00	
20  25.5166	3.411888e+00	6.039153e-01	-4.852558e-01	1.553900e+00	1.097005e+00	3.830367e-01	3.125929e-01	2.598599e-01	1.099990e-01	6.742318e-01	8.218742e-01	7.671100e+00	
31  26.5103	3.936581e+00	6.039153e-01	-4.852558e-01	1.553900e+00	1.097005e+00	3.830367e-01	3.125929e-01	2.598599e-01	1.099990e-01	6.742318e-01	8.245187e-01	7.671100e+00	
4  29.6453	3.936581e+00	6.641674e-01	-2.118313e-01	1.503867e+00	7.407224e-02	4.073797e-01	3.238325e-01	2.404841e-01	1.122784e-01	4.563485e-01	8.245187e-01	7.671100e+00	
107  26.5578	3.936581e+00	7.269137e-01	5.150931e-01	1.588807e+00	-6.932465e-02	3.615716e-01	3.273199e-01	1.780771e-01	1.130504e-01	8.267775e-01	8.245187e-01	7.671100e+00	
71  28.1078	3.936581e+00	1.348608e+00	4.185978e-01	1.596835e+00	1.308244e+00	3.733580e-01	3.109596e-01	2.462493e-01	1.372158e-01	8.395893e-01	8.245187e-01	7.671100e+00	
28  26.17	3.936581e+00	1.162007e+00	-2.976466e-01	1.625293e+00	4.858876e-01	3.748324e-01	3.604843e-01	2.316623e-01	9.416626e-02	5.562818e-01	8.245187e-01	7.671100e+00	
12  27.2705	3.936581e+00	5.833041e-01	-1.228336e+00	1.520977e+00	1.038473e+00	3.616523e-01	3.855680e-01	1.899739e-01	1.345263e-01	8.073982e-01	8.245187e-01	7.671100e+00	
37  27.8065	3.936581e+00	7.181192e-01	-5.724942e-02	1.388594e+00	2.007216e+00	4.092167e-01	3.674263e-01	1.950353e-01	1.509079e-01	7.642439e-01	8.245187e-01	7.671100e+00	
59  29.4119	2.549972e+00	7.181192e-01	-5.724942e-02	1.388594e+00	2.007216e+00	4.092167e-01	3.674263e-01	1.950353e-01	1.509079e-01	7.642439e-01	8.247781e-01	7.671100e+00	
11  25.945	2.549972e+00	1.737026e-01	-1.270624e+00	1.501220e+00	2.563198e+00	4.061845e-01	3.480081e-01	2.380481e-01	1.545932e-01	9.332601e-01	8.247781e-01	7.671100e+00	
50  25.3753	2.784046e+00	1.737026e-01	-1.270624e+00	1.501220e+00	2.563198e+00	4.061845e-01	3.480081e-01	2.380481e-01	1.545932e-01	9.332601e-01	8.258795e-01	7.671100e+00	
29  25.2838	1.856059e+00	1.737026e-01	-1.270624e+00	1.501220e+00	2.563198e+00	4.061845e-01	3.480081e-01	2.380481e-01	1.545932e-01	9.332601e-01	8.272487e-01	7.671100e+00	
10  24.4031	1.856059e+00	3.289768e-01	-6.275537e-01	1.555547e+00	3.678271e+00	3.844993e-01	3.355500e-01	2.316296e-01	1.169771e-01	9.040232e-01	8.272487e-01	7.671100e+00	
36  28.8135	1.856059e+00	5.211350e-01	-2.531598e+00	1.631919e+00	3.313958e+00	4.227975e-01	3.221290e-01	2.726072e-01	1.051730e-01	6.192501e-01	8.272487e-01	7.671100e+00	
5  29.2613	1.856059e+00	7.781273e-01	-3.172329e+00	1.585441e+00	3.557118e+00	3.849912e-01	2.583338e-01	2.577467e-01	1.603947e-01	7.568092e-01	8.272487e-01	7.671100e+00	
16  29.2592	1.785876e+00	7.781273e-01	-3.172329e+00	1.585441e+00	3.557118e+00	3.849912e-01	2.583338e-01	2.577467e-01	1.603947e-01	7.568092e-01	8.262508e-01	7.671100e+00	
11  31.5691	1.785876e+00	8.864020e-01	-3.580672e+00	1.582856e+00	2.749969e+00	4.239481e-01	2.916450e-01	2.445561e-01	1.310324e-01	6.343542e-01	8.262508e-01	7.671100e+00	
3  26.319	1.785876e+00	9.639330e-01	-2.066867e+00	1.601216e+00	1.992085e+00	3.486557e-01	2.908299e-01	2.376735e-01	9.338899e-02	8.072851e-01	8.262508e-01	7.671100e+00	
3  24.9391	3.604380e+00	9.639330e-01	-2.066867e+00	1.601216e+00	1.992085e+00	3.486557e-01	2.908299e-01	2.376735e-01	9.338899e-02	8.072851e-01	8.273588e-01	7.671100e+00	
11  20.8356	3.604380e+00	1.133614e+00	-3.278470e+00	1.527916e+00	1.003679e+00	3.761855e-01	3.271326e-01	1.837540e-01	8.310416e-02	9.809787e-01	8.273588e-01	7.671100e+00	
29  21.3746	3.604380e+00	1.341106e+00	-3.999436e+00	1.490395e+00	1.139816e+00	3.995364e-01	3.317494e-01	1.754639e-01	7.807127e-02	7.672776e-01	8.273588e-01	7.671100e+00	
11  21.9342	3.604380e+00	1.119755e+00	-3.844207e+00	1.474738e+00	5.067708e-01	3.593016e-01	3.271197e-01	1.858643e-01	4.981901e-02	8.369557e-01	8.273588e-01	7.671100e+00	
39  22.2417	3.604380e+00	1.797577e+00	-3.633616e+00	1.501566e+00	-7.924652e-02	3.910526e-01	4.012815e-01	1.982949e-01	6.687333e-02	8.873901e-01	8.273588e-01	7.671100e+00	
249  21.9588	3.604380e+00	1.604029e+00	-2.685880e+00	1.496801e+00	4.168061e-02	4.261594e-01	4.169009e-01	1.876867e-01	9.187122e-02	9.868736e-01	8.273588e-01	7.671100e+00	
20  22.2309	3.604380e+00	1.398003e+00	-2.146809e+00	1.413605e+00	1.075568e+00	4.057723e-01	3.986618e-01	1.610833e-01	6.307037e-02	8.812162e-01	8.273588e-01	7.671100e+00	
32  21.9339	3.604380e+00	1.378793e+00	-2.266356e+00	1.454342e+00	1.733491e+00	4.531894e-01	3.978575e-01	2.214927e-01	7.997495e-02	7.915160e-01	8.273588e-01	7.671100e+00	
6  21.7419	3.604380e+00	1.763294e+00	-2.772868e+00	1.367213e+00	1.735016e+00	5.077995e-01	4.082598e-01	2.217036e-01	9.000235e-02	9.922363e-01	8.273588e-01	7.671100e+00	
144  22.5212	4.996974e+00	1.763294e+00	-2.772868e+00	1.367213e+00	1.735016e+00	5.077995e-01	4.082598e-01	2.217036e-01	9.000235e-02	9.922363e-01	8.264666e-01	7.671100e+00	
189  21.7864	4.996974e+00	1.350213e+00	-4.172042e+00	1.482994e+00	7.936140e-01	4.625228e-01	3.951187e-01	2.042146e-01	7.453487e-02	8.624427e-01	8.264666e-01	7.671100e+00	
32  23.1166	4.996974e+00	1.219998e+00	-4.702308e+00	1.584063e+00	2.576362e+00	4.728577e-01	3.676683e-01	2.894180e-01	6.022540e-02	6.806975e-01	8.264666e-01	7.671100e+00	
15  21.6478	4.996974e+00	1.258721e+00	-4.199180e+00	1.553155e+00	1.764375e+00	4.453351e-01	3.783964e-01	2.657889e-01	9.923610e-02	7.541072e-01	8.264666e-01	7.671100e+00	
17  20.8329	4.958580e+00	1.258721e+00	-4.199180e+00	1.553155e+00	1.764375e+00	4.453351e-01	3.783964e-01	2.657889e-01	9.923610e-02	7.541072e-01	8.259053e-01	7.671100e+00	
24  21.4133	4.958580e+00	1.391254e+00	-4.767523e+00	1.476353e+00	3.611955e+00	4.458444e-01	3.842464e-01	2.860408e-01	4.809811e-02	5.219263e-01	8.259053e-01	7.671100e+00	
18  23.6804	4.958580e+00	1.294399e+00	-3.931854e+00	1.549268e+00	3.831498e+00	4.412434e-01	3.733699e-01	2.863585e-01	1.365456e-01	3.182571e-01	8.259053e-01	7.671100e+00	
20  25.0629	4.958580e+00	1.455858e+00	-4.285114e+00	1.595974e+00	3.184537e+00	5.039687e-01	3.374338e-01	2.743977e-01	1.626753e-01	9.529714e-01	8.259053e-01	7.671100e+00	
71  25.9503	4.958580e+00	1.743471e+00	-4.351517e+00	1.558499e+00	4.638905e+00	4.478410e-01	3.405128e-01	2.979473e-01	9.164497e-02	8.544963e-01	8.259053e-01	7.671100e+00	
131  23.9857	5.984139e+00	1.743471e+00	-4.351517e+00	1.558499e+00	4.638905e+00	4.478410e-01	3.405128e-01	2.979473e-01	9.164497e-02	8.544963e-01	8.211777e-01	7.671100e+00	
62  26.6132	5.984139e+00	1.365213e+00	-4.229263e+00	1.442505e+00	3.482288e+00	4.465654e-01	2.825666e-01	2.591916e-01	6.973501e-02	6.195917e-01	8.211777e-01	7.671100e+00	
34  24.4714	5.984139e+00	1.300067e+00	-3.792886e+00	1.388669e+00	3.961216e+00	5.105857e-01	3.059985e-01	2.928697e-01	8.567187e-02	9.569270e-01	8.211777e-01	7.671100e+00	
70  22.7345	5.984139e+00	1.145197e+00	-4.983898e+00	1.379519e+00	3.627190e+00	4.473994e-01	2.774617e-01	2.810335e-01	4.952403e-02	8.470526e-01	8.211777e-01	7.671100e+00	
115  20.6923	5.984139e+00	1.109076e+00	-3.761205e+00	1.335184e+00	3.789259e+00	4.330896e-01	3.340438e-01	2.329075e-01	5.105350e-02	7.365123e-01	8.211777e-01	7.671100e+00	
18  21.9123	5.984139e+00	1.031212e+00	-3.164968e+00	1.444348e+00	3.104477e+00	4.051605e-01	3.571264e-01	2.476701e-01	8.632018e-02	3.659629e-01	8.211777e-01	7.671100e+00	
38  21.182	3.962953e+00	1.031212e+00	-3.164968e+00	1.444348e+00	3.104477e+00	4.051605e-01	3.571264e-01	2.476701e-01	8.632018e-02	3.659629e-01	8.271515e-01	7.671100e+00	
2  20.7472	3.962953e+00	1.283743e+00	-2.714481e+00	1.518790e+00	4.371787e+00	4.153571e-01	3.623251e-01	2.818856e-01	4.475876e-02	7.367128e-01	8.271515e-01	7.671100e+00	
190  20.6782	4.271770e+00	1.283743e+00	-2.714481e+00	1.518790e+00	4.371787e+00	4.153571e-01	3.623251e-01	2.818856e-01	4.475876e-02	7.367128e-01	8.217664e-01	7.671100e+00	
1  20.7164	3.702978e+00	1.283743e+00	-2.714481e+00	1.518790e+00	4.371787e+00	4.153571e-01	3.623251e-01	2.818856e-01	4.475876e-02	7.367128e-01	8.226648e-01	7.671100e+00	
9  22.2836	3.702978e+00	1.678060e+00	-2.630260e+00	1.369712e+00	3.887173e+00	4.329340e-01	3.450705e-01	2.957804e-01	4.882945e-02	6.659175e-01	8.226648e-01	7.671100e+00	
18  22.2825	5.435920e+00	1.678060e+00	-2.630260e+00	1.369712e+00	3.887173e+00	4.329340e-01	3.450705e-01	2.957804e-01	4.882945e-02	6.659175e-01	8.206621e-01	7.671100e+00	
32  22.5207	5.435920e+00	1.795336e+00	-2.635077e+00	1.332965e+00	3.887522e+00	4.501262e-01	3.997135e-01	2.762705e-01	1.661370e-01	7.279242e-01	8.206621e-01	7.671100e+00	
23  22.6766	5.217479e+00	1.795336e+00	-2.635077e+00	1.332965e+00	3.887522e+00	4.501262e-01	3.997135e-01	2.762705e-01	1.661370e-01	7.279242e-01	8.260581e-01	7.671100e+00	
24  22.7674	5.217479e+00	1.408278e+00	-1.544139e+00	1.305586e+00	3.324848e+00	4.862461e-01	3.563554e-01	2.587229e-01	1.150244e-01	7.975197e-01	8.260581e-01	7.671100e+00	
43  20.5444	5.217479e+00	1.507605e+00	-2.559644e+00	1.321105e+00	4.431915e+00	4.769587e-01	3.653148e-01	2.775781e-01	9.704545e-02	9.219569e-01	8.260581e-01	7.671100e+00	
7  20.4753	5.507058e+00	1.507605e+00	-2.559644e+00	1.321105e+00	4.431915e+00	4.769587e-01	3.653148e-01	2.775781e-01	9.704545e-02	9.219569e-01	8.183948e-01	7.671100e+00	
23  20.1253	5.507058e+00	1.549756e+00	-2.679622e+00	1.191433e+00	4.977911e+00	4.640860e-01	3.700860e-01	2.622347e-01	5.327785e-02	9.495870e-01	8.183948e-01	7.671100e+00	
20  20.1491	4.536675e+00	1.549756e+00	-2.679622e+00	1.191433e+00	4.977911e+00	4.640860e-01	3.700860e-01	2.622347e-01	5.327785e-02	9.495870e-01	8.210686e-01	7.671100e+00	
158  20.141	2.995034e+00	1.549756e+00	-2.679622e+00	1.191433e+00	4.977911e+00	4.640860e-01	3.700860e-01	2.622347e-01	5.327785e-02	9.495870e-01	8.237931e-01	7.671100e+00	
3  21.4311	2.995034e+00	1.321107e+00	-2.892840e+00	1.295731e+00	4.050552e+00	4.361759e-01	3.252543e-01	2.949222e-01	6.899733e-02	7.687212e-01	8.237931e-01	7.671100e+00	
9  20.5804	2.995034e+00	1.210688e+00	-3.186352e+00	1.313675e+00	4.591541e+00	4.133925e-01	3.224916e-01	2.926472e-01	5.922853e-02	5.288592e-01	8.237931e-01	7.671100e+00	
31  20.6102	5.623593e+00	1.210688e+00	-3.186352e+00	1.313675e+00	4.591541e+00	4.133925e-01	3.224916e-01	2.926472e-01	5.922853e-02	5.288592e-01	8.206968e-01	7.671100e+00	
29  21.7213	5.623593e+00	9.855661e-01	-3.209441e+00	1.370929e+00	3.975339e+00	4.378813e-01	3.202588e-01	3.097486e-01	8.511556e-02	6.870052e-01	8.206968e-01	7.671100e+00	
45  21.3015	5.604707e+00	9.855661e-01	-3.209441e+00	1.370929e+00	3.975339e+00	4.378813e-01	3.202588e-01	3.097486e-01	8.511556e-02	6.870052e-01	8.239389e-01	7.671100e+00	
34  22.1457	5.604707e+00	1.145009e+00	-3.217458e+00	1.347895e+00	4.255422e+00	3.914404e-01	3.805989e-01	2.951396e-01	7.967575e-02	7.382922e-01	8.239389e-01	7.671100e+00	
92  21.477	5.604707e+00	1.112799e+00	-2.246021e+00	1.425250e+00	3.450696e+00	3.903935e-01	3.281091e-01	2.266727e-01	1.295633e-01	7.648261e-01	8.239389e-01	7.671100e+00	
58  22.2909	5.604707e+00	1.088312e+00	-2.716558e+00	1.468987e+00	4.025686e+00	3.852981e-01	3.439654e-01	2.501257e-01	1.657608e-01	7.536830e-01	8.239389e-01	7.671100e+00	
3  25.6458	5.604707e+00	1.243351e+00	-3.070062e+00	1.327337e+00	2.477825e+00	3.930036e-01	3.627123e-01	1.996586e-01	1.622215e-01	4.628915e-01	8.239389e-01	7.671100e+00	
21  23.9829	5.604707e+00	1.124282e+00	-3.870266e+00	1.404628e+00	2.529119e+00	3.805389e-01	3.891647e-01	2.143923e-01	1.476421e-01	7.157327e-01	8.239389e-01	7.671100e+00	
77  21.9384	5.604707e+00	1.011308e+00	-4.704279e+00	1.465245e+00	1.838954e+00	3.653787e-01	3.330865e-01	2.522784e-01	6.230995e-02	7.693129e-01	8.239389e-01	7.671100e+00	
30  21.6857	4.542030e+00	1.011308e+00	-4.704279e+00	1.465245e+00	1.838954e+00	3.653787e-01	3.330865e-01	2.522784e-01	6.230995e-02	7.693129e-01	8.217535e-01	7.671100e+00	
36  22.1602	3.901645e+00	1.011308e+00	-4.704279e+00	1.465245e+00	1.838954e+00	3.653787e-01	3.330865e-01	2.522784e-01	6.230995e-02	7.693129e-01	8.257362e-01	7.671100e+00	
14  22.7689	3.901645e+00	5.184150e-01	-4.742987e+00	1.442676e+00	7.403393e-01	3.625256e-01	3.339086e-01	2.286326e-01	9.098177e-02	7.466090e-01	8.257362e-01	7.671100e+00	
40  21.9285	3.962200e+00	5.184150e-01	-4.742987e+00	1.442676e+00	7.403393e-01	3.625256e-01	3.339086e-01	2.286326e-01	9.098177e-02	7.466090e-01	8.227390e-01	7.671100e+00	
60  22.2908	5.415521e+00	5.184150e-01	-4.742987e+00	1.442676e+00	7.403393e-01	3.625256e-01	3.339086e-01	2.286326e-01	9.098177e-02	7.466090e-01	8.180380e-01	7.671100e+00	
20  22.0377	3.535583e+00	5.184150e-01	-4.742987e+00	1.442676e+00	7.403393e-01	3.625256e-01	3.339086e-01	2.286326e-01	9.098177e-02	7.466090e-01	8.231319e-01	7.671100e+00	
50  21.9764	3.096198e+00	5.184150e-01	-4.742987e+00	1.442676e+00	7.403393e-01	3.625256e-01	3.339086e-01	2.286326e-01	9.098177e-02	7.466090e-01	8.227388e-01	7.671100e+00	
10  22.6836	5.004272e+00	5.184150e-01	-4.742987e+00	1.442676e+00	7.403393e-01	3.625256e-01	3.339086e-01	2.286326e-01	9.098177e-02	7.466090e-01	8.224217e-01	7.671100e+00	
10  23.5156	4.400272e+00	5.184150e-01	-4.742987e+00	1.442676e+00	7.403393e-01	3.625256e-01	3.339086e-01	2.286326e-01	9.098177e-02	7.466090e-01	8.239747e-01	7.671100e+00	
90  23.4584	2.180905e+00	5.184150e-01	-4.742987e+00	1.442676e+00	7.403393e-01	3.625256e-01	3.339086e-01	2.286326e-01	9.098177e-02	7.466090e-01	8.277815e-01	7.671100e+00	
110  22.013	2.215161e+00	5.184150e-01	-4.742987e+00	1.442676e+00	7.403393e-01	3.625256e-01	3.339086e-01	2.286326e-01	9.098177e-02	7.466090e-01	8.264258e-01	7.671100e+00	
60  22.1508	3.013516e+00	5.184150e-01	-4.742987e+00	1.442676e+00	7.403393e-01	3.625256e-01	3.339086e-01	2.286326e-01	9.098177e-02	7.466090e-01	8.253930e-01	7.671100e+00	
5  23.5796	4.976272e+00	5.184150e-01	-4.742987e+00	1.442676e+00	7.403393e-01	3.625256e-01	3.339086e-01	2.286326e-01	9.098177e-02	7.466090e-01	8.260510e-01	7.671100e+00	
5  23.6384	4.976272e+00	3.641802e-01	-4.561543e+00	1.449502e+00	-1.541055e-01	3.716629e-01	3.876548e-01	2.275146e-01	7.500762e-02	8.139889e-01	8.260510e-01	7.671100e+00	
90  23.4528	2.177718e+00	3.641802e-01	-4.561543e+00	1.449502e+00	-1.541055e-01	3.716629e-01	3.876548e-01	2.275146e-01	7.500762e-02	8.139889e-01	8.265527e-01	7.671100e+00	
20  22.5055	2.283607e+00	3.641802e-01	-4.561543e+00	1.449502e+00	-1.541055e-01	3.716629e-01	3.876548e-01	2.275146e-01	7.500762e-02	8.139889e-01	8.255786e-01	7.671100e+00	
10  22.5129	5.737082e+00	3.641802e-01	-4.561543e+00	1.449502e+00	-1.541055e-01	3.716629e-01	3.876548e-01	2.275146e-01	7.500762e-02	8.139889e-01	8.247776e-01	7.671100e+00	
80  22.6087	4.585512e+00	3.641802e-01	-4.561543e+00	1.449502e+00	-1.541055e-01	3.716629e-01	3.876548e-01	2.275146e-01	7.500762e-02	8.139889e-01	8.212097e-01	7.671100e+00	
40  22.3953	4.917726e+00	3.641802e-01	-4.561543e+00	1.449502e+00	-1.541055e-01	3.716629e-01	3.876548e-01	2.275146e-01	7.500762e-02	8.139889e-01	8.242370e-01	7.671100e+00	
10  23.6528	2.663782e+00	3.641802e-01	-4.561543e+00	1.449502e+00	-1.541055e-01	3.716629e-01	3.876548e-01	2.275146e-01	7.500762e-02	8.139889e-01	8.253377e-01	7.671100e+00	
41  22.1664	5.129671e+00	3.641802e-01	-4.561543e+00	1.449502e+00	-1.541055e-01	3.716629e-01	3.876548e-01	2.275146e-01	7.500762e-02	8.139889e-01	8.247561e-01	7.671100e+00	
1  24.9849	5.129671e+00	1.206555e+00	-4.446953e+00	1.371208e+00	7.787520e-01	4.241706e-01	3.359946e-01	2.150139e-01	8.406713e-02	3.633493e-01	8.247561e-01	7.671100e+00	
38  23.8013	5.129671e+00	1.173477e+00	-3.732094e+00	1.342161e+00	1.259937e+00	3.780282e-01	3.930314e-01	1.852814e-01	4.498619e-02	7.219486e-01	8.247561e-01	7.671100e+00	
19  25.2795	2.501153e+00	1.173477e+00	-3.732094e+00	1.342161e+00	1.259937e+00	3.780282e-01	3.930314e-01	1.852814e-01	4.498619e-02	7.219486e-01	8.258091e-01	7.671100e+00	
181  23.5494	2.501153e+00	7.701593e-01	-3.245204e+00	1.347574e+00	9.110271e-01	4.057795e-01	3.685101e-01	1.912277e-01	4.058933e-02	5.655537e-01	8.258091e-01	7.671100e+00	
26  22.77	5.783197e+00	7.701593e-01	-3.245204e+00	1.347574e+00	9.110271e-01	4.057795e-01	3.685101e-01	1.912277e-01	4.058933e-02	5.655537e-01	8.228004e-01	7.671100e+00	
62  20.1163	5.783197e+00	6.868159e-01	-3.775959e+00	1.323908e+00	-8.040941e-01	3.630280e-01	3.498704e-01	2.232738e-01	6.864865e-02	9.176765e-01	8.228004e-01	7.671100e+00	
12  19.854	5.783197e+00	8.238851e-01	-4.845948e+00	1.300151e+00	5.987188e-02	3.612073e-01	2.912162e-01	2.012479e-01	5.455850e-02	9.865575e-02	8.228004e-01	7.671100e+00	
120  20.6879	4.223104e+00	8.238851e-01	-4.845948e+00	1.300151e+00	5.987188e-02	3.612073e-01	2.912162e-01	2.012479e-01	5.455850e-02	9.865575e-02	8.247060e-01	7.671100e+00	
40  20.2464	3.101440e+00	8.238851e-01	-4.845948e+00	1.300151e+00	5.987188e-02	3.612073e-01	2.912162e-01	2.012479e-01	5.455850e-02	9.865575e-02	8.231966e-01	7.671100e+00	
40  20.8514	5.558314e+00	8.238851e-01	-4.845948e+00	1.300151e+00	5.987188e-02	3.612073e-01	2.912162e-01	2.012479e-01	5.455850e-02	9.865575e-02	8.207436e-01	7.671100e+00	
350  17.2287	4.259358e+00	8.238851e-01	-4.845948e+00	1.300151e+00	5.987188e-02	3.612073e-01	2.912162e-01	2.012479e-01	5.455850e-02	9.865575e-02	8.263739e-01	7.671100e+00	
120  18.8993	2.470440e+00	8.238851e-01	-4.845948e+00	1.300151e+00	5.987188e-02	3.612073e-01	2.912162e-01	2.012479e-01	5.455850e-02	9.865575e-02	8.242821e-01	7.671100e+00	
750  17.6222	3.510510e+00	8.238851e-01	-4.845948e+00	1.300151e+00	5.987188e-02	3.612073e-01	2.912162e-01	2.012479e-01	5.455850e-02	9.865575e-02	8.258882e-01	7.671100e+00	
90  19.9737	3.898173e+00	8.238851e-01	-4.845948e+00	1.300151e+00	5.987188e-02	3.612073e-01	2.912162e-01	2.012479e-01	5.455850e-02	9.865575e-02	8.264548e-01	7.671100e+00	
70  21.3112	4.871386e+00	8.238851e-01	-4.845948e+00	1.300151e+00	5.987188e-02	3.612073e-01	2.912162e-01	2.012479e-01	5.455850e-02	9.865575e-02	8.205704e-01	7.671100e+00	
110  19.2605	2.521373e+00	8.238851e-01	-4.845948e+00	1.300151e+00	5.987188e-02	3.612073e-01	2.912162e-01	2.012479e-01	5.455850e-02	9.865575e-02	8.278105e-01	7.671100e+00	
270  19.91	5.014210e+00	8.238851e-01	-4.845948e+00	1.300151e+00	5.987188e-02	3.612073e-01	2.912162e-01	2.012479e-01	5.455850e-02	9.865575e-02	8.231402e-01	7.671100e+00	
370  19.622	5.590383e+00	8.238851e-01	-4.845948e+00	1.300151e+00	5.987188e-02	3.612073e-01	2.912162e-01	2.012479e-01	5.455850e-02	9.865575e-02	8.325726e-01	7.671100e+00	
21  21.9243	3.852345e+00	8.238851e-01	-4.845948e+00	1.300151e+00	5.987188e-02	3.612073e-01	2.912162e-01	2.012479e-01	5.455850e-02	9.865575e-02	8.235364e-01	7.671100e+00	
39  22.9498	3.852345e+00	8.929960e-01	-4.067369e+00	1.428969e+00	8.774565e-01	3.768100e-01	3.220782e-01	1.976104e-01	4.084136e-02	2.382505e-01	8.235364e-01	7.671100e+00	
48  23.5222	3.122304e+00	8.929960e-01	-4.067369e+00	1.428969e+00	8.774565e-01	3.768100e-01	3.220782e-01	1.976104e-01	4.084136e-02	2.382505e-01	8.224572e-01	7.671100e+00	
31  22.9879	3.122304e+00	8.735421e-01	-3.974163e+00	1.250227e+00	9.246920e-01	3.703734e-01	3.342693e-01	1.794884e-01	5.779004e-02	6.396562e-01	8.224572e-01	7.671100e+00	
2  24.5076	3.122304e+00	8.214351e-01	-4.015616e+00	1.105277e+00	8.262324e-01	4.271127e-01	3.347045e-01	2.230833e-01	8.888706e-02	7.402559e-01	8.224572e-01	7.671100e+00	
4  28.5973	3.122304e+00	9.968711e-01	-2.970733e+00	1.217410e+00	9.596663e-01	4.016577e-01	3.738980e-01	2.595002e-01	6.941241e-02	5.773669e-01	8.224572e-01	7.671100e+00	
2  26.0361	3.122304e+00	8.044449e-01	-3.688416e+00	1.164190e+00	7.425197e-01	3.883655e-01	4.201994e-01	1.782010e-01	5.797686e-02	3.961005e-01	8.224572e-01	7.671100e+00	
23  26.114	3.122304e+00	9.839062e-01	-3.272215e+00	1.178629e+00	1.631419e+00	4.256375e-01	4.023775e-01	1.868927e-01	4.427587e-02	7.465701e-01	8.224572e-01	7.671100e+00	
200  23.9121	4.023012e+00	9.839062e-01	-3.272215e+00	1.178629e+00	1.631419e+00	4.256375e-01	4.023775e-01	1.868927e-01	4.427587e-02	7.465701e-01	8.226990e-01	7.671100e+00	
41  23.9986	4.649242e+00	9.839062e-01	-3.272215e+00	1.178629e+00	1.631419e+00	4.256375e-01	4.023775e-01	1.868927e-01	4.427587e-02	7.465701e-01	8.228330e-01	7.671100e+00	
21  23.2678	4.649242e+00	1.201478e+00	-4.266359e+00	1.187985e+00	2.518500e+00	4.337305e-01	3.793154e-01	1.764847e-01	7.508262e-02	4.928082e-01	8.228330e-01	7.671100e+00	
26  23.7184	4.649242e+00	9.962753e-01	-3.249056e+00	1.205332e+00	3.010599e+00	4.624862e-01	3.529771e-01	1.682023e-01	8.262285e-02	6.649073e-01	8.228330e-01	7.671100e+00	
54  21.7107	4.649242e+00	1.282817e+00	-2.838387e+00	1.322783e+00	3.024064e+00	4.128591e-01	3.239366e-01	2.133113e-01	6.788373e-02	8.426667e-01	8.228330e-01	7.671100e+00	
28  23.9583	4.649242e+00	9.748246e-01	-3.866934e+00	1.339283e+00	2.457505e+00	3.945168e-01	2.861758e-01	1.662189e-01	4.523766e-02	4.980520e-01	8.228330e-01	7.671100e+00	
7  23.9016	4.886617e+00	9.748246e-01	-3.866934e+00	1.339283e+00	2.457505e+00	3.945168e-01	2.861758e-01	1.662189e-01	4.523766e-02	4.980520e-01	8.227774e-01	7.671100e+00	
6  24.1285	4.886617e+00	1.191341e+00	-2.692991e+00	1.328686e+00	2.178328e+00	3.998296e-01	3.416812e-01	1.990645e-01	5.343456e-02	9.877546e-01	8.227774e-01	7.671100e+00	
16  23.0067	4.886617e+00	1.029569e+00	-3.968564e+00	1.244634e+00	3.460406e+00	3.798742e-01	3.491534e-01	2.346136e-01	4.241919e-02	7.274638e-01	8.227774e-01	7.671100e+00	
104  22.6314	4.886617e+00	1.680581e+00	-3.449221e+00	1.366404e+00	3.515847e+00	4.062550e-01	3.843143e-01	2.082767e-01	4.092394e-02	8.671060e-01	8.227774e-01	7.671100e+00	
7  22.0854	4.886617e+00	1.535896e+00	-4.005530e+00	1.286538e+00	3.004566e+00	3.895310e-01	3.683429e-01	1.763716e-01	3.678075e-02	8.590598e-01	8.227774e-01	7.671100e+00	
33  21.9866	5.983326e+00	1.535896e+00	-4.005530e+00	1.286538e+00	3.004566e+00	3.895310e-01	3.683429e-01	1.763716e-01	3.678075e-02	8.590598e-01	8.252627e-01	7.671100e+00	
5  24.0518	5.983326e+00	1.143402e+00	-3.208058e+00	1.252859e+00	4.185348e+00	4.265618e-01	3.633042e-01	2.097447e-01	9.745827e-02	2.828438e-01	8.252627e-01	7.671100e+00	
8  21.2377	5.983326e+00	1.223278e+00	-2.978201e+00	1.187032e+00	4.352123e+00	4.283836e-01	3.874222e-01	2.050401e-01	2.718126e-02	7.531505e-01	8.252627e-01	7.671100e+00	
34  20.4283	5.983326e+00	1.500094e+00	-3.024065e+00	1.221711e+00	4.553192e+00	4.769110e-01	3.601119e-01	2.321595e-01	3.331986e-02	9.738264e-01	8.252627e-01	7.671100e+00	
26  20.1649	4.803223e+00	1.500094e+00	-3.024065e+00	1.221711e+00	4.553192e+00	4.769110e-01	3.601119e-01	2.321595e-01	3.331986e-02	9.738264e-01	8.242122e-01	7.671100e+00	
6  20.8384	4.803223e+00	1.290338e+00	-2.688446e+00	1.218325e+00	4.313895e+00	4.368373e-01	3.419414e-01	2.500172e-01	6.164533e-02	4.804146e-01	8.242122e-01	7.671100e+00	
68  21.3145	4.803223e+00	1.464381e+00	-2.230160e+00	1.371997e+00	4.635580e+00	4.423024e-01	3.167274e-01	3.060891e-01	5.687408e-02	8.565348e-01	8.242122e-01	7.671100e+00	
127  21.3272	4.925656e+00	1.464381e+00	-2.230160e+00	1.371997e+00	4.635580e+00	4.423024e-01	3.167274e-01	3.060891e-01	5.687408e-02	8.565348e-01	8.226784e-01	7.671100e+00	
33  21.0114	4.925656e+00	1.648943e+00	-1.705482e+00	1.219788e+00	4.719434e+00	4.277266e-01	3.802237e-01	2.955100e-01	6.036406e-02	8.458261e-01	8.226784e-01	7.671100e+00	
30  24.8526	5.702083e+00	1.648943e+00	-1.705482e+00	1.219788e+00	4.719434e+00	4.277266e-01	3.802237e-01	2.955100e-01	6.036406e-02	8.458261e-01	8.227704e-01	7.671100e+00	
