1  27.7799	3.300000e+00	-5.000000e+00	6.950688e-01	-4.401568e+00	1.398765e+00	-1.700898e+00	3.462271e-01	2.529387e-01	2.264407e-01	6.957711e-02	5.820027e-01	8.288221e-01	7.671100e+00	
4  27.3678	2.954388e+00	-5.990826e+00	6.950688e-01	-4.401568e+00	1.398765e+00	-1.700898e+00	3.462271e-01	2.529387e-01	2.264407e-01	6.957711e-02	5.820027e-01	8.229300e-01	7.671100e+00	
2  22.6074	2.954388e+00	-5.990826e+00	6.696821e-01	-4.076907e+00	1.428026e+00	-8.630347e-01	3.827251e-01	2.753469e-01	2.021410e-01	6.662691e-02	3.789970e-01	8.229300e-01	7.671100e+00	
3  22.3853	2.954388e+00	-5.990826e+00	5.655661e-01	-4.309030e+00	1.411716e+00	-6.600157e-01	3.850633e-01	2.993826e-01	2.074094e-01	5.754503e-02	5.069299e-01	8.229300e-01	7.671100e+00	
6  24.3622	2.954388e+00	-5.990826e+00	4.395871e-01	-4.655812e+00	1.380797e+00	-9.104578e-01	3.789002e-01	2.812301e-01	2.040486e-01	2.817644e-02	7.765004e-01	8.229300e-01	7.671100e+00	
6  20.395	2.954388e+00	-5.990826e+00	6.707371e-01	-4.940865e+00	1.427794e+00	-1.221094e+00	3.641486e-01	2.876433e-01	2.184719e-01	7.087906e-02	4.222709e-01	8.229300e-01	7.671100e+00	
27  20.3988	3.191944e+00	-5.106962e+00	6.707371e-01	-4.940865e+00	1.427794e+00	-1.221094e+00	3.641486e-01	2.876433e-01	2.184719e-01	7.087906e-02	4.222709e-01	8.320522e-01	7.671100e+00	
39  20.4775	3.191944e+00	-5.106962e+00	4.940987e-01	-4.895179e+00	1.469343e+00	-1.020137e+00	3.564292e-01	3.011258e-01	2.025235e-01	6.347161e-02	5.438236e-01	8.320522e-01	7.671100e+00	
2  20.433	2.834087e+00	-5.564591e+00	4.940987e-01	-4.895179e+00	1.469343e+00	-1.020137e+00	3.564292e-01	3.011258e-01	2.025235e-01	6.347161e-02	5.438236e-01	8.245257e-01	7.671100e+00	
4  21.851	2.834087e+00	-5.564591e+00	4.628281e-01	-4.453988e+00	1.516345e+00	-5.949816e-01	3.723486e-01	2.951411e-01	2.117187e-01	3.943811e-02	5.778456e-01	8.245257e-01	7.671100e+00	
40  24.9871	2.834087e+00	-5.564591e+00	3.376935e-01	-4.224385e+00	1.477264e+00	-9.022341e-01	3.880125e-01	2.884411e-01	2.329141e-01	3.858056e-02	8.432410e-01	8.245257e-01	7.671100e+00	
4  24.6908	2.834087e+00	-5.564591e+00	3.367751e-01	-4.310694e+00	1.445231e+00	-1.188866e-01	3.939051e-01	2.949698e-01	2.150264e-01	4.350960e-02	7.935128e-01	8.245257e-01	7.671100e+00	
6  20.4917	2.834087e+00	-5.564591e+00	7.059613e-01	-4.842302e+00	1.432995e+00	-4.224348e-01	3.716519e-01	2.962180e-01	1.999993e-01	2.729118e-02	2.692279e-01	8.245257e-01	7.671100e+00	
11  20.173	3.678535e+00	-5.473250e+00	7.059613e-01	-4.842302e+00	1.432995e+00	-4.224348e-01	3.716519e-01	2.962180e-01	1.999993e-01	2.729118e-02	2.692279e-01	8.280780e-01	7.671100e+00	
1  20.4183	2.907845e+00	-4.998757e+00	7.059613e-01	-4.842302e+00	1.432995e+00	-4.224348e-01	3.716519e-01	2.962180e-01	1.999993e-01	2.729118e-02	2.692279e-01	8.239421e-01	7.671100e+00	
43  19.23	2.907845e+00	-4.998757e+00	7.001506e-01	-4.745533e+00	1.380248e+00	-6.659233e-01	3.675119e-01	3.026771e-01	1.985888e-01	3.600168e-02	2.875831e-01	8.239421e-01	7.671100e+00	
22  19.1211	3.590500e+00	-4.987511e+00	7.001506e-01	-4.745533e+00	1.380248e+00	-6.659233e-01	3.675119e-01	3.026771e-01	1.985888e-01	3.600168e-02	2.875831e-01	8.284889e-01	7.671100e+00	
8  21.5152	3.425530e+00	-4.053457e+00	7.001506e-01	-4.745533e+00	1.380248e+00	-6.659233e-01	3.675119e-01	3.026771e-01	1.985888e-01	3.600168e-02	2.875831e-01	8.306548e-01	7.671100e+00	
22  19.1635	3.425530e+00	-4.053457e+00	8.132916e-01	-4.011538e+00	1.284368e+00	-1.178227e-01	3.704038e-01	2.887396e-01	1.903572e-01	5.970111e-02	7.095590e-02	8.306548e-01	7.671100e+00	
17  20.3866	3.425530e+00	-4.053457e+00	8.308801e-01	-3.649108e+00	1.259949e+00	-4.961862e-01	3.774490e-01	3.047045e-01	2.018147e-01	6.076276e-02	2.979068e-01	8.306548e-01	7.671100e+00	
45  19.7274	3.425530e+00	-4.053457e+00	8.119733e-01	-3.161697e+00	1.308458e+00	-6.946012e-01	3.619557e-01	3.154912e-01	1.844078e-01	6.361418e-02	1.938025e-01	8.306548e-01	7.671100e+00	
5  20.6881	3.425530e+00	-4.053457e+00	8.422204e-01	-3.058238e+00	1.262643e+00	-4.069277e-01	3.595586e-01	3.006513e-01	1.926071e-01	7.414228e-02	1.053447e-01	8.306548e-01	7.671100e+00	
16  21.4104	3.425530e+00	-4.053457e+00	7.818596e-01	-3.168998e+00	1.248806e+00	-7.065840e-01	3.576871e-01	3.197517e-01	1.910024e-01	7.439133e-02	1.906375e-01	8.306548e-01	7.671100e+00	
24  21.4475	3.425530e+00	-4.053457e+00	6.548673e-01	-3.648288e+00	1.309494e+00	-5.990908e-01	3.662943e-01	3.363455e-01	1.902675e-01	8.434968e-02	4.071405e-01	8.306548e-01	7.671100e+00	
14  20.1258	3.425530e+00	-4.053457e+00	7.917572e-01	-3.704409e+00	1.306163e+00	-9.981440e-01	3.782701e-01	3.190301e-01	1.998552e-01	9.274750e-02	2.227742e-01	8.306548e-01	7.671100e+00	
4  20.4268	3.425530e+00	-4.053457e+00	8.562620e-01	-4.354707e+00	1.294337e+00	-6.489527e-01	3.723621e-01	3.332584e-01	1.998710e-01	8.949828e-02	3.990311e-01	8.306548e-01	7.671100e+00	
19  19.7995	3.425530e+00	-4.053457e+00	7.843598e-01	-4.454518e+00	1.377635e+00	-9.232974e-01	3.684979e-01	3.338732e-01	1.836913e-01	7.514988e-02	3.303638e-01	8.306548e-01	7.671100e+00	
10  19.649	3.425530e+00	-4.053457e+00	7.169608e-01	-4.477663e+00	1.323086e+00	-9.438323e-01	3.684855e-01	3.324537e-01	2.094024e-01	6.087498e-02	3.369608e-01	8.306548e-01	7.671100e+00	
8  19.9514	3.425530e+00	-4.053457e+00	7.974414e-01	-4.639195e+00	1.302939e+00	-8.911279e-01	3.594524e-01	2.868545e-01	1.845555e-01	5.347448e-02	4.069474e-02	8.306548e-01	7.671100e+00	
22  24.2311	3.425530e+00	-4.053457e+00	8.540590e-01	-4.640696e+00	1.309713e+00	-8.167083e-01	3.540845e-01	3.032822e-01	2.169828e-01	3.388611e-02	5.601541e-02	8.306548e-01	7.671100e+00	
1  23.7522	3.425530e+00	-4.053457e+00	8.673265e-01	-4.782551e+00	1.321917e+00	-1.053464e+00	3.625482e-01	3.018705e-01	2.372131e-01	4.566835e-02	9.354723e-02	8.306548e-01	7.671100e+00	
3  23.3571	3.425530e+00	-4.053457e+00	8.859410e-01	-4.168058e+00	1.294077e+00	-1.431382e+00	3.969221e-01	3.056213e-01	2.581159e-01	7.918690e-02	5.548876e-01	8.306548e-01	7.671100e+00	
9  21.7044	3.425530e+00	-4.053457e+00	8.553746e-01	-3.881053e+00	1.329288e+00	-1.629910e+00	3.829806e-01	3.263724e-01	2.478828e-01	1.025474e-01	3.444124e-01	8.306548e-01	7.671100e+00	
18  22.6422	3.425530e+00	-4.053457e+00	9.644152e-01	-4.282892e+00	1.293683e+00	-1.855259e+00	3.955487e-01	3.339995e-01	2.530509e-01	7.758244e-02	2.865236e-01	8.306548e-01	7.671100e+00	
34  20.9465	3.425530e+00	-4.053457e+00	8.980608e-01	-4.303396e+00	1.227064e+00	-2.826115e+00	3.794546e-01	3.414464e-01	2.426390e-01	8.802993e-02	2.139940e-01	8.306548e-01	7.671100e+00	
11  23.2279	3.425530e+00	-4.053457e+00	8.174781e-01	-4.047668e+00	1.293919e+00	-2.885640e+00	4.018943e-01	3.114783e-01	2.428073e-01	9.097901e-02	3.990417e-01	8.306548e-01	7.671100e+00	
23  21.5594	3.425530e+00	-4.053457e+00	7.760098e-01	-4.176870e+00	1.344161e+00	-3.448930e+00	3.956715e-01	3.384150e-01	2.643914e-01	1.056227e-01	4.123924e-01	8.306548e-01	7.671100e+00	
7  20.8523	3.425530e+00	-4.053457e+00	5.815626e-01	-4.375072e+00	1.333386e+00	-3.349868e+00	3.754380e-01	3.756244e-01	2.451643e-01	1.032876e-01	6.337050e-01	8.306548e-01	7.671100e+00	
1  22.1315	3.425530e+00	-4.053457e+00	7.159028e-01	-3.938980e+00	1.388913e+00	-3.279064e+00	3.741056e-01	3.644051e-01	2.633882e-01	9.539658e-02	4.544465e-01	8.306548e-01	7.671100e+00	
7  22.8814	3.425530e+00	-4.053457e+00	8.064603e-01	-4.143869e+00	1.472199e+00	-2.820741e+00	3.728834e-01	3.138203e-01	2.499469e-01	1.138632e-01	3.773141e-01	8.306548e-01	7.671100e+00	
3  23.8894	3.425530e+00	-4.053457e+00	8.276389e-01	-4.039283e+00	1.442893e+00	-2.838140e+00	3.630307e-01	3.099851e-01	2.429405e-01	1.611880e-01	6.793167e-01	8.306548e-01	7.671100e+00	
3  22.5395	3.425530e+00	-4.053457e+00	8.873143e-01	-3.801242e+00	1.381158e+00	-3.104820e+00	3.688040e-01	3.100510e-01	2.628486e-01	1.440693e-01	7.284473e-01	8.306548e-01	7.671100e+00	
9  21.7569	3.425530e+00	-4.053457e+00	8.773623e-01	-3.763365e+00	1.344642e+00	-2.642617e+00	3.624852e-01	3.095628e-01	2.736041e-01	1.049276e-01	4.931245e-01	8.306548e-01	7.671100e+00	
22  23.6826	3.425530e+00	-4.053457e+00	8.145360e-01	-3.437386e+00	1.363939e+00	-2.183998e+00	3.885577e-01	3.301114e-01	2.722343e-01	9.637145e-02	4.435356e-01	8.306548e-01	7.671100e+00	
2  21.2242	3.425530e+00	-4.053457e+00	7.987300e-01	-3.775679e+00	1.351680e+00	-2.449798e+00	3.776972e-01	3.300287e-01	2.341407e-01	9.759782e-02	6.032453e-01	8.306548e-01	7.671100e+00	
19  20.6405	3.425530e+00	-4.053457e+00	7.296424e-01	-3.962780e+00	1.383214e+00	-2.604456e+00	3.741808e-01	3.449439e-01	2.077529e-01	9.689694e-02	4.690049e-01	8.306548e-01	7.671100e+00	
11  21.671	3.425530e+00	-4.053457e+00	5.414866e-01	-4.571369e+00	1.435863e+00	-2.036414e+00	3.514991e-01	3.245492e-01	2.133916e-01	9.032897e-02	6.860451e-01	8.306548e-01	7.671100e+00	
2  24.1313	3.425530e+00	-4.053457e+00	6.852413e-01	-3.957142e+00	1.466045e+00	-2.589879e+00	3.511949e-01	3.150014e-01	1.885914e-01	7.935164e-02	8.659454e-01	8.306548e-01	7.671100e+00	
1  23.013	3.425530e+00	-4.053457e+00	6.617663e-01	-3.832674e+00	1.461712e+00	-3.038701e+00	3.756211e-01	3.160830e-01	2.351831e-01	9.577204e-02	9.076118e-01	8.306548e-01	7.671100e+00	
19  23.3576	3.425530e+00	-4.053457e+00	7.669209e-01	-3.288491e+00	1.483086e+00	-3.418023e+00	3.547003e-01	3.058558e-01	2.238709e-01	1.041449e-01	8.266399e-01	8.306548e-01	7.671100e+00	
2  23.4954	3.425530e+00	-4.053457e+00	8.923813e-01	-3.805538e+00	1.423198e+00	-2.804138e+00	3.514185e-01	3.091171e-01	2.220614e-01	9.368102e-02	8.035339e-01	8.306548e-01	7.671100e+00	
1  22.817	3.425530e+00	-4.053457e+00	7.174748e-01	-3.650954e+00	1.443467e+00	-2.790563e+00	3.732136e-01	2.996866e-01	2.171654e-01	1.192779e-01	9.296738e-01	8.306548e-01	7.671100e+00	
11  21.9103	3.425530e+00	-4.053457e+00	4.177467e-01	-4.019662e+00	1.483949e+00	-3.166534e+00	3.548840e-01	2.790080e-01	2.336390e-01	1.123024e-01	9.569130e-01	8.306548e-01	7.671100e+00	
38  21.8218	3.425530e+00	-4.053457e+00	5.596958e-01	-4.111646e+00	1.529010e+00	-2.641384e+00	3.650842e-01	2.939866e-01	2.311994e-01	1.303932e-01	7.972076e-01	8.306548e-01	7.671100e+00	
8  21.3051	3.425530e+00	-4.053457e+00	5.601888e-01	-3.987255e+00	1.530080e+00	-3.086709e+00	4.079072e-01	2.834580e-01	2.231028e-01	1.113486e-01	8.436278e-01	8.306548e-01	7.671100e+00	
1  21.4359	3.425530e+00	-4.053457e+00	6.592339e-01	-4.186095e+00	1.533445e+00	-3.181881e+00	4.068201e-01	2.770879e-01	2.275974e-01	1.079849e-01	8.086053e-01	8.306548e-01	7.671100e+00	
37  19.5769	3.425530e+00	-4.053457e+00	7.605112e-01	-4.465878e+00	1.574150e+00	-3.762888e+00	4.067974e-01	2.889495e-01	2.275399e-01	1.043304e-01	4.794418e-01	8.306548e-01	7.671100e+00	
8  21.1416	3.435069e+00	-4.085503e+00	7.605112e-01	-4.465878e+00	1.574150e+00	-3.762888e+00	4.067974e-01	2.889495e-01	2.275399e-01	1.043304e-01	4.794418e-01	8.298083e-01	7.671100e+00	
4  22.9983	3.435069e+00	-4.085503e+00	5.415842e-01	-4.146297e+00	1.574657e+00	-3.723664e+00	4.174536e-01	2.856371e-01	2.235795e-01	1.035849e-01	8.699035e-01	8.298083e-01	7.671100e+00	
7  23.2813	3.435069e+00	-4.085503e+00	5.549331e-01	-4.407344e+00	1.598243e+00	-4.224223e+00	4.175293e-01	2.679812e-01	2.189623e-01	8.733819e-02	7.481763e-01	8.298083e-01	7.671100e+00	
1  24.1794	3.435069e+00	-4.085503e+00	7.841496e-01	-4.962180e+00	1.563639e+00	-3.802101e+00	4.145807e-01	2.648373e-01	2.079466e-01	9.914275e-02	7.567825e-01	8.298083e-01	7.671100e+00	
5  27.4905	3.435069e+00	-4.085503e+00	6.323053e-01	-4.725983e+00	1.585174e+00	-3.991308e+00	4.162111e-01	2.984690e-01	1.825499e-01	1.501161e-01	8.879205e-01	8.298083e-01	7.671100e+00	
14  28.7365	3.435069e+00	-4.085503e+00	7.041041e-01	-4.808182e+00	1.534647e+00	-3.534687e+00	4.306355e-01	2.891120e-01	1.943570e-01	1.603338e-01	8.436303e-01	8.298083e-01	7.671100e+00	
10  26.5606	3.435069e+00	-4.085503e+00	6.545621e-01	-4.617117e+00	1.540661e+00	-3.476281e+00	4.229557e-01	2.893232e-01	1.562990e-01	1.241573e-01	6.048598e-01	8.298083e-01	7.671100e+00	
8  27.0653	3.435069e+00	-4.085503e+00	8.848863e-01	-3.809227e+00	1.586845e+00	-3.666683e+00	4.127368e-01	2.936769e-01	1.692926e-01	1.309543e-01	3.493251e-01	8.298083e-01	7.671100e+00	
4  25.3042	3.435069e+00	-4.085503e+00	6.971766e-01	-3.100825e+00	1.580864e+00	-4.116765e+00	4.071968e-01	2.997149e-01	1.671418e-01	1.003157e-01	4.524921e-01	8.298083e-01	7.671100e+00	
6  27.5433	3.435069e+00	-4.085503e+00	7.663723e-01	-3.261657e+00	1.580540e+00	-3.632777e+00	3.796060e-01	2.674772e-01	1.646934e-01	1.047822e-01	6.897940e-01	8.298083e-01	7.671100e+00	
8  27.1065	3.435069e+00	-4.085503e+00	8.461405e-01	-2.895130e+00	1.530936e+00	-3.493201e+00	3.693822e-01	2.647271e-01	1.853125e-01	9.393735e-02	7.579649e-01	8.298083e-01	7.671100e+00	
4  25.965	3.435069e+00	-4.085503e+00	7.950067e-01	-2.413662e+00	1.476326e+00	-3.184885e+00	3.704407e-01	2.921911e-01	1.818007e-01	9.001533e-02	3.482930e-01	8.298083e-01	7.671100e+00	
13  24.7917	3.435069e+00	-4.085503e+00	5.825919e-01	-1.879144e+00	1.475416e+00	-3.458378e+00	4.174584e-01	3.122587e-01	1.807814e-01	1.048641e-01	5.139955e-01	8.298083e-01	7.671100e+00	
24  25.2462	3.435069e+00	-4.085503e+00	4.274817e-01	-2.027949e+00	1.436942e+00	-3.032904e+00	4.107233e-01	3.533866e-01	1.875296e-01	9.527264e-02	7.823815e-01	8.298083e-01	7.671100e+00	
9  22.7263	3.435069e+00	-4.085503e+00	6.448822e-01	-2.281579e+00	1.431797e+00	-3.511667e+00	4.017458e-01	3.086089e-01	1.972402e-01	1.079275e-01	4.434599e-01	8.298083e-01	7.671100e+00	
3  27.1122	3.435069e+00	-4.085503e+00	5.956123e-01	-2.175123e+00	1.508346e+00	-4.043686e+00	4.443327e-01	3.076033e-01	2.138046e-01	1.507148e-01	4.677905e-01	8.298083e-01	7.671100e+00	
6  24.4952	3.435069e+00	-4.085503e+00	4.453183e-01	-2.084828e+00	1.551631e+00	-4.363983e+00	4.110407e-01	3.244978e-01	1.995105e-01	1.501160e-01	7.781993e-01	8.298083e-01	7.671100e+00	
1  23.8327	3.435069e+00	-4.085503e+00	4.788184e-01	-2.653215e+00	1.510743e+00	-4.154957e+00	3.852924e-01	3.275504e-01	2.042051e-01	1.401324e-01	5.452456e-01	8.298083e-01	7.671100e+00	
14  22.9026	3.435069e+00	-4.085503e+00	4.929628e-01	-2.695601e+00	1.516190e+00	-4.434921e+00	4.038100e-01	3.432503e-01	2.021090e-01	1.088270e-01	5.018912e-01	8.298083e-01	7.671100e+00	
7  21.8533	3.435069e+00	-4.085503e+00	6.455359e-01	-3.068360e+00	1.546248e+00	-4.060972e+00	4.050893e-01	3.207021e-01	2.152786e-01	9.337778e-02	3.622292e-01	8.298083e-01	7.671100e+00	
11  22.5941	3.435069e+00	-4.085503e+00	6.092403e-01	-3.693551e+00	1.575843e+00	-4.341633e+00	4.150567e-01	3.179427e-01	2.112171e-01	1.033534e-01	6.225108e-01	8.298083e-01	7.671100e+00	
6  20.0687	3.435069e+00	-4.085503e+00	6.065528e-01	-4.061734e+00	1.606049e+00	-4.271821e+00	4.261130e-01	3.017318e-01	2.035830e-01	9.575749e-02	4.565855e-01	8.298083e-01	7.671100e+00	
3  22.7088	3.435069e+00	-4.085503e+00	4.717154e-01	-3.952583e+00	1.651282e+00	-4.422987e+00	4.132419e-01	2.834705e-01	2.173752e-01	1.066785e-01	7.185887e-01	8.298083e-01	7.671100e+00	
13  22.7425	2.957464e+00	-5.947788e+00	4.717154e-01	-3.952583e+00	1.651282e+00	-4.422987e+00	4.132419e-01	2.834705e-01	2.173752e-01	1.066785e-01	7.185887e-01	8.247818e-01	7.671100e+00	
20  22.4886	2.957464e+00	-5.947788e+00	4.357519e-01	-4.628168e+00	1.636826e+00	-4.417516e+00	4.509748e-01	2.998985e-01	2.446642e-01	1.077989e-01	7.000011e-01	8.247818e-01	7.671100e+00	
31  22.7557	2.780233e+00	-4.165024e+00	4.357519e-01	-4.628168e+00	1.636826e+00	-4.417516e+00	4.509748e-01	2.998985e-01	2.446642e-01	1.077989e-01	7.000011e-01	8.319710e-01	7.671100e+00	
3  22.3794	2.780233e+00	-4.165024e+00	3.678015e-01	-4.382764e+00	1.625839e+00	-4.651746e+00	4.525242e-01	3.147492e-01	2.084698e-01	1.052782e-01	6.225883e-01	8.319710e-01	7.671100e+00	
8  25.8362	2.780233e+00	-4.165024e+00	6.712605e-01	-4.384456e+00	1.633661e+00	-4.986703e+00	4.651899e-01	2.969664e-01	2.038236e-01	7.897729e-02	7.216682e-01	8.319710e-01	7.671100e+00	
1  23.6896	2.780233e+00	-4.165024e+00	6.403170e-01	-4.696018e+00	1.649233e+00	-4.933822e+00	4.641576e-01	2.898816e-01	2.099496e-01	1.057802e-01	6.439380e-01	8.319710e-01	7.671100e+00	
4  21.4731	3.661412e+00	-4.441197e+00	6.403170e-01	-4.696018e+00	1.649233e+00	-4.933822e+00	4.641576e-01	2.898816e-01	2.099496e-01	1.057802e-01	6.439380e-01	8.308877e-01	7.671100e+00	
29  19.8314	3.661412e+00	-4.441197e+00	6.386555e-01	-4.951899e+00	1.667780e+00	-4.991283e+00	4.517551e-01	3.204859e-01	2.083919e-01	8.241244e-02	3.875875e-01	8.308877e-01	7.671100e+00	
19  20.0577	3.080833e+00	-4.441618e+00	6.386555e-01	-4.951899e+00	1.667780e+00	-4.991283e+00	4.517551e-01	3.204859e-01	2.083919e-01	8.241244e-02	3.875875e-01	8.277076e-01	7.671100e+00	
4  21.9583	3.080833e+00	-4.441618e+00	4.557331e-01	-4.554451e+00	1.636365e+00	-4.117716e+00	4.483209e-01	2.939981e-01	2.100122e-01	7.282594e-02	6.169604e-01	8.277076e-01	7.671100e+00	
1  22.0293	3.329571e+00	-5.725374e+00	4.557331e-01	-4.554451e+00	1.636365e+00	-4.117716e+00	4.483209e-01	2.939981e-01	2.100122e-01	7.282594e-02	6.169604e-01	8.247402e-01	7.671100e+00	
16  21.5579	3.329571e+00	-5.725374e+00	4.494385e-01	-4.588443e+00	1.681034e+00	-3.870257e+00	4.285551e-01	3.046552e-01	2.441880e-01	8.121875e-02	6.919393e-01	8.247402e-01	7.671100e+00	
5  22.3735	3.329571e+00	-5.725374e+00	1.735881e-01	-4.181987e+00	1.673643e+00	-4.285276e+00	4.515244e-01	3.193959e-01	2.298264e-01	8.460073e-02	9.390619e-01	8.247402e-01	7.671100e+00	
4  22.3976	3.161714e+00	-4.969660e+00	1.735881e-01	-4.181987e+00	1.673643e+00	-4.285276e+00	4.515244e-01	3.193959e-01	2.298264e-01	8.460073e-02	9.390619e-01	8.323887e-01	7.671100e+00	
10  21.8	3.161714e+00	-4.969660e+00	4.222633e-01	-4.077486e+00	1.696113e+00	-4.660455e+00	4.757686e-01	3.241907e-01	2.231272e-01	8.881142e-02	6.479897e-01	8.323887e-01	7.671100e+00	
12  21.9604	3.161714e+00	-4.969660e+00	3.999876e-01	-4.421463e+00	1.677674e+00	-4.362816e+00	4.546198e-01	3.037024e-01	2.472898e-01	8.073497e-02	8.137415e-01	8.323887e-01	7.671100e+00	
9  21.6208	3.161714e+00	-4.969660e+00	5.613566e-01	-4.727681e+00	1.664872e+00	-4.435289e+00	4.383994e-01	2.729052e-01	2.165436e-01	8.822763e-02	5.459453e-01	8.323887e-01	7.671100e+00	
30  22.6173	3.161714e+00	-4.969660e+00	3.989727e-01	-4.418682e+00	1.694658e+00	-4.679961e+00	4.598528e-01	2.916279e-01	2.082279e-01	7.396475e-02	8.970987e-01	8.323887e-01	7.671100e+00	
23  22.6946	3.372207e+00	-5.326067e+00	3.989727e-01	-4.418682e+00	1.694658e+00	-4.679961e+00	4.598528e-01	2.916279e-01	2.082279e-01	7.396475e-02	8.970987e-01	8.323823e-01	7.671100e+00	
7  23.2982	2.951218e+00	-4.768924e+00	3.989727e-01	-4.418682e+00	1.694658e+00	-4.679961e+00	4.598528e-01	2.916279e-01	2.082279e-01	7.396475e-02	8.970987e-01	8.239890e-01	7.671100e+00	
4  22.0031	2.951218e+00	-4.768924e+00	6.580812e-01	-4.084296e+00	1.687333e+00	-4.338179e+00	4.355149e-01	2.945240e-01	2.168126e-01	7.720223e-02	5.549553e-01	8.239890e-01	7.671100e+00	
7  20.375	3.295579e+00	-5.342924e+00	6.580812e-01	-4.084296e+00	1.687333e+00	-4.338179e+00	4.355149e-01	2.945240e-01	2.168126e-01	7.720223e-02	5.549553e-01	8.322474e-01	7.671100e+00	
3  20.0131	3.295579e+00	-5.342924e+00	6.652672e-01	-4.166953e+00	1.684495e+00	-4.700662e+00	4.384574e-01	2.918214e-01	2.373768e-01	8.945650e-02	5.221925e-01	8.322474e-01	7.671100e+00	
3  19.8916	3.557212e+00	-5.964426e+00	6.652672e-01	-4.166953e+00	1.684495e+00	-4.700662e+00	4.384574e-01	2.918214e-01	2.373768e-01	8.945650e-02	5.221925e-01	8.222822e-01	7.671100e+00	
3  21.5042	3.557212e+00	-5.964426e+00	6.474134e-01	-3.920909e+00	1.671700e+00	-4.969350e+00	4.309769e-01	2.771093e-01	2.585034e-01	7.081042e-02	5.914670e-01	8.222822e-01	7.671100e+00	
15  21.6651	3.557212e+00	-5.964426e+00	4.671556e-01	-3.956492e+00	1.680954e+00	-4.864179e+00	4.335658e-01	3.212050e-01	2.739091e-01	8.683152e-02	8.413533e-01	8.222822e-01	7.671100e+00	
6  21.2731	3.557212e+00	-5.964426e+00	4.936910e-01	-4.625252e+00	1.689367e+00	-4.223787e+00	4.287750e-01	3.078620e-01	2.399452e-01	1.063126e-01	8.539678e-01	8.222822e-01	7.671100e+00	
13  22.9207	3.557212e+00	-5.964426e+00	7.003296e-01	-3.921980e+00	1.602342e+00	-4.593930e+00	4.514363e-01	2.726918e-01	2.565308e-01	1.039004e-01	7.129610e-01	8.222822e-01	7.671100e+00	
3  22.561	3.557212e+00	-5.964426e+00	5.809139e-01	-3.546146e+00	1.611382e+00	-4.627479e+00	4.383594e-01	2.793724e-01	2.650555e-01	7.338964e-02	7.008531e-01	8.222822e-01	7.671100e+00	
5  22.756	3.557212e+00	-5.964426e+00	6.179137e-01	-3.570613e+00	1.590515e+00	-4.006516e+00	4.225980e-01	2.989365e-01	2.397792e-01	7.612493e-02	8.695376e-01	8.222822e-01	7.671100e+00	
1  23.969	3.557212e+00	-5.964426e+00	6.759433e-01	-3.069029e+00	1.634623e+00	-3.861233e+00	4.146999e-01	2.899654e-01	2.513687e-01	1.079205e-01	8.773667e-01	8.222822e-01	7.671100e+00	
15  22.9034	3.557212e+00	-5.964426e+00	5.974690e-01	-2.884750e+00	1.657021e+00	-4.790897e+00	4.020002e-01	2.991820e-01	2.836431e-01	1.232309e-01	6.753589e-01	8.222822e-01	7.671100e+00	
1  25.1661	3.557212e+00	-5.964426e+00	7.234784e-01	-2.954769e+00	1.668303e+00	-4.468694e+00	3.984450e-01	2.676997e-01	2.568684e-01	1.440349e-01	5.416619e-01	8.222822e-01	7.671100e+00	
5  25.8927	3.557212e+00	-5.964426e+00	8.448437e-01	-2.868095e+00	1.694069e+00	-4.279949e+00	3.718177e-01	2.819027e-01	2.484589e-01	1.296471e-01	7.181111e-01	8.222822e-01	7.671100e+00	
14  24.8175	3.557212e+00	-5.964426e+00	9.802091e-01	-3.037867e+00	1.678581e+00	-4.091327e+00	3.934155e-01	2.794401e-01	2.280142e-01	9.720669e-02	7.282849e-01	8.222822e-01	7.671100e+00	
12  24.0112	3.557212e+00	-5.964426e+00	8.268522e-01	-2.389652e+00	1.652312e+00	-4.235459e+00	4.073184e-01	2.931528e-01	2.343507e-01	1.134109e-01	5.588924e-01	8.222822e-01	7.671100e+00	
1  22.3978	3.557212e+00	-5.964426e+00	6.686141e-01	-2.296612e+00	1.633020e+00	-4.586561e+00	4.035232e-01	2.827143e-01	2.437269e-01	1.031622e-01	6.691136e-01	8.222822e-01	7.671100e+00	
14  21.446	3.557212e+00	-5.964426e+00	6.406607e-01	-2.515269e+00	1.608832e+00	-4.814719e+00	4.078972e-01	2.873105e-01	2.373282e-01	1.044970e-01	5.989867e-01	8.222822e-01	7.671100e+00	
14  21.3373	3.687042e+00	-4.849269e+00	6.406607e-01	-2.515269e+00	1.608832e+00	-4.814719e+00	4.078972e-01	2.873105e-01	2.373282e-01	1.044970e-01	5.989867e-01	8.307193e-01	7.671100e+00	
1  23.0121	3.687042e+00	-4.849269e+00	7.053564e-01	-2.863752e+00	1.671281e+00	-4.856754e+00	4.154880e-01	2.686054e-01	2.520779e-01	1.070076e-01	8.996661e-01	8.307193e-01	7.671100e+00	
7  21.9569	3.687042e+00	-4.849269e+00	4.961133e-01	-2.745581e+00	1.690040e+00	-4.833714e+00	4.047548e-01	2.931668e-01	2.293477e-01	8.018312e-02	8.838641e-01	8.307193e-01	7.671100e+00	
89  22.1459	3.603499e+00	-4.611296e+00	4.961133e-01	-2.745581e+00	1.690040e+00	-4.833714e+00	4.047548e-01	2.931668e-01	2.293477e-01	8.018312e-02	8.838641e-01	8.313480e-01	7.671100e+00	
47  22.3074	3.603499e+00	-4.611296e+00	6.281532e-01	-2.778351e+00	1.690458e+00	-4.245801e+00	4.030097e-01	3.062984e-01	2.177835e-01	1.091270e-01	6.762926e-01	8.313480e-01	7.671100e+00	
9  21.357	3.603499e+00	-4.611296e+00	4.190784e-01	-2.582106e+00	1.620390e+00	-4.498476e+00	4.158922e-01	2.900273e-01	2.536879e-01	9.467470e-02	8.528712e-01	8.313480e-01	7.671100e+00	
12  22.026	3.603499e+00	-4.611296e+00	4.688723e-01	-2.115011e+00	1.591697e+00	-4.462142e+00	4.188080e-01	3.105142e-01	2.786414e-01	8.360477e-02	8.255519e-01	8.313480e-01	7.671100e+00	
6  23.2839	3.603499e+00	-4.611296e+00	4.055864e-01	-2.475232e+00	1.638215e+00	-4.819132e+00	3.960721e-01	3.091727e-01	2.654091e-01	1.045814e-01	6.508720e-01	8.313480e-01	7.671100e+00	
28  22.7235	3.603499e+00	-4.611296e+00	4.851559e-01	-2.206655e+00	1.668860e+00	-4.829364e+00	4.317787e-01	3.154099e-01	2.876060e-01	1.110217e-01	7.914337e-01	8.313480e-01	7.671100e+00	
5  22.7271	3.603499e+00	-4.611296e+00	4.155429e-01	-1.559238e+00	1.664749e+00	-4.524639e+00	4.113969e-01	3.258877e-01	2.516894e-01	1.071509e-01	8.437003e-01	8.313480e-01	7.671100e+00	
2  26.5895	3.603499e+00	-4.611296e+00	6.693798e-01	-1.945531e+00	1.654515e+00	-4.092614e+00	4.168643e-01	3.274162e-01	2.638617e-01	1.376782e-01	6.680872e-01	8.313480e-01	7.671100e+00	
13  24.7171	3.416165e+00	-4.306622e+00	6.693798e-01	-1.945531e+00	1.654515e+00	-4.092614e+00	4.168643e-01	3.274162e-01	2.638617e-01	1.376782e-01	6.680872e-01	8.236684e-01	7.671100e+00	
10  23.1018	3.416165e+00	-4.306622e+00	6.953667e-01	-2.164354e+00	1.636234e+00	-4.201569e+00	4.297246e-01	3.126856e-01	2.678852e-01	1.227769e-01	7.487287e-01	8.236684e-01	7.671100e+00	
13  24.5234	3.416165e+00	-4.306622e+00	5.359825e-01	-2.689072e+00	1.648276e+00	-3.648341e+00	4.327515e-01	3.154815e-01	2.418659e-01	1.289582e-01	5.052304e-01	8.236684e-01	7.671100e+00	
6  24.2396	3.416165e+00	-4.306622e+00	4.923296e-01	-2.556050e+00	1.642107e+00	-3.663539e+00	4.117522e-01	2.875999e-01	2.335424e-01	1.260624e-01	7.385064e-01	8.236684e-01	7.671100e+00	
9  23.9408	3.416165e+00	-4.306622e+00	8.158174e-01	-1.983693e+00	1.644377e+00	-3.509992e+00	3.982342e-01	2.911645e-01	2.527890e-01	1.116504e-01	6.591552e-01	8.236684e-01	7.671100e+00	
16  25.4995	3.416165e+00	-4.306622e+00	7.776752e-01	-2.287724e+00	1.631201e+00	-3.905435e+00	3.720831e-01	2.584581e-01	2.305832e-01	1.285673e-01	9.891563e-01	8.236684e-01	7.671100e+00	
1  27.2593	3.416165e+00	-4.306622e+00	7.887086e-01	-2.812984e+00	1.642272e+00	-4.266032e+00	3.872140e-01	2.655456e-01	2.129513e-01	1.423667e-01	4.524296e-01	8.236684e-01	7.671100e+00	
21  24.5237	3.416165e+00	-4.306622e+00	8.561983e-01	-3.061300e+00	1.591646e+00	-4.643680e+00	4.006391e-01	2.665692e-01	1.792269e-01	1.206898e-01	9.153747e-01	8.236684e-01	7.671100e+00	
8  23.1103	3.416165e+00	-4.306622e+00	6.561392e-01	-3.522870e+00	1.572165e+00	-4.822818e+00	4.068949e-01	2.763639e-01	1.986571e-01	1.502085e-01	9.686409e-01	8.236684e-01	7.671100e+00	
4  24.5865	3.416165e+00	-4.306622e+00	8.067725e-01	-3.986173e+00	1.510217e+00	-4.198959e+00	4.202368e-01	2.826411e-01	1.900083e-01	1.230918e-01	9.412607e-01	8.236684e-01	7.671100e+00	
25  23.7302	3.416165e+00	-4.306622e+00	7.832633e-01	-4.436284e+00	1.561487e+00	-4.493181e+00	4.057715e-01	3.076356e-01	1.995088e-01	1.256865e-01	7.984517e-01	8.236684e-01	7.671100e+00	
1  21.7489	3.416165e+00	-4.306622e+00	7.589456e-01	-4.422510e+00	1.503803e+00	-4.539873e+00	4.034277e-01	3.031898e-01	2.059448e-01	1.222485e-01	5.068323e-01	8.236684e-01	7.671100e+00	
7  21.4716	3.416165e+00	-4.306622e+00	8.232328e-01	-4.171517e+00	1.549497e+00	-4.195399e+00	3.838255e-01	2.840357e-01	2.510545e-01	9.822800e-02	7.819606e-01	8.236684e-01	7.671100e+00	
1  21.616	3.416165e+00	-4.306622e+00	7.050782e-01	-3.847087e+00	1.508836e+00	-4.611008e+00	4.140501e-01	2.821596e-01	2.722149e-01	7.789435e-02	6.748910e-01	8.236684e-01	7.671100e+00	
12  21.4663	3.416165e+00	-4.306622e+00	3.837851e-01	-3.732767e+00	1.493438e+00	-4.636488e+00	4.104312e-01	2.798496e-01	2.918917e-01	6.759921e-02	9.526790e-01	8.236684e-01	7.671100e+00	
49  22.0695	3.416165e+00	-4.306622e+00	7.453923e-01	-3.943002e+00	1.525084e+00	-4.977356e+00	4.080724e-01	2.728628e-01	3.098584e-01	5.120020e-02	8.412695e-01	8.236684e-01	7.671100e+00	
9  24.7281	3.416165e+00	-4.306622e+00	5.780720e-01	-3.529842e+00	1.478161e+00	-4.522664e+00	3.635355e-01	3.232152e-01	3.001117e-01	4.180488e-02	6.738415e-01	8.236684e-01	7.671100e+00	
8  24.9132	3.416165e+00	-4.306622e+00	5.944925e-01	-3.188037e+00	1.541526e+00	-4.988070e+00	3.703170e-01	3.271118e-01	2.745977e-01	2.575494e-02	8.279003e-01	8.236684e-01	7.671100e+00	
20  22.9063	3.416165e+00	-4.306622e+00	4.588543e-01	-3.876342e+00	1.562558e+00	-4.922070e+00	3.640628e-01	3.068105e-01	3.024731e-01	3.645729e-02	9.544543e-01	8.236684e-01	7.671100e+00	
74  22.2641	3.416165e+00	-4.306622e+00	4.656253e-01	-4.284062e+00	1.547476e+00	-4.911803e+00	3.716669e-01	2.990641e-01	3.003706e-01	4.676929e-02	8.556713e-01	8.236684e-01	7.671100e+00	
16  22.4138	3.690111e+00	-4.012739e+00	4.656253e-01	-4.284062e+00	1.547476e+00	-4.911803e+00	3.716669e-01	2.990641e-01	3.003706e-01	4.676929e-02	8.556713e-01	8.301737e-01	7.671100e+00	
3  23.4774	3.690111e+00	-4.012739e+00	7.187485e-01	-4.753956e+00	1.593782e+00	-4.497889e+00	4.201651e-01	2.833065e-01	2.855676e-01	3.210227e-02	6.749224e-01	8.301737e-01	7.671100e+00	
22  25.6748	3.690111e+00	-4.012739e+00	8.584661e-01	-4.434049e+00	1.627563e+00	-4.117504e+00	4.239985e-01	2.568876e-01	2.530672e-01	4.377190e-02	9.063867e-01	8.301737e-01	7.671100e+00	
44  24.3292	3.690111e+00	-4.012739e+00	8.666998e-01	-4.263345e+00	1.575577e+00	-3.931722e+00	4.061260e-01	2.843264e-01	2.488326e-01	2.927940e-02	7.722334e-01	8.301737e-01	7.671100e+00	
8  24.4088	3.690111e+00	-4.012739e+00	8.959215e-01	-4.636149e+00	1.577039e+00	-3.805620e+00	4.199875e-01	2.997252e-01	2.546696e-01	5.490220e-02	7.326849e-01	8.301737e-01	7.671100e+00	
3  21.6164	3.690111e+00	-4.012739e+00	6.736485e-01	-4.009173e+00	1.526709e+00	-4.994237e+00	4.329082e-01	3.034313e-01	2.599949e-01	8.424535e-02	4.802211e-01	8.301737e-01	7.671100e+00	
13  25.3921	3.690111e+00	-4.012739e+00	8.117952e-01	-3.931308e+00	1.495625e+00	-4.988105e+00	4.627834e-01	2.809071e-01	2.504644e-01	8.298296e-02	7.757157e-01	8.301737e-01	7.671100e+00	
3  24.7427	3.690111e+00	-4.012739e+00	5.587600e-01	-4.446986e+00	1.541149e+00	-4.152813e+00	4.613832e-01	2.915163e-01	2.027685e-01	1.061496e-01	8.145484e-01	8.301737e-01	7.671100e+00	
6  24.1839	3.690111e+00	-4.012739e+00	3.340981e-01	-4.249935e+00	1.537110e+00	-4.043371e+00	4.485925e-01	3.083152e-01	1.841499e-01	8.992912e-02	8.773038e-01	8.301737e-01	7.671100e+00	
11  24.2837	3.690111e+00	-4.012739e+00	4.543578e-01	-3.805751e+00	1.528275e+00	-3.959418e+00	4.412971e-01	2.880045e-01	1.882578e-01	7.463054e-02	8.637700e-01	8.301737e-01	7.671100e+00	
22  23.3846	3.690111e+00	-4.012739e+00	3.469189e-01	-4.064934e+00	1.511720e+00	-4.433803e+00	4.337204e-01	2.948284e-01	2.156577e-01	7.338645e-02	8.103567e-01	8.301737e-01	7.671100e+00	
7  22.9731	3.690111e+00	-4.012739e+00	3.589826e-01	-4.200352e+00	1.508165e+00	-4.664513e+00	4.450286e-01	3.047037e-01	2.173093e-01	9.069727e-02	8.138332e-01	8.301737e-01	7.671100e+00	
3  22.7733	3.690111e+00	-4.012739e+00	4.279256e-01	-4.010940e+00	1.489358e+00	-4.206428e+00	4.049304e-01	2.810482e-01	2.365069e-01	8.003996e-02	7.795436e-01	8.301737e-01	7.671100e+00	
2  24.3778	3.690111e+00	-4.012739e+00	4.148747e-01	-3.946026e+00	1.507999e+00	-4.197681e+00	4.033647e-01	2.987351e-01	1.965218e-01	6.400806e-02	6.132425e-01	8.301737e-01	7.671100e+00	
10  22.1764	3.690111e+00	-4.012739e+00	3.670418e-01	-3.104743e+00	1.544421e+00	-4.666752e+00	4.015584e-01	3.260322e-01	2.181756e-01	4.276441e-02	8.159836e-01	8.301737e-01	7.671100e+00	
18  22.291	3.690111e+00	-4.012739e+00	2.016765e-01	-2.244068e+00	1.572842e+00	-4.583999e+00	3.874619e-01	3.397674e-01	2.544262e-01	5.701247e-02	8.819877e-01	8.301737e-01	7.671100e+00	
23  23.9595	3.690111e+00	-4.012739e+00	8.438504e-02	-2.215680e+00	1.627149e+00	-4.856813e+00	3.692560e-01	3.376707e-01	2.372196e-01	4.633430e-02	9.990027e-01	8.301737e-01	7.671100e+00	
32  23.7359	3.690111e+00	-4.012739e+00	9.667513e-02	-2.407174e+00	1.613034e+00	-4.648223e+00	3.949808e-01	3.233181e-01	2.544242e-01	3.990470e-02	9.391001e-01	8.301737e-01	7.671100e+00	
3  25.1259	3.690111e+00	-4.012739e+00	3.097337e-01	-2.691842e+00	1.580452e+00	-4.936933e+00	3.663197e-01	3.524267e-01	2.549892e-01	3.889304e-02	6.894430e-01	8.301737e-01	7.671100e+00	
19  23.999	3.690111e+00	-4.012739e+00	3.233307e-01	-2.927492e+00	1.611223e+00	-4.791506e+00	3.777624e-01	3.764222e-01	2.338655e-01	4.012483e-02	7.396546e-01	8.301737e-01	7.671100e+00	
13  23.0073	3.690111e+00	-4.012739e+00	3.416876e-01	-2.395305e+00	1.609951e+00	-4.711407e+00	3.843722e-01	3.339436e-01	2.325369e-01	2.952521e-02	8.314922e-01	8.301737e-01	7.671100e+00	
13  22.3272	3.690111e+00	-4.012739e+00	3.540995e-01	-2.478423e+00	1.525403e+00	-4.079080e+00	4.169666e-01	3.162882e-01	2.256526e-01	4.295441e-02	7.709797e-01	8.301737e-01	7.671100e+00	
6  21.9888	3.690111e+00	-4.012739e+00	4.593919e-01	-2.037361e+00	1.493260e+00	-3.322386e+00	4.111544e-01	3.332926e-01	2.438412e-01	5.419425e-02	7.326336e-01	8.301737e-01	7.671100e+00	
8  21.6077	3.690111e+00	-4.012739e+00	1.672476e-01	-1.943798e+00	1.510007e+00	-3.244795e+00	4.020971e-01	3.246227e-01	2.441777e-01	3.764264e-02	9.629211e-01	8.301737e-01	7.671100e+00	
6  21.7525	3.560814e+00	-4.235805e+00	1.672476e-01	-1.943798e+00	1.510007e+00	-3.244795e+00	4.020971e-01	3.246227e-01	2.441777e-01	3.764264e-02	9.629211e-01	8.253539e-01	7.671100e+00	
4  22.1472	3.560814e+00	-4.235805e+00	2.938469e-01	-2.446462e+00	1.515313e+00	-3.075341e+00	4.074972e-01	3.323292e-01	2.208443e-01	3.553128e-02	9.438604e-01	8.253539e-01	7.671100e+00	
20  21.8479	3.560814e+00	-4.235805e+00	2.457526e-01	-2.372982e+00	1.509403e+00	-3.943470e+00	3.862935e-01	3.346373e-01	2.296119e-01	3.764485e-02	9.204363e-01	8.253539e-01	7.671100e+00	
17  21.4972	3.560814e+00	-4.235805e+00	3.573810e-01	-2.775239e+00	1.571490e+00	-3.180349e+00	4.127981e-01	3.297037e-01	2.270611e-01	6.746838e-02	7.466048e-01	8.253539e-01	7.671100e+00	
9  21.8151	3.560814e+00	-4.235805e+00	4.234406e-01	-3.392760e+00	1.564453e+00	-3.206392e+00	4.033932e-01	3.613408e-01	2.242056e-01	6.429011e-02	7.528163e-01	8.253539e-01	7.671100e+00	
24  21.7339	3.664876e+00	-4.095883e+00	4.234406e-01	-3.392760e+00	1.564453e+00	-3.206392e+00	4.033932e-01	3.613408e-01	2.242056e-01	6.429011e-02	7.528163e-01	8.280888e-01	7.671100e+00	
3  22.829	3.664876e+00	-4.095883e+00	2.790099e-01	-4.322188e+00	1.604429e+00	-2.882918e+00	3.994511e-01	3.440235e-01	2.549548e-01	7.005153e-02	7.131765e-01	8.280888e-01	7.671100e+00	
1  22.1875	3.664876e+00	-4.095883e+00	1.961706e-01	-4.114644e+00	1.605900e+00	-2.889498e+00	3.893180e-01	3.446986e-01	2.864710e-01	6.960351e-02	9.344184e-01	8.280888e-01	7.671100e+00	
6  22.9758	3.664876e+00	-4.095883e+00	5.288561e-01	-3.676824e+00	1.596297e+00	-3.255673e+00	4.126241e-01	3.248785e-01	2.687030e-01	7.192962e-02	5.103964e-01	8.280888e-01	7.671100e+00	
2  23.4495	3.664876e+00	-4.095883e+00	6.588109e-01	-3.018812e+00	1.604159e+00	-2.965115e+00	3.934511e-01	3.132979e-01	2.496013e-01	4.475189e-02	6.779832e-01	8.280888e-01	7.671100e+00	
49  23.1368	3.664876e+00	-4.095883e+00	5.811609e-01	-3.148916e+00	1.692112e+00	-2.829934e+00	4.137380e-01	3.018980e-01	2.407671e-01	3.867347e-02	6.316410e-01	8.280888e-01	7.671100e+00	
19  23.5131	3.664876e+00	-4.095883e+00	5.476794e-01	-2.475506e+00	1.659262e+00	-2.797664e+00	4.197207e-01	3.065184e-01	2.500207e-01	4.472993e-02	7.094220e-01	8.280888e-01	7.671100e+00	
2  22.6293	3.664876e+00	-4.095883e+00	4.858627e-01	-2.783656e+00	1.690722e+00	-3.168242e+00	3.951633e-01	3.128394e-01	2.350546e-01	3.916744e-02	7.072942e-01	8.280888e-01	7.671100e+00	
8  22.3353	3.664876e+00	-4.095883e+00	4.453441e-01	-2.950222e+00	1.675249e+00	-3.286722e+00	3.966366e-01	3.359401e-01	2.444295e-01	6.563918e-02	7.799053e-01	8.280888e-01	7.671100e+00	
1  24.0142	3.664876e+00	-4.095883e+00	7.279246e-01	-2.806453e+00	1.685701e+00	-3.206319e+00	4.281340e-01	3.104253e-01	2.235288e-01	5.589517e-02	6.859597e-01	8.280888e-01	7.671100e+00	
13  23.9798	3.664876e+00	-4.095883e+00	7.248495e-01	-3.718840e+00	1.665255e+00	-3.054639e+00	4.356953e-01	2.991567e-01	2.183283e-01	8.814444e-02	7.791832e-01	8.280888e-01	7.671100e+00	
7  23.6887	3.664876e+00	-4.095883e+00	4.921822e-01	-3.985753e+00	1.663435e+00	-2.957822e+00	4.313384e-01	3.149708e-01	2.333359e-01	8.069994e-02	8.649952e-01	8.280888e-01	7.671100e+00	
51  24.1523	3.664876e+00	-4.095883e+00	1.478954e-01	-4.551905e+00	1.683897e+00	-2.988267e+00	4.271999e-01	3.769565e-01	2.414312e-01	1.078734e-01	7.866289e-01	8.280888e-01	7.671100e+00	
17  24.0741	2.718081e+00	-4.691723e+00	1.478954e-01	-4.551905e+00	1.683897e+00	-2.988267e+00	4.271999e-01	3.769565e-01	2.414312e-01	1.078734e-01	7.866289e-01	8.313389e-01	7.671100e+00	
12  23.2187	2.718081e+00	-4.691723e+00	3.554581e-01	-4.944610e+00	1.654005e+00	-3.099187e+00	4.088374e-01	3.776754e-01	2.376085e-01	5.993226e-02	5.713622e-01	8.313389e-01	7.671100e+00	
18  23.0328	2.718081e+00	-4.691723e+00	4.306387e-01	-4.629631e+00	1.648766e+00	-3.099650e+00	4.175228e-01	3.525631e-01	2.163240e-01	7.583864e-02	6.588646e-01	8.313389e-01	7.671100e+00	
43  23.5149	2.718081e+00	-4.691723e+00	1.449975e-01	-4.645955e+00	1.635254e+00	-3.442382e+00	3.825459e-01	3.554815e-01	2.204178e-01	2.820920e-02	8.758085e-01	8.313389e-01	7.671100e+00	
31  23.6183	2.718081e+00	-4.691723e+00	2.575764e-01	-4.984724e+00	1.637196e+00	-3.815891e+00	3.832132e-01	3.750406e-01	2.273113e-01	2.518777e-02	6.375143e-01	8.313389e-01	7.671100e+00	
2  23.8724	3.129259e+00	-4.932429e+00	2.575764e-01	-4.984724e+00	1.637196e+00	-3.815891e+00	3.832132e-01	3.750406e-01	2.273113e-01	2.518777e-02	6.375143e-01	8.257446e-01	7.671100e+00	
6  23.6575	3.129259e+00	-4.932429e+00	4.457667e-01	-4.956741e+00	1.613122e+00	-3.881056e+00	3.840473e-01	3.600532e-01	2.242630e-01	2.586438e-02	5.433554e-01	8.257446e-01	7.671100e+00	
3  24.6214	3.129259e+00	-4.932429e+00	5.285732e-01	-4.709895e+00	1.614289e+00	-3.469036e+00	3.689847e-01	3.381809e-01	2.595158e-01	6.479526e-02	5.953855e-01	8.257446e-01	7.671100e+00	
1  24.8553	3.026903e+00	-4.220770e+00	5.285732e-01	-4.709895e+00	1.614289e+00	-3.469036e+00	3.689847e-01	3.381809e-01	2.595158e-01	6.479526e-02	5.953855e-01	8.228596e-01	7.671100e+00	
4  23.278	3.624205e+00	-4.102976e+00	5.285732e-01	-4.709895e+00	1.614289e+00	-3.469036e+00	3.689847e-01	3.381809e-01	2.595158e-01	6.479526e-02	5.953855e-01	8.297278e-01	7.671100e+00	
6  21.8268	3.624205e+00	-4.102976e+00	5.764363e-01	-4.796029e+00	1.560837e+00	-3.292817e+00	3.799608e-01	3.334351e-01	2.505829e-01	6.038630e-02	7.158661e-01	8.297278e-01	7.671100e+00	
5  20.8834	3.322874e+00	-4.276078e+00	5.764363e-01	-4.796029e+00	1.560837e+00	-3.292817e+00	3.799608e-01	3.334351e-01	2.505829e-01	6.038630e-02	7.158661e-01	8.329697e-01	7.671100e+00	
31  20.5716	3.322874e+00	-4.276078e+00	5.389410e-01	-4.493648e+00	1.514015e+00	-2.794367e+00	3.932528e-01	3.298673e-01	2.322694e-01	3.391439e-02	7.516591e-01	8.329697e-01	7.671100e+00	
6  21.1999	3.322874e+00	-4.276078e+00	4.359780e-01	-4.192739e+00	1.457392e+00	-2.628108e+00	3.967902e-01	3.170361e-01	2.387843e-01	5.475611e-02	7.159880e-01	8.329697e-01	7.671100e+00	
34  20.7359	3.322874e+00	-4.276078e+00	5.824096e-01	-4.742351e+00	1.432087e+00	-3.407886e+00	4.014006e-01	3.362739e-01	2.707327e-01	6.439174e-02	5.596272e-01	8.329697e-01	7.671100e+00	
18  20.3621	3.322874e+00	-4.276078e+00	3.958540e-01	-4.358596e+00	1.459914e+00	-3.649342e+00	3.825845e-01	3.333901e-01	2.589009e-01	5.637192e-02	9.028917e-01	8.329697e-01	7.671100e+00	
43  20.8636	3.322874e+00	-4.276078e+00	3.594366e-01	-4.522834e+00	1.438326e+00	-3.532250e+00	3.881963e-01	3.270840e-01	2.439686e-01	5.539439e-02	9.980228e-01	8.329697e-01	7.671100e+00	
1  21.3205	3.322874e+00	-4.276078e+00	5.012873e-01	-4.012437e+00	1.411046e+00	-3.279014e+00	3.983902e-01	3.271666e-01	2.493444e-01	3.885311e-02	7.346389e-01	8.329697e-01	7.671100e+00	
2  21.8027	3.322874e+00	-4.276078e+00	4.902165e-01	-3.979584e+00	1.430125e+00	-2.910875e+00	3.855258e-01	3.223693e-01	2.200142e-01	3.278806e-02	5.868496e-01	8.329697e-01	7.671100e+00	
1  22.0047	3.322874e+00	-4.276078e+00	5.362693e-01	-3.851535e+00	1.443217e+00	-3.221603e+00	3.776494e-01	3.189741e-01	2.161546e-01	5.371881e-02	8.939454e-01	8.329697e-01	7.671100e+00	
1  20.3984	3.322874e+00	-4.276078e+00	7.243438e-01	-3.894435e+00	1.466584e+00	-3.336069e+00	3.889223e-01	3.073898e-01	2.204044e-01	6.470027e-02	5.624002e-01	8.329697e-01	7.671100e+00	
8  20.9568	3.322874e+00	-4.276078e+00	8.146037e-01	-4.405072e+00	1.419476e+00	-3.118836e+00	3.753736e-01	3.028658e-01	2.194572e-01	6.955192e-02	6.414751e-01	8.329697e-01	7.671100e+00	
11  20.6176	3.322874e+00	-4.276078e+00	7.970654e-01	-4.379677e+00	1.370734e+00	-2.836952e+00	3.637660e-01	2.836987e-01	2.232544e-01	9.374407e-02	5.233378e-01	8.329697e-01	7.671100e+00	
26  19.5967	3.322874e+00	-4.276078e+00	6.799670e-01	-4.809031e+00	1.435791e+00	-2.230051e+00	3.653311e-01	2.829672e-01	2.178089e-01	1.020672e-01	4.858671e-01	8.329697e-01	7.671100e+00	
12  20.6145	3.068559e+00	-4.605712e+00	6.799670e-01	-4.809031e+00	1.435791e+00	-2.230051e+00	3.653311e-01	2.829672e-01	2.178089e-01	1.020672e-01	4.858671e-01	8.295259e-01	7.671100e+00	
8  20.63	3.035643e+00	-4.010231e+00	6.799670e-01	-4.809031e+00	1.435791e+00	-2.230051e+00	3.653311e-01	2.829672e-01	2.178089e-01	1.020672e-01	4.858671e-01	8.312536e-01	7.671100e+00	
91  19.4801	3.035643e+00	-4.010231e+00	6.664553e-01	-4.678854e+00	1.444410e+00	-2.540216e+00	3.715421e-01	2.809374e-01	2.001688e-01	6.634017e-02	4.557879e-01	8.312536e-01	7.671100e+00	
32  19.5372	3.023924e+00	-4.484829e+00	6.664553e-01	-4.678854e+00	1.444410e+00	-2.540216e+00	3.715421e-01	2.809374e-01	2.001688e-01	6.634017e-02	4.557879e-01	8.232593e-01	7.671100e+00	
1  19.5203	2.971431e+00	-4.922622e+00	6.664553e-01	-4.678854e+00	1.444410e+00	-2.540216e+00	3.715421e-01	2.809374e-01	2.001688e-01	6.634017e-02	4.557879e-01	8.302285e-01	7.671100e+00	
43  19.4634	3.423903e+00	-4.935319e+00	6.664553e-01	-4.678854e+00	1.444410e+00	-2.540216e+00	3.715421e-01	2.809374e-01	2.001688e-01	6.634017e-02	4.557879e-01	8.293335e-01	7.671100e+00	
22  19.3692	3.650409e+00	-5.028861e+00	6.664553e-01	-4.678854e+00	1.444410e+00	-2.540216e+00	3.715421e-01	2.809374e-01	2.001688e-01	6.634017e-02	4.557879e-01	8.284046e-01	7.671100e+00	
45  19.6281	3.693646e+00	-5.231668e+00	6.664553e-01	-4.678854e+00	1.444410e+00	-2.540216e+00	3.715421e-01	2.809374e-01	2.001688e-01	6.634017e-02	4.557879e-01	8.295587e-01	7.671100e+00	
5  19.491	3.408992e+00	-5.459626e+00	6.664553e-01	-4.678854e+00	1.444410e+00	-2.540216e+00	3.715421e-01	2.809374e-01	2.001688e-01	6.634017e-02	4.557879e-01	8.282167e-01	7.671100e+00	
14  20.3816	3.408992e+00	-5.459626e+00	6.056334e-01	-4.261273e+00	1.436706e+00	-2.584529e+00	3.590211e-01	3.150666e-01	1.916609e-01	5.868502e-02	4.540500e-01	8.282167e-01	7.671100e+00	
59  20.2029	3.408992e+00	-5.459626e+00	4.316371e-01	-4.364195e+00	1.417986e+00	-1.950437e+00	3.893655e-01	3.256476e-01	2.090932e-01	6.748698e-02	5.872555e-01	8.282167e-01	7.671100e+00	
8  20.0535	3.408992e+00	-5.459626e+00	7.138203e-01	-4.764857e+00	1.343249e+00	-2.384656e+00	3.868456e-01	3.202655e-01	2.194767e-01	6.349646e-02	1.971040e-01	8.282167e-01	7.671100e+00	
1  22.9766	3.408992e+00	-5.459626e+00	7.153450e-01	-4.140152e+00	1.375322e+00	-2.886174e+00	3.692767e-01	3.411571e-01	2.049653e-01	6.106957e-02	1.810972e-01	8.282167e-01	7.671100e+00	
6  24.1007	2.772377e+00	-5.482010e+00	7.153450e-01	-4.140152e+00	1.375322e+00	-2.886174e+00	3.692767e-01	3.411571e-01	2.049653e-01	6.106957e-02	1.810972e-01	8.253341e-01	7.671100e+00	
7  24.0827	2.772377e+00	-5.482010e+00	5.482661e-01	-4.558090e+00	1.347959e+00	-2.632246e+00	3.753319e-01	3.291108e-01	1.860674e-01	4.627694e-02	2.750437e-01	8.253341e-01	7.671100e+00	
2  27.1404	2.772377e+00	-5.482010e+00	4.813168e-01	-4.505927e+00	1.340045e+00	-2.393476e+00	3.833411e-01	3.213750e-01	1.536827e-01	5.402722e-02	3.764711e-01	8.253341e-01	7.671100e+00	
6  23.9006	2.772377e+00	-5.482010e+00	6.657659e-01	-4.389851e+00	1.266534e+00	-2.447502e+00	3.758842e-01	3.290420e-01	1.622586e-01	6.731710e-02	7.571084e-02	8.253341e-01	7.671100e+00	
2  21.7649	2.772377e+00	-5.482010e+00	6.560987e-01	-4.531493e+00	1.237684e+00	-1.974744e+00	3.745986e-01	3.425115e-01	1.854974e-01	6.759033e-02	3.705181e-01	8.253341e-01	7.671100e+00	
2  22.247	3.494074e+00	-5.740886e+00	6.560987e-01	-4.531493e+00	1.237684e+00	-1.974744e+00	3.745986e-01	3.425115e-01	1.854974e-01	6.759033e-02	3.705181e-01	8.248541e-01	7.671100e+00	
3  23.1427	3.494074e+00	-5.740886e+00	5.795155e-01	-3.914896e+00	1.278301e+00	-1.894389e+00	3.546510e-01	3.229415e-01	2.055806e-01	3.925771e-02	7.478763e-01	8.248541e-01	7.671100e+00	
5  23.4018	3.494074e+00	-5.740886e+00	7.629599e-01	-4.377688e+00	1.288961e+00	-1.743203e+00	3.375914e-01	3.211009e-01	2.244614e-01	7.692005e-02	5.478733e-01	8.248541e-01	7.671100e+00	
24  23.5896	3.456721e+00	-5.491081e+00	7.629599e-01	-4.377688e+00	1.288961e+00	-1.743203e+00	3.375914e-01	3.211009e-01	2.244614e-01	7.692005e-02	5.478733e-01	8.314987e-01	7.671100e+00	
54  23.5171	3.456721e+00	-5.491081e+00	5.198657e-01	-4.765689e+00	1.315281e+00	-1.575816e+00	3.483267e-01	3.059396e-01	2.339064e-01	2.495702e-02	7.219892e-01	8.314987e-01	7.671100e+00	
8  23.5723	3.614396e+00	-4.569326e+00	5.198657e-01	-4.765689e+00	1.315281e+00	-1.575816e+00	3.483267e-01	3.059396e-01	2.339064e-01	2.495702e-02	7.219892e-01	8.234096e-01	7.671100e+00	
28  22.9696	3.614396e+00	-4.569326e+00	5.356425e-01	-4.567774e+00	1.312739e+00	-1.011576e+00	3.437859e-01	3.002256e-01	2.437212e-01	5.960063e-02	8.223896e-01	8.234096e-01	7.671100e+00	
49  20.3414	3.614396e+00	-4.569326e+00	6.195542e-01	-4.518228e+00	1.276581e+00	-7.173079e-01	3.635196e-01	3.143663e-01	2.204317e-01	6.673706e-02	5.015947e-01	8.234096e-01	7.671100e+00	
11  21.2751	3.614396e+00	-4.569326e+00	6.033893e-01	-4.116139e+00	1.380542e+00	-4.918144e-01	3.511681e-01	3.107238e-01	2.105143e-01	8.933165e-02	5.057060e-01	8.234096e-01	7.671100e+00	
12  21.0678	3.614396e+00	-4.569326e+00	8.235474e-01	-4.277425e+00	1.383569e+00	-4.559099e-01	3.739864e-01	3.088271e-01	1.971815e-01	7.819284e-02	4.057910e-01	8.234096e-01	7.671100e+00	
10  22.067	3.614396e+00	-4.569326e+00	6.753815e-01	-4.603548e+00	1.410517e+00	3.015801e-01	3.751433e-01	2.825062e-01	1.885524e-01	7.359356e-02	5.638501e-01	8.234096e-01	7.671100e+00	
1  22.8849	3.614396e+00	-4.569326e+00	8.738209e-01	-4.507344e+00	1.416540e+00	6.196474e-01	3.761724e-01	3.078447e-01	1.777656e-01	7.390215e-02	1.464472e-02	8.234096e-01	7.671100e+00	
36  23.6652	3.614396e+00	-4.569326e+00	8.137440e-01	-4.259785e+00	1.425224e+00	7.453563e-01	3.549576e-01	3.203074e-01	1.950950e-01	5.944297e-02	8.104090e-02	8.234096e-01	7.671100e+00	
2  22.808	3.614396e+00	-4.569326e+00	7.196564e-01	-4.316379e+00	1.336489e+00	8.440440e-01	3.649376e-01	3.248753e-01	1.985870e-01	6.274695e-02	4.841473e-01	8.234096e-01	7.671100e+00	
39  21.5899	3.614396e+00	-4.569326e+00	7.492398e-01	-4.336303e+00	1.367710e+00	1.391879e+00	3.767127e-01	3.183784e-01	1.955392e-01	6.532819e-02	3.987567e-01	8.234096e-01	7.671100e+00	
16  21.5272	3.614396e+00	-4.569326e+00	6.436933e-01	-4.982525e+00	1.413995e+00	1.439849e+00	3.659066e-01	3.180499e-01	1.959347e-01	6.896671e-02	5.003027e-02	8.234096e-01	7.671100e+00	
38  22.2219	3.614396e+00	-4.569326e+00	6.405853e-01	-4.857748e+00	1.389467e+00	1.463519e+00	3.756425e-01	3.157217e-01	1.978756e-01	5.958853e-02	7.012360e-01	8.234096e-01	7.671100e+00	
8  22.3162	3.614396e+00	-4.569326e+00	4.806105e-01	-4.776184e+00	1.348118e+00	1.021934e+00	3.629348e-01	3.189672e-01	2.027969e-01	6.112119e-02	6.446202e-01	8.234096e-01	7.671100e+00	
3  24.5121	3.614396e+00	-4.569326e+00	9.446444e-01	-4.715026e+00	1.365645e+00	1.589548e+00	3.844286e-01	2.847569e-01	1.687957e-01	4.987991e-02	4.541015e-01	8.234096e-01	7.671100e+00	
16  24.6892	3.614396e+00	-4.569326e+00	8.768449e-01	-4.599690e+00	1.352095e+00	1.386617e+00	3.714039e-01	2.740498e-01	1.796821e-01	4.016938e-02	4.510821e-01	8.234096e-01	7.671100e+00	
20  23.2289	3.614396e+00	-4.569326e+00	7.298002e-01	-4.562022e+00	1.312677e+00	1.669257e+00	3.646606e-01	2.905505e-01	1.783301e-01	3.946838e-02	5.274080e-01	8.234096e-01	7.671100e+00	
19  23.4601	3.675110e+00	-5.310848e+00	7.298002e-01	-4.562022e+00	1.312677e+00	1.669257e+00	3.646606e-01	2.905505e-01	1.783301e-01	3.946838e-02	5.274080e-01	8.249552e-01	7.671100e+00	
15  26.8139	3.675110e+00	-5.310848e+00	7.684060e-01	-4.984200e+00	1.295332e+00	1.989835e+00	3.522095e-01	3.034851e-01	2.113478e-01	3.494549e-02	6.684761e-01	8.249552e-01	7.671100e+00	
7  26.2471	3.675110e+00	-5.310848e+00	7.978416e-01	-4.617073e+00	1.260676e+00	2.044944e+00	3.681838e-01	3.213540e-01	2.040237e-01	4.174008e-02	7.204605e-01	8.249552e-01	7.671100e+00	
8  23.5937	3.675110e+00	-5.310848e+00	6.608790e-01	-4.718778e+00	1.265828e+00	2.233334e+00	3.840686e-01	3.174730e-01	2.115416e-01	4.737534e-02	6.787550e-01	8.249552e-01	7.671100e+00	
1  22.5462	3.675110e+00	-5.310848e+00	8.096728e-01	-4.935100e+00	1.234985e+00	1.367888e+00	3.939196e-01	3.063812e-01	2.027327e-01	3.521452e-02	1.627177e-01	8.249552e-01	7.671100e+00	
2  23.5943	3.675110e+00	-5.310848e+00	9.329150e-01	-4.734313e+00	1.159059e+00	1.349072e+00	3.856982e-01	3.213066e-01	1.981273e-01	4.872825e-02	4.838944e-01	8.249552e-01	7.671100e+00	
6  23.7868	3.675110e+00	-5.310848e+00	8.044973e-01	-4.938842e+00	1.127781e+00	1.364876e+00	3.896496e-01	3.104459e-01	2.015580e-01	4.791289e-02	6.718282e-01	8.249552e-01	7.671100e+00	
5  23.418	3.675110e+00	-5.310848e+00	7.717118e-01	-4.433908e+00	1.210329e+00	9.591111e-01	3.909923e-01	3.147453e-01	1.975230e-01	6.744841e-02	7.869771e-01	8.249552e-01	7.671100e+00	
9  24.282	3.675110e+00	-5.310848e+00	8.486140e-01	-4.833214e+00	1.124454e+00	6.972651e-01	3.906586e-01	2.978014e-01	2.155586e-01	7.006508e-02	7.541241e-01	8.249552e-01	7.671100e+00	
7  24.0357	3.675110e+00	-5.310848e+00	6.797151e-01	-4.792899e+00	1.059862e+00	1.063393e+00	3.917199e-01	3.117591e-01	1.953788e-01	8.515694e-02	9.394122e-01	8.249552e-01	7.671100e+00	
10  25.0901	3.675110e+00	-5.310848e+00	5.308115e-01	-4.201491e+00	1.058302e+00	7.718742e-01	3.769268e-01	3.335550e-01	2.326504e-01	7.472555e-02	8.758228e-01	8.249552e-01	7.671100e+00	
4  25.1709	3.675110e+00	-5.310848e+00	9.440516e-01	-4.328757e+00	1.077626e+00	1.120333e+00	3.748975e-01	3.388622e-01	2.070957e-01	8.261410e-02	7.814428e-01	8.249552e-01	7.671100e+00	
9  28.0033	3.675110e+00	-5.310848e+00	7.321910e-01	-4.489581e+00	1.071031e+00	1.465043e+00	3.722584e-01	3.262174e-01	1.776682e-01	5.991067e-02	5.597125e-01	8.249552e-01	7.671100e+00	
4  24.7714	3.675110e+00	-5.310848e+00	8.631152e-01	-4.976808e+00	1.041571e+00	1.161797e+00	4.037748e-01	3.424788e-01	1.822533e-01	7.060973e-02	7.251330e-01	8.249552e-01	7.671100e+00	
49  23.0178	3.675110e+00	-5.310848e+00	8.384650e-01	-4.877811e+00	1.100593e+00	-1.519860e-01	4.107182e-01	3.438095e-01	1.934999e-01	6.204291e-02	5.216915e-01	8.249552e-01	7.671100e+00	
23  21.6501	3.675110e+00	-5.310848e+00	8.678449e-01	-4.888079e+00	1.159192e+00	-4.234050e-01	3.788412e-01	3.593276e-01	2.268512e-01	6.054168e-02	4.989255e-01	8.249552e-01	7.671100e+00	
1  21.0941	3.675110e+00	-5.310848e+00	6.799563e-01	-4.788752e+00	1.184016e+00	-7.033392e-01	3.680174e-01	3.786260e-01	2.091445e-01	7.109322e-02	4.683693e-01	8.249552e-01	7.671100e+00	
2  20.7149	3.675110e+00	-5.310848e+00	8.508570e-01	-4.637449e+00	1.192127e+00	-6.930989e-01	3.861583e-01	3.511262e-01	1.986849e-01	7.481415e-02	3.616751e-01	8.249552e-01	7.671100e+00	
19  20.4236	3.675110e+00	-5.310848e+00	7.256411e-01	-4.382712e+00	1.263833e+00	-1.091736e+00	3.956546e-01	3.266640e-01	1.977800e-01	5.706293e-02	3.506376e-01	8.249552e-01	7.671100e+00	
78  19.9636	3.675110e+00	-5.310848e+00	5.692732e-01	-4.589365e+00	1.323598e+00	-9.619037e-01	3.675084e-01	3.474701e-01	1.893562e-01	3.665755e-02	4.696690e-01	8.249552e-01	7.671100e+00	
2  20.248	3.675110e+00	-5.310848e+00	5.847249e-01	-4.255114e+00	1.322524e+00	-1.513306e+00	3.663793e-01	3.409615e-01	2.036706e-01	3.868962e-02	5.184202e-01	8.249552e-01	7.671100e+00	
11  20.7847	3.675110e+00	-5.310848e+00	7.932555e-01	-4.082489e+00	1.350601e+00	-1.782384e+00	3.556754e-01	3.257948e-01	2.083753e-01	6.814656e-02	2.360186e-01	8.249552e-01	7.671100e+00	
41  21.2908	3.675110e+00	-5.310848e+00	8.869845e-01	-4.481307e+00	1.282379e+00	-2.714263e+00	3.817419e-01	3.131922e-01	1.953519e-01	7.418562e-02	3.001657e-01	8.249552e-01	7.671100e+00	
2  22.3012	3.675110e+00	-5.310848e+00	9.914522e-01	-4.814757e+00	1.311644e+00	-2.966618e+00	3.880906e-01	3.182195e-01	2.123360e-01	8.829872e-02	2.405932e-01	8.249552e-01	7.671100e+00	
8  22.4164	3.675110e+00	-5.310848e+00	7.541479e-01	-4.967009e+00	1.208116e+00	-3.157006e+00	3.529629e-01	3.267856e-01	2.454841e-01	8.485528e-02	4.999719e-01	8.249552e-01	7.671100e+00	
43  22.8448	3.675110e+00	-5.310848e+00	9.253830e-01	-4.525672e+00	1.178150e+00	-2.649785e+00	3.770740e-01	3.231882e-01	2.247330e-01	1.043106e-01	2.002709e-01	8.249552e-01	7.671100e+00	
40  22.7265	3.681087e+00	-4.982566e+00	9.253830e-01	-4.525672e+00	1.178150e+00	-2.649785e+00	3.770740e-01	3.231882e-01	2.247330e-01	1.043106e-01	2.002709e-01	8.290948e-01	7.671100e+00	
7  22.6565	3.681087e+00	-4.982566e+00	8.802286e-01	-4.724615e+00	1.197903e+00	-2.250633e+00	3.900644e-01	3.536715e-01	2.346808e-01	9.009742e-02	2.420497e-01	8.290948e-01	7.671100e+00	
8  22.8178	3.681087e+00	-4.982566e+00	6.597864e-01	-4.678538e+00	1.233989e+00	-2.160870e+00	3.743918e-01	3.700598e-01	2.365028e-01	7.313567e-02	2.842970e-01	8.290948e-01	7.671100e+00	
5  22.7786	3.590942e+00	-4.213549e+00	6.597864e-01	-4.678538e+00	1.233989e+00	-2.160870e+00	3.743918e-01	3.700598e-01	2.365028e-01	7.313567e-02	2.842970e-01	8.277586e-01	7.671100e+00	
13  24.3291	3.590942e+00	-4.213549e+00	5.510957e-01	-4.888652e+00	1.300534e+00	-2.302417e+00	3.754511e-01	3.827196e-01	2.573093e-01	1.498964e-01	7.781182e-01	8.277586e-01	7.671100e+00	
5  23.2038	3.590942e+00	-4.213549e+00	4.170368e-01	-4.779294e+00	1.309987e+00	-2.420187e+00	3.666340e-01	3.799865e-01	2.526857e-01	1.511342e-01	8.426594e-01	8.277586e-01	7.671100e+00	
1  23.437	3.590942e+00	-4.213549e+00	3.659877e-01	-4.869651e+00	1.241343e+00	-2.709884e+00	3.712118e-01	3.738417e-01	2.487530e-01	1.237671e-01	7.061506e-01	8.277586e-01	7.671100e+00	
1  22.6668	3.590942e+00	-4.213549e+00	4.803984e-01	-4.520199e+00	1.289973e+00	-3.211740e+00	3.558990e-01	3.763183e-01	2.448381e-01	1.120473e-01	5.473316e-01	8.277586e-01	7.671100e+00	
4  21.7989	3.590942e+00	-4.213549e+00	3.490486e-01	-4.219808e+00	1.292089e+00	-3.404665e+00	3.702963e-01	3.744695e-01	2.510885e-01	7.576636e-02	7.915989e-01	8.277586e-01	7.671100e+00	
49  21.6589	3.590942e+00	-4.213549e+00	3.831689e-01	-4.106226e+00	1.292856e+00	-4.098270e+00	3.673014e-01	3.517328e-01	2.566799e-01	7.012951e-02	8.961851e-01	8.277586e-01	7.671100e+00	
3  21.9422	3.590942e+00	-4.213549e+00	3.385745e-01	-3.582708e+00	1.270361e+00	-3.652718e+00	3.627783e-01	3.592305e-01	2.546376e-01	1.005497e-01	9.051242e-01	8.277586e-01	7.671100e+00	
17  22.566	3.590942e+00	-4.213549e+00	3.093869e-01	-3.422190e+00	1.242633e+00	-3.762830e+00	3.826349e-01	3.878204e-01	2.752494e-01	7.528140e-02	9.424402e-01	8.277586e-01	7.671100e+00	
38  22.5422	3.609279e+00	-5.558293e+00	3.093869e-01	-3.422190e+00	1.242633e+00	-3.762830e+00	3.826349e-01	3.878204e-01	2.752494e-01	7.528140e-02	9.424402e-01	8.244712e-01	7.671100e+00	
1  22.6539	3.609279e+00	-5.558293e+00	3.652233e-01	-3.903240e+00	1.244023e+00	-3.674862e+00	3.789727e-01	3.751642e-01	2.664244e-01	1.005593e-01	9.451293e-01	8.244712e-01	7.671100e+00	
8  22.7485	3.609279e+00	-5.558293e+00	4.249825e-01	-3.927889e+00	1.258523e+00	-3.751793e+00	3.631558e-01	3.790990e-01	2.528590e-01	6.672904e-02	7.308913e-01	8.244712e-01	7.671100e+00	
4  22.4414	3.609279e+00	-5.558293e+00	4.937125e-01	-3.978087e+00	1.241063e+00	-2.943909e+00	3.723436e-01	3.789929e-01	2.848800e-01	6.996999e-02	6.698816e-01	8.244712e-01	7.671100e+00	
13  21.9983	3.609279e+00	-5.558293e+00	5.607919e-01	-4.682295e+00	1.211542e+00	-2.541381e+00	3.679676e-01	3.849478e-01	2.641819e-01	5.977992e-02	7.256575e-01	8.244712e-01	7.671100e+00	
1  23.0358	3.609279e+00	-5.558293e+00	4.570774e-01	-4.643832e+00	1.162967e+00	-2.139912e+00	3.752203e-01	4.213234e-01	2.728883e-01	8.043220e-02	8.999418e-01	8.244712e-01	7.671100e+00	
1  23.6426	3.609279e+00	-5.558293e+00	4.374974e-01	-4.744505e+00	1.174017e+00	-2.832598e+00	3.677394e-01	4.241978e-01	2.604823e-01	6.996900e-02	6.220132e-01	8.244712e-01	7.671100e+00	
16  23.8472	3.564272e+00	-5.198319e+00	4.374974e-01	-4.744505e+00	1.174017e+00	-2.832598e+00	3.677394e-01	4.241978e-01	2.604823e-01	6.996900e-02	6.220132e-01	8.296144e-01	7.671100e+00	
10  22.9268	3.564272e+00	-5.198319e+00	3.971787e-01	-4.352920e+00	1.207866e+00	-2.752393e+00	3.631457e-01	3.830394e-01	2.293632e-01	6.599516e-02	8.296531e-01	8.296144e-01	7.671100e+00	
4  23.0534	3.564272e+00	-5.198319e+00	5.785982e-01	-3.950736e+00	1.283556e+00	-2.402765e+00	3.583584e-01	3.733981e-01	2.338809e-01	6.187911e-02	8.060546e-01	8.296144e-01	7.671100e+00	
6  22.8654	3.564272e+00	-5.198319e+00	6.934496e-01	-4.596956e+00	1.212100e+00	-2.537937e+00	3.712667e-01	3.922243e-01	2.524834e-01	6.196570e-02	7.356547e-01	8.296144e-01	7.671100e+00	
28  21.7902	3.564272e+00	-5.198319e+00	5.843031e-01	-4.830048e+00	1.238228e+00	-3.105104e+00	3.772939e-01	3.763492e-01	2.489432e-01	9.987626e-02	7.053861e-01	8.296144e-01	7.671100e+00	
16  22.4467	3.564272e+00	-5.198319e+00	4.149278e-01	-4.069585e+00	1.239836e+00	-3.234602e+00	3.474160e-01	3.346209e-01	2.823650e-01	9.554075e-02	9.729827e-01	8.296144e-01	7.671100e+00	
