4  44.5154	3.300000e+00	-5.000000e+00	6.941817e-01	-4.765581e+00	1.506816e+00	-1.701021e+00	3.922986e-01	2.261195e-01	1.843556e-01	4.274589e-02	3.861163e-01	8.288221e-01	7.671100e+00	
1  34.1912	3.300000e+00	-5.000000e+00	9.461843e-01	-4.629958e+00	1.518917e+00	-1.914401e+00	3.974992e-01	2.511733e-01	1.913313e-01	7.197232e-02	7.957780e-02	8.288221e-01	7.671100e+00	
3  30.8631	3.300000e+00	-5.000000e+00	1.091815e+00	-4.034536e+00	1.560160e+00	-1.836442e+00	3.841107e-01	2.423666e-01	1.878474e-01	6.960484e-02	9.876052e-01	8.288221e-01	7.671100e+00	
11  26.3565	3.300000e+00	-5.000000e+00	9.437566e-01	-3.318224e+00	1.553453e+00	-1.806598e+00	3.769514e-01	2.620114e-01	2.294372e-01	6.640938e-02	5.079678e-01	8.288221e-01	7.671100e+00	
6  26.9051	3.300000e+00	-5.000000e+00	4.090927e-01	-3.583856e+00	1.510639e+00	-1.870699e+00	3.727615e-01	3.227966e-01	1.867132e-01	4.298712e-02	4.933765e-01	8.288221e-01	7.671100e+00	
2  22.2216	3.300000e+00	-5.000000e+00	3.265976e-01	-3.431033e+00	1.412331e+00	-2.669591e+00	3.536368e-01	3.126820e-01	1.978301e-01	7.537532e-02	9.934352e-01	8.288221e-01	7.671100e+00	
20  23.2935	3.300000e+00	-5.000000e+00	6.882158e-01	-3.582496e+00	1.491100e+00	-2.675399e+00	3.467956e-01	3.044159e-01	2.095557e-01	7.969776e-02	7.281658e-01	8.288221e-01	7.671100e+00	
10  23.9457	3.300000e+00	-5.000000e+00	7.270565e-01	-3.949928e+00	1.526830e+00	-2.661570e+00	3.566238e-01	3.154968e-01	2.459885e-01	6.787177e-02	7.927966e-01	8.288221e-01	7.671100e+00	
47  20.6131	3.300000e+00	-5.000000e+00	4.142872e-01	-4.027235e+00	1.513662e+00	-2.586464e+00	4.008351e-01	3.185422e-01	2.462012e-01	4.738389e-02	8.063220e-01	8.288221e-01	7.671100e+00	
3  20.15	3.300000e+00	-5.000000e+00	4.649134e-01	-4.086732e+00	1.464490e+00	-3.077753e+00	3.801109e-01	3.218927e-01	2.455277e-01	4.671438e-02	8.029678e-01	8.288221e-01	7.671100e+00	
6  20.7124	3.300000e+00	-5.000000e+00	4.766816e-01	-4.053180e+00	1.440229e+00	-3.240462e+00	3.665284e-01	3.040199e-01	2.687693e-01	4.401870e-02	8.228817e-01	8.288221e-01	7.671100e+00	
12  21.905	3.300000e+00	-5.000000e+00	3.684883e-01	-4.488183e+00	1.400415e+00	-3.602751e+00	3.618866e-01	3.261850e-01	2.484633e-01	4.926035e-02	8.369938e-01	8.288221e-01	7.671100e+00	
1  21.8893	3.300000e+00	-5.000000e+00	5.107672e-01	-4.420583e+00	1.409876e+00	-3.994361e+00	3.751191e-01	3.160848e-01	2.758492e-01	7.419485e-02	6.744400e-01	8.288221e-01	7.671100e+00	
23  20.7138	3.300000e+00	-5.000000e+00	7.673529e-01	-4.901219e+00	1.423673e+00	-4.182141e+00	4.015540e-01	2.975254e-01	2.893503e-01	8.688596e-02	6.669600e-01	8.288221e-01	7.671100e+00	
34  20.341	3.300000e+00	-5.000000e+00	7.368833e-01	-4.548449e+00	1.410400e+00	-4.394203e+00	4.121263e-01	3.031415e-01	2.535552e-01	8.221396e-02	5.311392e-01	8.288221e-01	7.671100e+00	
9  21.8702	3.300000e+00	-5.000000e+00	8.660620e-01	-4.054652e+00	1.439997e+00	-4.499141e+00	4.145103e-01	2.915751e-01	2.729690e-01	7.866788e-02	5.441426e-01	8.288221e-01	7.671100e+00	
1  21.8824	3.300000e+00	-5.000000e+00	8.744513e-01	-4.570472e+00	1.444105e+00	-4.379074e+00	4.057868e-01	2.847099e-01	2.730623e-01	8.403196e-02	7.231166e-01	8.288221e-01	7.671100e+00	
3  22.6441	3.300000e+00	-5.000000e+00	7.321691e-01	-4.147430e+00	1.415437e+00	-4.635462e+00	4.270408e-01	2.952882e-01	2.771115e-01	8.499507e-02	7.336437e-01	8.288221e-01	7.671100e+00	
10  22.7572	3.300000e+00	-5.000000e+00	7.657842e-01	-3.780511e+00	1.439424e+00	-4.797776e+00	4.217196e-01	3.062237e-01	2.578595e-01	9.066871e-02	8.178209e-01	8.288221e-01	7.671100e+00	
1  24.0244	3.300000e+00	-5.000000e+00	5.485016e-01	-3.061344e+00	1.476679e+00	-4.560655e+00	3.988610e-01	2.851286e-01	2.467369e-01	6.120209e-02	6.727633e-01	8.288221e-01	7.671100e+00	
5  23.558	3.300000e+00	-5.000000e+00	7.258300e-01	-4.214025e+00	1.493308e+00	-4.471634e+00	4.221123e-01	2.602406e-01	2.353391e-01	7.356399e-02	8.712955e-01	8.288221e-01	7.671100e+00	
2  24.1111	3.300000e+00	-5.000000e+00	8.366771e-01	-4.638565e+00	1.485935e+00	-4.530825e+00	4.312135e-01	2.584171e-01	2.604310e-01	8.854528e-02	9.072672e-01	8.288221e-01	7.671100e+00	
6  24.7271	3.300000e+00	-5.000000e+00	9.009334e-01	-4.654660e+00	1.532493e+00	-3.883382e+00	4.328144e-01	2.652177e-01	2.478483e-01	6.957282e-02	9.730710e-01	8.288221e-01	7.671100e+00	
6  24.4944	3.685742e+00	-5.534998e+00	9.009334e-01	-4.654660e+00	1.532493e+00	-3.883382e+00	4.328144e-01	2.652177e-01	2.478483e-01	6.957282e-02	9.730710e-01	8.299372e-01	7.671100e+00	
7  23.3438	3.685742e+00	-5.534998e+00	8.060992e-01	-4.129031e+00	1.499445e+00	-4.233599e+00	4.275009e-01	2.985111e-01	2.558160e-01	3.369236e-02	8.028866e-01	8.299372e-01	7.671100e+00	
1  24.4329	3.685742e+00	-5.534998e+00	6.175065e-01	-3.881612e+00	1.500059e+00	-4.102243e+00	4.179437e-01	2.869081e-01	2.360757e-01	5.714796e-02	4.455818e-01	8.299372e-01	7.671100e+00	
2  21.632	3.685742e+00	-5.534998e+00	4.929165e-01	-3.929215e+00	1.422730e+00	-4.053442e+00	3.764755e-01	2.798088e-01	2.173894e-01	5.932694e-02	9.570103e-01	8.299372e-01	7.671100e+00	
24  21.402	3.685742e+00	-5.534998e+00	7.049017e-01	-4.339714e+00	1.464981e+00	-4.175444e+00	3.972988e-01	2.888613e-01	2.231659e-01	7.043228e-02	7.892877e-01	8.299372e-01	7.671100e+00	
10  22.5154	3.685742e+00	-5.534998e+00	4.751341e-01	-4.866969e+00	1.474603e+00	-4.124920e+00	3.889060e-01	3.107513e-01	1.911083e-01	7.156940e-02	9.176927e-01	8.299372e-01	7.671100e+00	
29  22.1948	3.685742e+00	-5.534998e+00	5.316765e-01	-4.076144e+00	1.524273e+00	-4.943509e+00	3.683858e-01	2.818546e-01	2.257707e-01	5.204157e-02	9.918781e-01	8.299372e-01	7.671100e+00	
9  22.8407	3.685742e+00	-5.534998e+00	4.978542e-01	-4.623262e+00	1.536433e+00	-4.997547e+00	4.137026e-01	2.775964e-01	2.126214e-01	4.692183e-02	8.708601e-01	8.299372e-01	7.671100e+00	
2  23.7179	3.025511e+00	-4.834736e+00	4.978542e-01	-4.623262e+00	1.536433e+00	-4.997547e+00	4.137026e-01	2.775964e-01	2.126214e-01	4.692183e-02	8.708601e-01	8.229540e-01	7.671100e+00	
4  23.531	3.025511e+00	-4.834736e+00	3.535527e-01	-4.464302e+00	1.581472e+00	-4.871496e+00	4.289802e-01	2.968196e-01	2.094651e-01	4.316559e-02	7.508594e-01	8.229540e-01	7.671100e+00	
2  23.6778	3.025511e+00	-4.834736e+00	3.498260e-01	-4.477906e+00	1.575058e+00	-4.816056e+00	4.031109e-01	2.902010e-01	1.980495e-01	8.234313e-02	9.793456e-01	8.229540e-01	7.671100e+00	
26  23.8687	3.025511e+00	-4.834736e+00	2.759964e-01	-3.823355e+00	1.557630e+00	-4.296296e+00	3.969515e-01	3.090628e-01	1.810612e-01	6.168947e-02	9.169435e-01	8.229540e-01	7.671100e+00	
1  23.4805	3.618227e+00	-5.816290e+00	2.759964e-01	-3.823355e+00	1.557630e+00	-4.296296e+00	3.969515e-01	3.090628e-01	1.810612e-01	6.168947e-02	9.169435e-01	8.261833e-01	7.671100e+00	
1  23.6545	3.618227e+00	-5.816290e+00	4.005795e-01	-3.757512e+00	1.542125e+00	-4.384276e+00	4.098656e-01	3.072349e-01	1.889748e-01	7.990509e-02	7.195828e-01	8.261833e-01	7.671100e+00	
4  24.8908	3.618227e+00	-5.816290e+00	1.584612e-01	-2.977591e+00	1.577082e+00	-4.080713e+00	4.016143e-01	3.140536e-01	2.089977e-01	7.732962e-02	8.520450e-01	8.261833e-01	7.671100e+00	
14  23.8019	3.618227e+00	-5.816290e+00	3.144378e-01	-3.413841e+00	1.493372e+00	-3.616296e+00	3.775409e-01	3.467353e-01	1.978985e-01	7.688869e-02	9.733975e-01	8.261833e-01	7.671100e+00	
2  24.4853	3.618227e+00	-5.816290e+00	2.624126e-01	-2.988948e+00	1.535767e+00	-3.341601e+00	3.655959e-01	3.343125e-01	1.807540e-01	8.038209e-02	8.184020e-01	8.261833e-01	7.671100e+00	
1  24.2373	2.744748e+00	-4.779370e+00	2.624126e-01	-2.988948e+00	1.535767e+00	-3.341601e+00	3.655959e-01	3.343125e-01	1.807540e-01	8.038209e-02	8.184020e-01	8.240052e-01	7.671100e+00	
6  26.2565	2.744748e+00	-4.779370e+00	1.640202e-01	-2.345082e+00	1.562824e+00	-3.320102e+00	4.021763e-01	3.422732e-01	1.684900e-01	6.369110e-02	6.871701e-01	8.240052e-01	7.671100e+00	
6  25.9371	2.744748e+00	-4.779370e+00	4.452303e-02	-2.005420e+00	1.597355e+00	-4.003982e+00	4.185636e-01	3.446996e-01	1.788543e-01	6.282657e-02	8.242870e-01	8.240052e-01	7.671100e+00	
11  25.8214	2.744748e+00	-4.779370e+00	5.906630e-02	-1.635545e+00	1.634087e+00	-4.633345e+00	4.248627e-01	3.546052e-01	2.018293e-01	6.809152e-02	6.781042e-01	8.240052e-01	7.671100e+00	
10  25.4658	2.744748e+00	-4.779370e+00	3.528734e-01	-1.423364e+00	1.666436e+00	-4.793928e+00	4.322533e-01	3.696803e-01	1.977275e-01	3.839080e-02	6.955464e-01	8.240052e-01	7.671100e+00	
6  24.8526	2.744748e+00	-4.779370e+00	2.097821e-01	-1.730792e+00	1.628836e+00	-4.419537e+00	4.055423e-01	3.401914e-01	2.186066e-01	3.095504e-02	9.852697e-01	8.240052e-01	7.671100e+00	
89  23.5263	2.744748e+00	-4.779370e+00	1.533726e-01	-1.782832e+00	1.681347e+00	-4.454501e+00	4.032253e-01	3.814100e-01	2.326226e-01	5.404617e-02	8.608574e-01	8.240052e-01	7.671100e+00	
12  24.5546	2.744748e+00	-4.779370e+00	1.792607e-01	-2.169655e+00	1.666881e+00	-4.367322e+00	3.763568e-01	4.116374e-01	2.333935e-01	8.086165e-02	7.759023e-01	8.240052e-01	7.671100e+00	
28  24.2146	2.744748e+00	-4.779370e+00	2.320379e-01	-2.874578e+00	1.659185e+00	-3.954098e+00	4.089124e-01	4.082592e-01	2.483359e-01	9.439768e-02	6.626722e-01	8.240052e-01	7.671100e+00	
6  23.3501	2.744748e+00	-4.779370e+00	3.101252e-01	-2.728647e+00	1.683659e+00	-4.146281e+00	4.279020e-01	3.683756e-01	2.407472e-01	1.010220e-01	5.814557e-01	8.240052e-01	7.671100e+00	
9  23.2981	2.767638e+00	-4.640824e+00	3.101252e-01	-2.728647e+00	1.683659e+00	-4.146281e+00	4.279020e-01	3.683756e-01	2.407472e-01	1.010220e-01	5.814557e-01	8.231892e-01	7.671100e+00	
4  23.0414	2.767638e+00	-4.640824e+00	3.627015e-01	-3.133163e+00	1.690092e+00	-4.895948e+00	4.463209e-01	3.620079e-01	2.437365e-01	7.577110e-02	5.098668e-01	8.231892e-01	7.671100e+00	
5  24.1474	2.767638e+00	-4.640824e+00	5.436897e-01	-2.999758e+00	1.678598e+00	-4.145664e+00	4.126145e-01	3.298169e-01	2.146525e-01	8.900535e-02	6.526260e-01	8.231892e-01	7.671100e+00	
4  24.566	2.767638e+00	-4.640824e+00	5.286960e-01	-3.426658e+00	1.668875e+00	-4.246046e+00	4.349632e-01	3.069238e-01	2.197827e-01	1.034730e-01	3.359688e-01	8.231892e-01	7.671100e+00	
3  24.7272	3.056538e+00	-4.930683e+00	5.286960e-01	-3.426658e+00	1.668875e+00	-4.246046e+00	4.349632e-01	3.069238e-01	2.197827e-01	1.034730e-01	3.359688e-01	8.289401e-01	7.671100e+00	
16  22.0592	3.056538e+00	-4.930683e+00	6.709663e-01	-3.884019e+00	1.698965e+00	-4.357914e+00	4.230462e-01	3.202677e-01	2.144435e-01	9.096294e-02	2.516189e-01	8.289401e-01	7.671100e+00	
4  22.6098	3.056538e+00	-4.930683e+00	6.434820e-01	-3.530232e+00	1.592226e+00	-3.955023e+00	4.324735e-01	2.977134e-01	1.979074e-01	8.820623e-02	4.976973e-01	8.289401e-01	7.671100e+00	
4  22.4265	3.242063e+00	-4.317282e+00	6.434820e-01	-3.530232e+00	1.592226e+00	-3.955023e+00	4.324735e-01	2.977134e-01	1.979074e-01	8.820623e-02	4.976973e-01	8.329456e-01	7.671100e+00	
18  22.6446	3.242063e+00	-4.317282e+00	6.360318e-01	-3.952839e+00	1.537296e+00	-3.914556e+00	4.083251e-01	3.145180e-01	2.003093e-01	1.183307e-01	3.230979e-01	8.329456e-01	7.671100e+00	
14  22.6749	3.153272e+00	-4.931518e+00	6.360318e-01	-3.952839e+00	1.537296e+00	-3.914556e+00	4.083251e-01	3.145180e-01	2.003093e-01	1.183307e-01	3.230979e-01	8.234193e-01	7.671100e+00	
39  22.591	3.153272e+00	-4.931518e+00	6.232789e-01	-4.626604e+00	1.533532e+00	-4.348567e+00	3.974986e-01	3.179998e-01	1.744042e-01	9.030744e-02	2.409953e-01	8.234193e-01	7.671100e+00	
2  23.1101	3.153272e+00	-4.931518e+00	4.563920e-01	-4.861696e+00	1.514145e+00	-4.085029e+00	4.274615e-01	2.996669e-01	1.949145e-01	9.086543e-02	5.017058e-01	8.234193e-01	7.671100e+00	
11  22.8376	3.085283e+00	-5.954054e+00	4.563920e-01	-4.861696e+00	1.514145e+00	-4.085029e+00	4.274615e-01	2.996669e-01	1.949145e-01	9.086543e-02	5.017058e-01	8.318347e-01	7.671100e+00	
10  22.7723	3.115723e+00	-5.062386e+00	4.563920e-01	-4.861696e+00	1.514145e+00	-4.085029e+00	4.274615e-01	2.996669e-01	1.949145e-01	9.086543e-02	5.017058e-01	8.305280e-01	7.671100e+00	
22  22.7767	2.909370e+00	-4.910470e+00	4.563920e-01	-4.861696e+00	1.514145e+00	-4.085029e+00	4.274615e-01	2.996669e-01	1.949145e-01	9.086543e-02	5.017058e-01	8.249360e-01	7.671100e+00	
9  22.7984	3.191050e+00	-5.253879e+00	4.563920e-01	-4.861696e+00	1.514145e+00	-4.085029e+00	4.274615e-01	2.996669e-01	1.949145e-01	9.086543e-02	5.017058e-01	8.309513e-01	7.671100e+00	
28  21.3053	3.191050e+00	-5.253879e+00	6.937719e-01	-4.515565e+00	1.494645e+00	-4.288849e+00	3.766975e-01	2.992242e-01	1.952942e-01	7.874597e-02	4.075231e-01	8.309513e-01	7.671100e+00	
21  21.5687	3.191050e+00	-5.253879e+00	6.928258e-01	-4.777945e+00	1.555193e+00	-3.856481e+00	3.827275e-01	3.027654e-01	1.988736e-01	7.291125e-02	1.390024e-01	8.309513e-01	7.671100e+00	
64  21.1135	3.191050e+00	-5.253879e+00	8.390846e-01	-4.904163e+00	1.601344e+00	-3.946724e+00	3.843283e-01	2.776143e-01	1.793778e-01	8.013928e-02	6.087163e-02	8.309513e-01	7.671100e+00	
11  21.1669	3.390029e+00	-4.966433e+00	8.390846e-01	-4.904163e+00	1.601344e+00	-3.946724e+00	3.843283e-01	2.776143e-01	1.793778e-01	8.013928e-02	6.087163e-02	8.237794e-01	7.671100e+00	
33  20.3253	3.279230e+00	-5.597170e+00	8.390846e-01	-4.904163e+00	1.601344e+00	-3.946724e+00	3.843283e-01	2.776143e-01	1.793778e-01	8.013928e-02	6.087163e-02	8.237369e-01	7.671100e+00	
11  20.7288	2.743407e+00	-4.690564e+00	8.390846e-01	-4.904163e+00	1.601344e+00	-3.946724e+00	3.843283e-01	2.776143e-01	1.793778e-01	8.013928e-02	6.087163e-02	8.266456e-01	7.671100e+00	
3  21.3283	3.489396e+00	-4.998038e+00	8.390846e-01	-4.904163e+00	1.601344e+00	-3.946724e+00	3.843283e-01	2.776143e-01	1.793778e-01	8.013928e-02	6.087163e-02	8.312888e-01	7.671100e+00	
5  21.3987	3.489396e+00	-4.998038e+00	7.009844e-01	-4.706968e+00	1.662910e+00	-4.299640e+00	3.907840e-01	2.997648e-01	1.674009e-01	9.036084e-02	2.535738e-01	8.312888e-01	7.671100e+00	
4  22.4859	3.489396e+00	-4.998038e+00	6.654453e-01	-4.604838e+00	1.688995e+00	-4.129016e+00	3.890601e-01	3.123847e-01	1.864623e-01	9.793054e-02	1.975174e-01	8.312888e-01	7.671100e+00	
27  22.8589	3.489396e+00	-4.998038e+00	7.002615e-01	-4.431316e+00	1.697502e+00	-3.979066e+00	3.875124e-01	3.200320e-01	1.750235e-01	7.877445e-02	5.936740e-02	8.312888e-01	7.671100e+00	
2  24.7996	3.489396e+00	-4.998038e+00	6.978629e-01	-4.087200e+00	1.656277e+00	-4.410170e+00	4.040418e-01	3.511627e-01	1.823935e-01	9.245457e-02	9.229604e-02	8.312888e-01	7.671100e+00	
13  27.2832	3.489396e+00	-4.998038e+00	7.145597e-01	-4.351501e+00	1.666438e+00	-3.919186e+00	4.320046e-01	3.588180e-01	1.897781e-01	1.201677e-01	2.287187e-01	8.312888e-01	7.671100e+00	
3  26.9141	3.655177e+00	-4.790785e+00	7.145597e-01	-4.351501e+00	1.666438e+00	-3.919186e+00	4.320046e-01	3.588180e-01	1.897781e-01	1.201677e-01	2.287187e-01	8.303478e-01	7.671100e+00	
27  25.3396	3.655177e+00	-4.790785e+00	6.809459e-01	-3.326866e+00	1.663174e+00	-3.444657e+00	4.188892e-01	3.497073e-01	2.199500e-01	1.160902e-01	3.578738e-01	8.303478e-01	7.671100e+00	
1  25.6566	3.655177e+00	-4.790785e+00	6.291357e-01	-3.376177e+00	1.637633e+00	-3.211499e+00	3.721341e-01	3.236096e-01	2.086578e-01	1.346576e-01	5.050404e-01	8.303478e-01	7.671100e+00	
29  25.2296	3.655177e+00	-4.790785e+00	9.188425e-01	-2.929898e+00	1.592893e+00	-3.269176e+00	3.769990e-01	2.846948e-01	2.124603e-01	1.272861e-01	6.370220e-01	8.303478e-01	7.671100e+00	
12  24.4537	3.655177e+00	-4.790785e+00	9.378591e-01	-2.778354e+00	1.591559e+00	-3.555896e+00	3.818911e-01	2.718891e-01	2.081116e-01	1.048533e-01	8.570301e-01	8.303478e-01	7.671100e+00	
2  24.9646	3.655177e+00	-4.790785e+00	7.546536e-01	-3.428297e+00	1.627037e+00	-3.208920e+00	3.794385e-01	2.613890e-01	2.064259e-01	1.105555e-01	7.721881e-01	8.303478e-01	7.671100e+00	
4  25.3323	3.655177e+00	-4.790785e+00	7.629833e-01	-3.399988e+00	1.693832e+00	-2.892570e+00	3.707624e-01	2.838001e-01	1.755237e-01	7.365017e-02	4.063341e-01	8.303478e-01	7.671100e+00	
2  24.9729	3.407408e+00	-4.766637e+00	7.629833e-01	-3.399988e+00	1.693832e+00	-2.892570e+00	3.707624e-01	2.838001e-01	1.755237e-01	7.365017e-02	4.063341e-01	8.298756e-01	7.671100e+00	
6  26.3181	3.407408e+00	-4.766637e+00	7.301258e-01	-3.546847e+00	1.698024e+00	-3.138838e+00	3.869216e-01	2.934157e-01	1.508728e-01	5.251966e-02	5.119004e-01	8.298756e-01	7.671100e+00	
5  26.1253	3.407408e+00	-4.766637e+00	7.113473e-01	-4.221256e+00	1.659324e+00	-3.124431e+00	4.028663e-01	3.139152e-01	1.533986e-01	4.580967e-02	4.825932e-01	8.298756e-01	7.671100e+00	
1  27.0008	3.407408e+00	-4.766637e+00	8.041484e-01	-4.196926e+00	1.681037e+00	-2.263053e+00	4.052831e-01	3.297498e-01	1.723303e-01	5.244589e-02	4.940321e-01	8.298756e-01	7.671100e+00	
1  26.4856	3.407408e+00	-4.766637e+00	7.312070e-01	-4.294903e+00	1.658401e+00	-2.135776e+00	3.978319e-01	3.789960e-01	1.765364e-01	3.126167e-02	3.024147e-01	8.298756e-01	7.671100e+00	
6  26.4499	3.407408e+00	-4.766637e+00	4.887013e-01	-4.302402e+00	1.629136e+00	-2.054713e+00	4.068116e-01	4.089373e-01	1.916952e-01	3.635703e-02	4.153538e-01	8.298756e-01	7.671100e+00	
7  28.0556	3.440519e+00	-4.246693e+00	4.887013e-01	-4.302402e+00	1.629136e+00	-2.054713e+00	4.068116e-01	4.089373e-01	1.916952e-01	3.635703e-02	4.153538e-01	8.242222e-01	7.671100e+00	
6  27.8708	3.440519e+00	-4.246693e+00	5.870738e-01	-4.404294e+00	1.581465e+00	-2.513739e+00	3.834985e-01	4.047126e-01	1.871274e-01	3.608360e-02	4.334756e-01	8.242222e-01	7.671100e+00	
5  26.542	3.440519e+00	-4.246693e+00	5.314039e-01	-4.195608e+00	1.615533e+00	-2.307758e+00	3.628054e-01	3.867674e-01	1.743766e-01	4.545663e-02	6.966185e-01	8.242222e-01	7.671100e+00	
18  25.9627	3.440519e+00	-4.246693e+00	5.360843e-01	-3.447540e+00	1.678023e+00	-1.580009e+00	3.647203e-01	3.879842e-01	1.916393e-01	4.280896e-02	7.915513e-01	8.242222e-01	7.671100e+00	
2  23.074	3.440519e+00	-4.246693e+00	3.442456e-01	-3.786912e+00	1.670732e+00	-1.286598e+00	3.758824e-01	3.608683e-01	2.144893e-01	3.367213e-02	8.631361e-01	8.242222e-01	7.671100e+00	
6  26.8831	3.440519e+00	-4.246693e+00	6.613428e-01	-4.011718e+00	1.682272e+00	-1.535674e+00	3.539633e-01	3.463524e-01	1.968527e-01	4.335065e-02	4.743990e-01	8.242222e-01	7.671100e+00	
2  29.185	3.165780e+00	-5.084621e+00	6.613428e-01	-4.011718e+00	1.682272e+00	-1.535674e+00	3.539633e-01	3.463524e-01	1.968527e-01	4.335065e-02	4.743990e-01	8.324216e-01	7.671100e+00	
4  28.1602	3.165780e+00	-5.084621e+00	6.504039e-01	-4.381558e+00	1.672091e+00	-1.782470e+00	3.760574e-01	3.414340e-01	2.116975e-01	3.229348e-02	6.252692e-01	8.324216e-01	7.671100e+00	
4  26.5183	3.165780e+00	-5.084621e+00	5.082056e-01	-4.401075e+00	1.675017e+00	-2.211388e+00	3.623563e-01	3.656851e-01	1.860295e-01	4.292640e-02	7.173211e-01	8.324216e-01	7.671100e+00	
13  26.6097	3.165780e+00	-5.084621e+00	4.662603e-01	-3.882543e+00	1.680129e+00	-2.127775e+00	3.523833e-01	3.678777e-01	1.848876e-01	4.222977e-02	5.902781e-01	8.324216e-01	7.671100e+00	
4  26.6454	3.457170e+00	-5.252778e+00	4.662603e-01	-3.882543e+00	1.680129e+00	-2.127775e+00	3.523833e-01	3.678777e-01	1.848876e-01	4.222977e-02	5.902781e-01	8.313680e-01	7.671100e+00	
33  27.6264	3.457170e+00	-5.252778e+00	5.328662e-01	-4.333794e+00	1.696891e+00	-2.396262e+00	3.436705e-01	3.567521e-01	2.237221e-01	2.906458e-02	7.945317e-01	8.313680e-01	7.671100e+00	
13  23.8514	3.457170e+00	-5.252778e+00	4.671440e-01	-3.908482e+00	1.684996e+00	-2.082138e+00	3.711502e-01	3.615974e-01	2.023476e-01	4.496077e-02	7.846609e-01	8.313680e-01	7.671100e+00	
11  22.1339	3.457170e+00	-5.252778e+00	5.676900e-01	-3.966908e+00	1.680478e+00	-2.207259e+00	3.968071e-01	3.391821e-01	1.901025e-01	6.373569e-02	6.089628e-01	8.313680e-01	7.671100e+00	
16  22.0192	3.457170e+00	-5.252778e+00	4.489449e-01	-4.850948e+00	1.662938e+00	-1.516144e+00	3.796255e-01	3.487012e-01	2.046279e-01	7.913065e-02	6.769559e-01	8.313680e-01	7.671100e+00	
2  23.3585	2.886606e+00	-5.816041e+00	4.489449e-01	-4.850948e+00	1.662938e+00	-1.516144e+00	3.796255e-01	3.487012e-01	2.046279e-01	7.913065e-02	6.769559e-01	8.258729e-01	7.671100e+00	
8  25.5084	2.886606e+00	-5.816041e+00	5.624680e-01	-4.814258e+00	1.653442e+00	-1.770685e+00	3.831929e-01	3.592821e-01	1.786417e-01	5.144931e-02	5.802550e-01	8.258729e-01	7.671100e+00	
4  25.3713	2.953187e+00	-5.420205e+00	5.624680e-01	-4.814258e+00	1.653442e+00	-1.770685e+00	3.831929e-01	3.592821e-01	1.786417e-01	5.144931e-02	5.802550e-01	8.231850e-01	7.671100e+00	
17  22.3565	2.953187e+00	-5.420205e+00	5.988583e-01	-4.819711e+00	1.583497e+00	-1.251891e+00	3.933834e-01	3.299263e-01	1.554364e-01	5.700385e-02	4.103418e-01	8.231850e-01	7.671100e+00	
5  22.907	2.953187e+00	-5.420205e+00	5.348988e-01	-4.866361e+00	1.543505e+00	-1.283607e+00	3.503311e-01	3.285998e-01	1.773773e-01	5.378691e-02	5.273340e-01	8.231850e-01	7.671100e+00	
18  19.831	2.953187e+00	-5.420205e+00	5.464044e-01	-4.936236e+00	1.503656e+00	-1.853323e+00	3.597151e-01	3.243809e-01	1.954109e-01	5.335340e-02	4.146495e-01	8.231850e-01	7.671100e+00	
43  19.8587	3.016606e+00	-5.390776e+00	5.464044e-01	-4.936236e+00	1.503656e+00	-1.853323e+00	3.597151e-01	3.243809e-01	1.954109e-01	5.335340e-02	4.146495e-01	8.316709e-01	7.671100e+00	
13  21.0134	3.016606e+00	-5.390776e+00	5.937496e-01	-4.751583e+00	1.383514e+00	-2.019582e+00	3.658848e-01	3.340906e-01	1.872090e-01	7.007458e-02	5.111756e-01	8.316709e-01	7.671100e+00	
4  20.3739	3.431396e+00	-4.744949e+00	5.937496e-01	-4.751583e+00	1.383514e+00	-2.019582e+00	3.658848e-01	3.340906e-01	1.872090e-01	7.007458e-02	5.111756e-01	8.308973e-01	7.671100e+00	
33  20.0057	3.431396e+00	-4.744949e+00	7.564557e-01	-4.299515e+00	1.339146e+00	-2.394087e+00	3.755398e-01	3.351022e-01	1.858037e-01	8.823743e-02	2.505002e-01	8.308973e-01	7.671100e+00	
51  20.2136	3.431396e+00	-4.744949e+00	7.364028e-01	-4.344461e+00	1.374508e+00	-1.983671e+00	3.704461e-01	3.031307e-01	1.689141e-01	9.519368e-02	2.592003e-01	8.308973e-01	7.671100e+00	
33  20.2687	2.968056e+00	-4.101571e+00	7.364028e-01	-4.344461e+00	1.374508e+00	-1.983671e+00	3.704461e-01	3.031307e-01	1.689141e-01	9.519368e-02	2.592003e-01	8.325057e-01	7.671100e+00	
22  20.2924	3.101857e+00	-4.633504e+00	7.364028e-01	-4.344461e+00	1.374508e+00	-1.983671e+00	3.704461e-01	3.031307e-01	1.689141e-01	9.519368e-02	2.592003e-01	8.241639e-01	7.671100e+00	
10  20.1338	3.037695e+00	-4.889558e+00	7.364028e-01	-4.344461e+00	1.374508e+00	-1.983671e+00	3.704461e-01	3.031307e-01	1.689141e-01	9.519368e-02	2.592003e-01	8.326458e-01	7.671100e+00	
33  20.9482	3.534976e+00	-4.629199e+00	7.364028e-01	-4.344461e+00	1.374508e+00	-1.983671e+00	3.704461e-01	3.031307e-01	1.689141e-01	9.519368e-02	2.592003e-01	8.310308e-01	7.671100e+00	
55  20.0451	3.092992e+00	-5.383250e+00	7.364028e-01	-4.344461e+00	1.374508e+00	-1.983671e+00	3.704461e-01	3.031307e-01	1.689141e-01	9.519368e-02	2.592003e-01	8.300085e-01	7.671100e+00	
4  20.1604	3.395618e+00	-5.974207e+00	7.364028e-01	-4.344461e+00	1.374508e+00	-1.983671e+00	3.704461e-01	3.031307e-01	1.689141e-01	9.519368e-02	2.592003e-01	8.283823e-01	7.671100e+00	
14  21.4319	3.395618e+00	-5.974207e+00	8.224445e-01	-3.576732e+00	1.455928e+00	-2.581954e+00	3.782255e-01	3.096151e-01	1.929099e-01	7.682484e-02	2.356277e-01	8.283823e-01	7.671100e+00	
29  19.9242	3.395618e+00	-5.974207e+00	7.246899e-01	-4.430952e+00	1.389990e+00	-2.154485e+00	3.592031e-01	2.748125e-01	1.663619e-01	6.684896e-02	4.308775e-02	8.283823e-01	7.671100e+00	
6  21.8462	3.395618e+00	-5.974207e+00	8.412034e-01	-4.582480e+00	1.471047e+00	-1.919975e+00	3.753343e-01	2.779361e-01	1.837069e-01	9.027811e-02	3.939748e-01	8.283823e-01	7.671100e+00	
26  21.2579	3.395618e+00	-5.974207e+00	7.271882e-01	-4.687327e+00	1.439993e+00	-1.778688e+00	3.642579e-01	3.154728e-01	1.798948e-01	1.064647e-01	2.250661e-01	8.283823e-01	7.671100e+00	
11  18.9298	3.395618e+00	-5.974207e+00	7.544300e-01	-4.436546e+00	1.378868e+00	-1.810157e+00	3.679749e-01	2.724920e-01	1.713670e-01	8.056863e-02	3.393318e-03	8.283823e-01	7.671100e+00	
87  18.3865	3.395618e+00	-5.974207e+00	7.556425e-01	-4.456556e+00	1.424246e+00	-2.068121e+00	3.704827e-01	2.920809e-01	1.842482e-01	8.522562e-02	1.638862e-01	8.283823e-01	7.671100e+00	
43  18.5157	3.140806e+00	-5.638019e+00	7.556425e-01	-4.456556e+00	1.424246e+00	-2.068121e+00	3.704827e-01	2.920809e-01	1.842482e-01	8.522562e-02	1.638862e-01	8.321968e-01	7.671100e+00	
48  18.3083	3.412529e+00	-5.864652e+00	7.556425e-01	-4.456556e+00	1.424246e+00	-2.068121e+00	3.704827e-01	2.920809e-01	1.842482e-01	8.522562e-02	1.638862e-01	8.232493e-01	7.671100e+00	
40  18.0304	3.412529e+00	-5.864652e+00	7.371900e-01	-4.348824e+00	1.450827e+00	-2.037571e+00	3.793654e-01	2.873027e-01	1.778839e-01	7.212714e-02	2.234541e-01	8.232493e-01	7.671100e+00	
1  18.6958	3.688615e+00	-4.846887e+00	7.371900e-01	-4.348824e+00	1.450827e+00	-2.037571e+00	3.793654e-01	2.873027e-01	1.778839e-01	7.212714e-02	2.234541e-01	8.317411e-01	7.671100e+00	
32  18.9418	3.649908e+00	-5.079351e+00	7.371900e-01	-4.348824e+00	1.450827e+00	-2.037571e+00	3.793654e-01	2.873027e-01	1.778839e-01	7.212714e-02	2.234541e-01	8.272596e-01	7.671100e+00	
1  18.7798	3.688323e+00	-4.882371e+00	7.371900e-01	-4.348824e+00	1.450827e+00	-2.037571e+00	3.793654e-01	2.873027e-01	1.778839e-01	7.212714e-02	2.234541e-01	8.309561e-01	7.671100e+00	
28  19.0109	3.659790e+00	-5.122426e+00	7.371900e-01	-4.348824e+00	1.450827e+00	-2.037571e+00	3.793654e-01	2.873027e-01	1.778839e-01	7.212714e-02	2.234541e-01	8.307773e-01	7.671100e+00	
5  18.8319	3.659790e+00	-5.122426e+00	7.276950e-01	-3.971416e+00	1.375284e+00	-1.920486e+00	3.669458e-01	2.854201e-01	1.882842e-01	7.226557e-02	4.104639e-02	8.307773e-01	7.671100e+00	
218  17.6422	3.239939e+00	-4.589478e+00	7.276950e-01	-3.971416e+00	1.375284e+00	-1.920486e+00	3.669458e-01	2.854201e-01	1.882842e-01	7.226557e-02	4.104639e-02	8.320368e-01	7.671100e+00	
34  19.931	3.239939e+00	-4.589478e+00	7.539405e-01	-3.967681e+00	1.319863e+00	-2.311884e+00	3.823359e-01	2.921845e-01	1.759034e-01	7.903112e-02	1.621249e-01	8.320368e-01	7.671100e+00	
11  19.9602	3.047278e+00	-5.350681e+00	7.539405e-01	-3.967681e+00	1.319863e+00	-2.311884e+00	3.823359e-01	2.921845e-01	1.759034e-01	7.903112e-02	1.621249e-01	8.244266e-01	7.671100e+00	
45  19.9249	3.050392e+00	-5.468297e+00	7.539405e-01	-3.967681e+00	1.319863e+00	-2.311884e+00	3.823359e-01	2.921845e-01	1.759034e-01	7.903112e-02	1.621249e-01	8.228963e-01	7.671100e+00	
9  20.0562	2.849098e+00	-5.929919e+00	7.539405e-01	-3.967681e+00	1.319863e+00	-2.311884e+00	3.823359e-01	2.921845e-01	1.759034e-01	7.903112e-02	1.621249e-01	8.329950e-01	7.671100e+00	
2  20.4768	2.849098e+00	-5.929919e+00	7.635078e-01	-3.648676e+00	1.377781e+00	-1.952109e+00	3.838002e-01	2.998626e-01	1.764915e-01	8.648604e-02	5.988085e-02	8.329950e-01	7.671100e+00	
10  19.4994	3.598058e+00	-5.715352e+00	7.635078e-01	-3.648676e+00	1.377781e+00	-1.952109e+00	3.838002e-01	2.998626e-01	1.764915e-01	8.648604e-02	5.988085e-02	8.319933e-01	7.671100e+00	
1  19.909	3.139348e+00	-5.406327e+00	7.635078e-01	-3.648676e+00	1.377781e+00	-1.952109e+00	3.838002e-01	2.998626e-01	1.764915e-01	8.648604e-02	5.988085e-02	8.332600e-01	7.671100e+00	
22  20.1956	2.973440e+00	-5.005913e+00	7.635078e-01	-3.648676e+00	1.377781e+00	-1.952109e+00	3.838002e-01	2.998626e-01	1.764915e-01	8.648604e-02	5.988085e-02	8.268951e-01	7.671100e+00	
22  19.9631	3.346561e+00	-5.452790e+00	7.635078e-01	-3.648676e+00	1.377781e+00	-1.952109e+00	3.838002e-01	2.998626e-01	1.764915e-01	8.648604e-02	5.988085e-02	8.313949e-01	7.671100e+00	
99  19.5089	3.611902e+00	-5.482926e+00	7.635078e-01	-3.648676e+00	1.377781e+00	-1.952109e+00	3.838002e-01	2.998626e-01	1.764915e-01	8.648604e-02	5.988085e-02	8.243669e-01	7.671100e+00	
21  20.0269	3.119752e+00	-5.611166e+00	7.635078e-01	-3.648676e+00	1.377781e+00	-1.952109e+00	3.838002e-01	2.998626e-01	1.764915e-01	8.648604e-02	5.988085e-02	8.280896e-01	7.671100e+00	
22  20.0283	3.412605e+00	-5.776601e+00	7.635078e-01	-3.648676e+00	1.377781e+00	-1.952109e+00	3.838002e-01	2.998626e-01	1.764915e-01	8.648604e-02	5.988085e-02	8.239254e-01	7.671100e+00	
12  19.7113	3.493150e+00	-5.109939e+00	7.635078e-01	-3.648676e+00	1.377781e+00	-1.952109e+00	3.838002e-01	2.998626e-01	1.764915e-01	8.648604e-02	5.988085e-02	8.267725e-01	7.671100e+00	
61  19.9952	3.025488e+00	-5.349444e+00	7.635078e-01	-3.648676e+00	1.377781e+00	-1.952109e+00	3.838002e-01	2.998626e-01	1.764915e-01	8.648604e-02	5.988085e-02	8.242615e-01	7.671100e+00	
27  19.9588	3.025488e+00	-5.349444e+00	8.034202e-01	-4.311811e+00	1.360712e+00	-1.580189e+00	3.574598e-01	2.664263e-01	1.767789e-01	7.434424e-02	1.693575e-02	8.242615e-01	7.671100e+00	
10  19.8915	3.385204e+00	-5.139618e+00	8.034202e-01	-4.311811e+00	1.360712e+00	-1.580189e+00	3.574598e-01	2.664263e-01	1.767789e-01	7.434424e-02	1.693575e-02	8.239413e-01	7.671100e+00	
42  20.2272	2.940173e+00	-5.766853e+00	8.034202e-01	-4.311811e+00	1.360712e+00	-1.580189e+00	3.574598e-01	2.664263e-01	1.767789e-01	7.434424e-02	1.693575e-02	8.333065e-01	7.671100e+00	
2  19.3495	2.940173e+00	-5.766853e+00	7.399377e-01	-4.417151e+00	1.427265e+00	-1.431160e+00	3.794455e-01	2.684606e-01	1.775671e-01	6.909901e-02	4.033069e-02	8.333065e-01	7.671100e+00	
15  19.3102	3.289604e+00	-5.260519e+00	7.399377e-01	-4.417151e+00	1.427265e+00	-1.431160e+00	3.794455e-01	2.684606e-01	1.775671e-01	6.909901e-02	4.033069e-02	8.303620e-01	7.671100e+00	
4  18.8375	3.289604e+00	-5.260519e+00	7.259499e-01	-4.694649e+00	1.396200e+00	-1.686959e+00	3.606293e-01	2.976403e-01	1.740659e-01	5.535783e-02	2.528804e-01	8.303620e-01	7.671100e+00	
6  19.5	3.289604e+00	-5.260519e+00	7.046652e-01	-4.620824e+00	1.395362e+00	-2.411143e+00	3.815375e-01	2.789000e-01	1.757938e-01	6.199244e-02	8.926025e-02	8.303620e-01	7.671100e+00	
11  21.0107	3.289604e+00	-5.260519e+00	9.093674e-01	-4.109046e+00	1.394927e+00	-2.184252e+00	3.687257e-01	2.764944e-01	1.750404e-01	6.904204e-02	5.270385e-02	8.303620e-01	7.671100e+00	
8  18.9584	3.289604e+00	-5.260519e+00	8.225151e-01	-4.415685e+00	1.437410e+00	-1.465934e+00	3.717541e-01	2.928244e-01	1.566627e-01	8.268998e-02	8.475832e-02	8.303620e-01	7.671100e+00	
45  19.2915	2.759842e+00	-4.306297e+00	8.225151e-01	-4.415685e+00	1.437410e+00	-1.465934e+00	3.717541e-01	2.928244e-01	1.566627e-01	8.268998e-02	8.475832e-02	8.329614e-01	7.671100e+00	
30  18.9771	3.457342e+00	-4.451389e+00	8.225151e-01	-4.415685e+00	1.437410e+00	-1.465934e+00	3.717541e-01	2.928244e-01	1.566627e-01	8.268998e-02	8.475832e-02	8.311147e-01	7.671100e+00	
24  18.5346	3.457342e+00	-4.451389e+00	8.272871e-01	-4.889567e+00	1.448442e+00	-2.080382e+00	3.697715e-01	3.001482e-01	1.708718e-01	7.740319e-02	1.088740e-01	8.311147e-01	7.671100e+00	
60  18.7275	3.558501e+00	-4.595865e+00	8.272871e-01	-4.889567e+00	1.448442e+00	-2.080382e+00	3.697715e-01	3.001482e-01	1.708718e-01	7.740319e-02	1.088740e-01	8.232604e-01	7.671100e+00	
14  18.7618	3.558501e+00	-4.595865e+00	8.450480e-01	-4.443333e+00	1.425339e+00	-2.236275e+00	3.891409e-01	2.996072e-01	1.705404e-01	6.004619e-02	1.420863e-01	8.232604e-01	7.671100e+00	
19  19.3927	3.558501e+00	-4.595865e+00	7.344250e-01	-4.303052e+00	1.443856e+00	-2.015383e+00	3.780363e-01	3.069207e-01	1.724419e-01	7.004021e-02	3.073524e-01	8.232604e-01	7.671100e+00	
18  19.5952	3.558501e+00	-4.595865e+00	6.436046e-01	-4.338403e+00	1.407999e+00	-1.667720e+00	3.814349e-01	3.120357e-01	1.798897e-01	5.269649e-02	4.270408e-01	8.232604e-01	7.671100e+00	
19  19.5794	3.645693e+00	-4.880315e+00	6.436046e-01	-4.338403e+00	1.407999e+00	-1.667720e+00	3.814349e-01	3.120357e-01	1.798897e-01	5.269649e-02	4.270408e-01	8.244220e-01	7.671100e+00	
18  21.5626	3.645693e+00	-4.880315e+00	6.664179e-01	-4.323581e+00	1.429625e+00	-2.086242e+00	3.994980e-01	3.337491e-01	1.684484e-01	5.695425e-02	3.311563e-01	8.244220e-01	7.671100e+00	
27  24.4026	3.645693e+00	-4.880315e+00	5.582911e-01	-4.703382e+00	1.409222e+00	-2.428837e+00	4.135120e-01	3.400227e-01	1.887460e-01	3.346232e-02	4.375515e-01	8.244220e-01	7.671100e+00	
1  23.9172	3.645693e+00	-4.880315e+00	2.099335e-01	-4.367012e+00	1.438332e+00	-2.772863e+00	3.819469e-01	3.397948e-01	1.979325e-01	4.231137e-02	8.217974e-01	8.244220e-01	7.671100e+00	
32  22.7546	3.090593e+00	-5.138324e+00	2.099335e-01	-4.367012e+00	1.438332e+00	-2.772863e+00	3.819469e-01	3.397948e-01	1.979325e-01	4.231137e-02	8.217974e-01	8.319707e-01	7.671100e+00	
23  22.9335	3.090593e+00	-5.138324e+00	3.077351e-01	-4.136927e+00	1.356904e+00	-2.761128e+00	3.662823e-01	3.307843e-01	2.070515e-01	2.919279e-02	8.856261e-01	8.319707e-01	7.671100e+00	
24  22.9564	2.995514e+00	-4.573314e+00	3.077351e-01	-4.136927e+00	1.356904e+00	-2.761128e+00	3.662823e-01	3.307843e-01	2.070515e-01	2.919279e-02	8.856261e-01	8.294273e-01	7.671100e+00	
5  21.5981	2.995514e+00	-4.573314e+00	5.932900e-01	-4.334790e+00	1.368664e+00	-2.682414e+00	3.904688e-01	3.310685e-01	2.136717e-01	5.536152e-02	4.636496e-01	8.294273e-01	7.671100e+00	
7  19.272	2.995514e+00	-4.573314e+00	6.045754e-01	-4.884978e+00	1.398245e+00	-2.018235e+00	3.766261e-01	3.125105e-01	2.254749e-01	5.787999e-02	4.035641e-01	8.294273e-01	7.671100e+00	
21  20.3928	2.995514e+00	-4.573314e+00	4.737732e-01	-4.655964e+00	1.433892e+00	-2.112329e+00	3.592379e-01	3.051081e-01	2.161311e-01	5.637678e-02	5.969003e-01	8.294273e-01	7.671100e+00	
95  19.9429	2.995514e+00	-4.573314e+00	4.876375e-01	-4.724991e+00	1.521691e+00	-1.612631e+00	3.729595e-01	3.159197e-01	2.148232e-01	5.949729e-02	4.501726e-01	8.294273e-01	7.671100e+00	
18  19.8177	2.995514e+00	-4.573314e+00	6.107586e-01	-4.372399e+00	1.487070e+00	-1.960618e+00	3.666720e-01	3.153837e-01	1.898665e-01	6.994550e-02	3.362901e-01	8.294273e-01	7.671100e+00	
7  20.423	2.995514e+00	-4.573314e+00	5.329041e-01	-4.633351e+00	1.440787e+00	-1.514701e+00	3.889946e-01	3.043783e-01	1.887391e-01	8.103833e-02	4.850979e-01	8.294273e-01	7.671100e+00	
8  20.1665	3.430795e+00	-4.747762e+00	5.329041e-01	-4.633351e+00	1.440787e+00	-1.514701e+00	3.889946e-01	3.043783e-01	1.887391e-01	8.103833e-02	4.850979e-01	8.316230e-01	7.671100e+00	
13  20.7474	3.430795e+00	-4.747762e+00	5.902686e-01	-4.846255e+00	1.396872e+00	-2.464851e+00	3.668562e-01	2.916658e-01	1.921769e-01	7.939805e-02	5.837375e-01	8.316230e-01	7.671100e+00	
2  20.6847	3.476411e+00	-5.381311e+00	5.902686e-01	-4.846255e+00	1.396872e+00	-2.464851e+00	3.668562e-01	2.916658e-01	1.921769e-01	7.939805e-02	5.837375e-01	8.278873e-01	7.671100e+00	
17  20.2564	3.476411e+00	-5.381311e+00	5.450811e-01	-4.963517e+00	1.444973e+00	-3.031492e+00	3.739220e-01	3.028231e-01	1.877813e-01	9.129768e-02	5.796191e-01	8.278873e-01	7.671100e+00	
2  23.44	3.476411e+00	-5.381311e+00	7.211715e-01	-4.865923e+00	1.463055e+00	-3.121404e+00	4.005971e-01	2.755153e-01	2.083259e-01	7.849635e-02	7.041298e-01	8.278873e-01	7.671100e+00	
21  23.3261	3.476411e+00	-5.381311e+00	6.088041e-01	-4.801314e+00	1.419530e+00	-3.018909e+00	4.021812e-01	2.825691e-01	1.985573e-01	8.976347e-02	6.244473e-01	8.278873e-01	7.671100e+00	
8  21.3904	3.476411e+00	-5.381311e+00	7.853762e-01	-4.558485e+00	1.454639e+00	-2.644649e+00	4.001121e-01	2.759916e-01	2.053012e-01	7.645628e-02	2.952477e-01	8.278873e-01	7.671100e+00	
8  21.2928	3.476411e+00	-5.381311e+00	8.849037e-01	-4.864550e+00	1.542229e+00	-2.466827e+00	4.061934e-01	2.750946e-01	1.723469e-01	5.248068e-02	1.706245e-01	8.278873e-01	7.671100e+00	
4  22.4146	3.476411e+00	-5.381311e+00	6.954899e-01	-4.289865e+00	1.555863e+00	-2.701665e+00	3.747066e-01	2.728125e-01	1.704059e-01	5.100735e-02	5.133672e-01	8.278873e-01	7.671100e+00	
1  21.9994	3.476411e+00	-5.381311e+00	6.634294e-01	-4.659823e+00	1.606126e+00	-2.716020e+00	3.890834e-01	2.758604e-01	1.684085e-01	4.622534e-02	5.362101e-01	8.278873e-01	7.671100e+00	
55  19.4906	3.476411e+00	-5.381311e+00	7.755678e-01	-4.841855e+00	1.526682e+00	-2.628867e+00	3.891920e-01	2.809025e-01	2.013498e-01	8.316522e-02	3.728201e-01	8.278873e-01	7.671100e+00	
6  23.5577	3.476411e+00	-5.381311e+00	9.491281e-01	-4.326726e+00	1.574465e+00	-2.860358e+00	4.001458e-01	2.789180e-01	1.824515e-01	9.969714e-02	2.506590e-01	8.278873e-01	7.671100e+00	
10  22.8459	3.476411e+00	-5.381311e+00	9.494097e-01	-4.760476e+00	1.590910e+00	-2.938494e+00	3.846060e-01	2.887189e-01	1.981486e-01	9.755377e-02	2.616408e-01	8.278873e-01	7.671100e+00	
19  23.2537	3.476411e+00	-5.381311e+00	9.517772e-01	-4.737032e+00	1.565476e+00	-3.135345e+00	3.924959e-01	2.945750e-01	2.076507e-01	1.023124e-01	1.992075e-01	8.278873e-01	7.671100e+00	
1  21.5486	3.476411e+00	-5.381311e+00	6.182706e-01	-3.952118e+00	1.579909e+00	-3.883509e+00	3.808780e-01	2.880709e-01	1.913141e-01	1.089111e-01	4.542395e-01	8.278873e-01	7.671100e+00	
1  21.4772	2.923465e+00	-5.142288e+00	6.182706e-01	-3.952118e+00	1.579909e+00	-3.883509e+00	3.808780e-01	2.880709e-01	1.913141e-01	1.089111e-01	4.542395e-01	8.309574e-01	7.671100e+00	
21  21.5159	3.186138e+00	-5.748676e+00	6.182706e-01	-3.952118e+00	1.579909e+00	-3.883509e+00	3.808780e-01	2.880709e-01	1.913141e-01	1.089111e-01	4.542395e-01	8.316800e-01	7.671100e+00	
1  21.9799	3.594935e+00	-5.208507e+00	6.182706e-01	-3.952118e+00	1.579909e+00	-3.883509e+00	3.808780e-01	2.880709e-01	1.913141e-01	1.089111e-01	4.542395e-01	8.302977e-01	7.671100e+00	
10  22.6337	3.334389e+00	-4.452760e+00	6.182706e-01	-3.952118e+00	1.579909e+00	-3.883509e+00	3.808780e-01	2.880709e-01	1.913141e-01	1.089111e-01	4.542395e-01	8.235576e-01	7.671100e+00	
39  21.4158	3.067846e+00	-4.680601e+00	6.182706e-01	-3.952118e+00	1.579909e+00	-3.883509e+00	3.808780e-01	2.880709e-01	1.913141e-01	1.089111e-01	4.542395e-01	8.310215e-01	7.671100e+00	
18  21.3983	3.067846e+00	-4.680601e+00	8.207929e-01	-3.992658e+00	1.583463e+00	-4.298762e+00	3.910284e-01	2.926501e-01	1.905580e-01	9.024746e-02	2.196550e-01	8.310215e-01	7.671100e+00	
1  24.7486	3.067846e+00	-4.680601e+00	9.636371e-01	-4.412510e+00	1.581328e+00	-4.322043e+00	3.997193e-01	2.781406e-01	2.164761e-01	9.282760e-02	7.527290e-02	8.310215e-01	7.671100e+00	
2  25.0959	3.067846e+00	-4.680601e+00	5.661449e-01	-4.507603e+00	1.600106e+00	-3.469171e+00	3.650777e-01	2.888208e-01	2.363909e-01	1.260958e-01	4.502521e-01	8.310215e-01	7.671100e+00	
1  21.9868	3.067846e+00	-4.680601e+00	4.384889e-01	-4.117396e+00	1.595423e+00	-3.293206e+00	3.714982e-01	3.065386e-01	2.341569e-01	8.387971e-02	6.646054e-01	8.310215e-01	7.671100e+00	
