3  27.8865	3.509376e+00	-4.408436e+00	7.400000e-01	-4.380000e+00	1.450000e+00	-1.930000e+00	3.500000e-01	2.600000e-01	1.800000e-01	7.000000e-02	0.000000e+00	8.304067e-01	7.671100e+00	
22  27.6516	3.509376e+00	-4.408436e+00	8.353905e-01	-4.541514e+00	1.499664e+00	-2.423149e+00	3.570176e-01	2.482096e-01	1.835970e-01	5.394666e-02	8.485794e-01	8.304067e-01	7.671100e+00	
13  27.7065	3.509376e+00	-4.408436e+00	5.916905e-01	-4.603530e+00	1.480774e+00	-2.119226e+00	3.626942e-01	2.449898e-01	2.011306e-01	6.432388e-02	5.002326e-01	8.304067e-01	7.671100e+00	
8  25.9767	3.509376e+00	-4.408436e+00	6.379507e-01	-4.476534e+00	1.486271e+00	-2.459041e+00	3.620840e-01	2.560616e-01	1.875384e-01	6.924401e-02	7.743606e-01	8.304067e-01	7.671100e+00	
18  25.7897	3.509376e+00	-4.408436e+00	4.988952e-01	-4.958483e+00	1.448295e+00	-2.836542e+00	3.613570e-01	2.749467e-01	1.863903e-01	8.249484e-02	4.801747e-01	8.304067e-01	7.671100e+00	
16  25.2835	3.509376e+00	-4.408436e+00	2.441459e-01	-4.466594e+00	1.449919e+00	-3.466040e+00	3.485286e-01	2.800424e-01	1.935703e-01	5.872307e-02	9.911869e-01	8.304067e-01	7.671100e+00	
3  24.2047	3.509376e+00	-4.408436e+00	4.967584e-01	-4.163185e+00	1.409887e+00	-3.756322e+00	3.813571e-01	2.829306e-01	2.165589e-01	9.431353e-02	9.791882e-01	8.304067e-01	7.671100e+00	
17  24.073	3.509376e+00	-4.408436e+00	4.137863e-01	-4.123192e+00	1.439232e+00	-3.732164e+00	3.789576e-01	2.687751e-01	2.082580e-01	1.118076e-01	8.794584e-01	8.304067e-01	7.671100e+00	
14  24.545	2.831456e+00	-4.958417e+00	4.137863e-01	-4.123192e+00	1.439232e+00	-3.732164e+00	3.789576e-01	2.687751e-01	2.082580e-01	1.118076e-01	8.794584e-01	8.302463e-01	7.671100e+00	
6  23.1007	2.831456e+00	-4.958417e+00	4.215776e-01	-4.092483e+00	1.473364e+00	-3.649789e+00	3.789404e-01	2.895224e-01	2.163548e-01	8.359422e-02	5.731604e-01	8.302463e-01	7.671100e+00	
10  22.7933	2.831456e+00	-4.958417e+00	6.034702e-01	-4.124144e+00	1.499817e+00	-4.126096e+00	3.765657e-01	2.913897e-01	2.494025e-01	9.099833e-02	4.175850e-01	8.302463e-01	7.671100e+00	
9  21.3008	2.831456e+00	-4.958417e+00	3.811317e-01	-4.182230e+00	1.547986e+00	-4.483059e+00	3.991942e-01	3.190628e-01	2.327585e-01	7.633914e-02	6.858526e-01	8.302463e-01	7.671100e+00	
7  22.578	2.831456e+00	-4.958417e+00	4.345717e-01	-3.646888e+00	1.505769e+00	-4.834979e+00	3.876565e-01	3.508487e-01	2.467058e-01	1.107821e-01	6.786179e-01	8.302463e-01	7.671100e+00	
28  22.3909	2.831456e+00	-4.958417e+00	2.997941e-01	-4.278923e+00	1.479643e+00	-4.691890e+00	3.812082e-01	3.445064e-01	2.261660e-01	1.032081e-01	8.099211e-01	8.302463e-01	7.671100e+00	
2  22.9663	2.831456e+00	-4.958417e+00	2.239666e-01	-4.549075e+00	1.524953e+00	-4.333578e+00	4.097617e-01	3.612535e-01	2.064192e-01	9.645910e-02	8.538728e-01	8.302463e-01	7.671100e+00	
1  22.8147	3.678102e+00	-4.998343e+00	2.239666e-01	-4.549075e+00	1.524953e+00	-4.333578e+00	4.097617e-01	3.612535e-01	2.064192e-01	9.645910e-02	8.538728e-01	8.265981e-01	7.671100e+00	
8  22.9359	2.855850e+00	-5.279481e+00	2.239666e-01	-4.549075e+00	1.524953e+00	-4.333578e+00	4.097617e-01	3.612535e-01	2.064192e-01	9.645910e-02	8.538728e-01	8.271781e-01	7.671100e+00	
3  23.1762	2.855850e+00	-5.279481e+00	3.137593e-01	-4.836819e+00	1.511813e+00	-4.344368e+00	4.050884e-01	3.707630e-01	1.982500e-01	1.046604e-01	5.852952e-01	8.271781e-01	7.671100e+00	
53  23.2782	3.267054e+00	-4.976263e+00	3.137593e-01	-4.836819e+00	1.511813e+00	-4.344368e+00	4.050884e-01	3.707630e-01	1.982500e-01	1.046604e-01	5.852952e-01	8.318935e-01	7.671100e+00	
18  22.7973	3.267054e+00	-4.976263e+00	2.145931e-01	-4.572001e+00	1.557801e+00	-4.652267e+00	4.222659e-01	3.789471e-01	2.283315e-01	1.030541e-01	6.974719e-01	8.318935e-01	7.671100e+00	
16  22.769	3.267054e+00	-4.976263e+00	2.760805e-01	-4.818353e+00	1.595312e+00	-3.640751e+00	4.398522e-01	3.671652e-01	2.318321e-01	1.013394e-01	7.802977e-01	8.318935e-01	7.671100e+00	
11  22.9591	3.095099e+00	-5.267238e+00	2.760805e-01	-4.818353e+00	1.595312e+00	-3.640751e+00	4.398522e-01	3.671652e-01	2.318321e-01	1.013394e-01	7.802977e-01	8.289414e-01	7.671100e+00	
1  22.6192	3.450321e+00	-5.641635e+00	2.760805e-01	-4.818353e+00	1.595312e+00	-3.640751e+00	4.398522e-01	3.671652e-01	2.318321e-01	1.013394e-01	7.802977e-01	8.281403e-01	7.671100e+00	
19  22.1792	3.662968e+00	-4.540962e+00	2.760805e-01	-4.818353e+00	1.595312e+00	-3.640751e+00	4.398522e-01	3.671652e-01	2.318321e-01	1.013394e-01	7.802977e-01	8.302713e-01	7.671100e+00	
2  22.8025	3.662968e+00	-4.540962e+00	1.162844e-01	-4.826061e+00	1.589612e+00	-4.420547e+00	4.589930e-01	3.408471e-01	2.329566e-01	1.016135e-01	9.725654e-01	8.302713e-01	7.671100e+00	
10  23.1754	3.168283e+00	-4.366164e+00	1.162844e-01	-4.826061e+00	1.589612e+00	-4.420547e+00	4.589930e-01	3.408471e-01	2.329566e-01	1.016135e-01	9.725654e-01	8.309963e-01	7.671100e+00	
1  26.9426	3.168283e+00	-4.366164e+00	1.021191e-01	-4.629959e+00	1.542875e+00	-4.267172e+00	4.766974e-01	3.189145e-01	2.079699e-01	1.062205e-01	8.398381e-01	8.309963e-01	7.671100e+00	
8  27.7031	3.336720e+00	-4.898817e+00	1.021191e-01	-4.629959e+00	1.542875e+00	-4.267172e+00	4.766974e-01	3.189145e-01	2.079699e-01	1.062205e-01	8.398381e-01	8.255899e-01	7.671100e+00	
2  25.7103	3.336720e+00	-4.898817e+00	4.169897e-01	-4.150634e+00	1.568602e+00	-4.542832e+00	4.663159e-01	3.194602e-01	1.848169e-01	1.325033e-01	6.885419e-01	8.255899e-01	7.671100e+00	
5  25.4729	3.336720e+00	-4.898817e+00	2.302609e-01	-4.033383e+00	1.518191e+00	-4.757103e+00	4.473474e-01	2.945823e-01	2.041537e-01	1.113378e-01	8.784909e-01	8.255899e-01	7.671100e+00	
10  26.8402	3.336720e+00	-4.898817e+00	3.942447e-01	-3.865663e+00	1.515432e+00	-4.626279e+00	4.684436e-01	3.003259e-01	1.999125e-01	1.298257e-01	9.202740e-01	8.255899e-01	7.671100e+00	
2  26.52	3.336720e+00	-4.898817e+00	4.610972e-01	-3.864038e+00	1.512261e+00	-4.907641e+00	4.662913e-01	2.753919e-01	2.338726e-01	1.488218e-01	9.566117e-01	8.255899e-01	7.671100e+00	
6  26.2358	3.336720e+00	-4.898817e+00	3.306234e-01	-3.339880e+00	1.540040e+00	-4.545833e+00	4.935022e-01	2.889447e-01	2.487356e-01	1.343619e-01	8.659412e-01	8.255899e-01	7.671100e+00	
33  26.2811	3.271844e+00	-4.052720e+00	3.306234e-01	-3.339880e+00	1.540040e+00	-4.545833e+00	4.935022e-01	2.889447e-01	2.487356e-01	1.343619e-01	8.659412e-01	8.315801e-01	7.671100e+00	
22  26.9615	2.750629e+00	-4.556812e+00	3.306234e-01	-3.339880e+00	1.540040e+00	-4.545833e+00	4.935022e-01	2.889447e-01	2.487356e-01	1.343619e-01	8.659412e-01	8.260046e-01	7.671100e+00	
4  26.4639	3.058579e+00	-5.022524e+00	3.306234e-01	-3.339880e+00	1.540040e+00	-4.545833e+00	4.935022e-01	2.889447e-01	2.487356e-01	1.343619e-01	8.659412e-01	8.297136e-01	7.671100e+00	
16  26.5125	3.058579e+00	-5.022524e+00	4.462633e-01	-3.958900e+00	1.545112e+00	-4.752497e+00	4.726155e-01	2.891777e-01	2.385967e-01	1.533842e-01	6.479289e-01	8.297136e-01	7.671100e+00	
25  26.0772	3.058579e+00	-5.022524e+00	5.638844e-01	-3.332444e+00	1.533665e+00	-4.747866e+00	4.663449e-01	3.033098e-01	2.307109e-01	1.534644e-01	6.273612e-01	8.297136e-01	7.671100e+00	
3  24.5182	3.656918e+00	-5.493551e+00	5.638844e-01	-3.332444e+00	1.533665e+00	-4.747866e+00	4.663449e-01	3.033098e-01	2.307109e-01	1.534644e-01	6.273612e-01	8.307702e-01	7.671100e+00	
15  24.4142	3.656918e+00	-5.493551e+00	4.514538e-01	-3.291254e+00	1.481622e+00	-4.892060e+00	4.549609e-01	3.224296e-01	2.278056e-01	1.559372e-01	8.164571e-01	8.307702e-01	7.671100e+00	
13  24.0784	3.656918e+00	-5.493551e+00	4.542871e-01	-3.536872e+00	1.472538e+00	-4.959909e+00	4.535767e-01	2.849340e-01	2.498281e-01	1.504757e-01	8.986295e-01	8.307702e-01	7.671100e+00	
20  23.6592	3.656918e+00	-5.493551e+00	4.400227e-01	-3.305025e+00	1.509563e+00	-4.859117e+00	4.502672e-01	2.725402e-01	2.483931e-01	1.402779e-01	9.227301e-01	8.307702e-01	7.671100e+00	
6  23.9886	3.656918e+00	-5.493551e+00	5.538616e-01	-3.378392e+00	1.538558e+00	-4.880103e+00	4.645334e-01	2.817553e-01	2.701208e-01	1.129885e-01	7.099390e-01	8.307702e-01	7.671100e+00	
9  24.8342	3.656918e+00	-5.493551e+00	5.885129e-01	-3.731780e+00	1.532886e+00	-4.967082e+00	4.753890e-01	2.832423e-01	2.307047e-01	1.325587e-01	8.882127e-01	8.307702e-01	7.671100e+00	
15  23.9213	3.294085e+00	-5.869426e+00	5.885129e-01	-3.731780e+00	1.532886e+00	-4.967082e+00	4.753890e-01	2.832423e-01	2.307047e-01	1.325587e-01	8.882127e-01	8.332777e-01	7.671100e+00	
11  24.2061	3.294085e+00	-5.869426e+00	5.871387e-01	-3.963383e+00	1.554068e+00	-4.752392e+00	4.625661e-01	3.102046e-01	2.082482e-01	1.421850e-01	7.187769e-01	8.332777e-01	7.671100e+00	
25  24.1222	3.294085e+00	-5.869426e+00	6.881601e-01	-4.233467e+00	1.651641e+00	-4.268506e+00	4.540375e-01	2.813792e-01	2.234014e-01	1.575696e-01	9.970155e-01	8.332777e-01	7.671100e+00	
18  22.8836	3.294085e+00	-5.869426e+00	6.250173e-01	-4.962615e+00	1.588434e+00	-4.469575e+00	4.189217e-01	2.843914e-01	2.188863e-01	1.724467e-01	8.187906e-01	8.332777e-01	7.671100e+00	
16  25.062	3.294085e+00	-5.869426e+00	5.558333e-01	-4.794968e+00	1.678219e+00	-4.336328e+00	3.997935e-01	2.806483e-01	2.092781e-01	1.439294e-01	6.138215e-01	8.332777e-01	7.671100e+00	
5  22.8511	3.294085e+00	-5.869426e+00	4.520142e-01	-4.110171e+00	1.657721e+00	-4.766178e+00	3.954896e-01	2.920437e-01	2.068954e-01	1.444745e-01	9.569449e-01	8.332777e-01	7.671100e+00	
40  23.0829	3.294085e+00	-5.869426e+00	2.805564e-01	-4.188731e+00	1.644678e+00	-4.807340e+00	4.127939e-01	2.976932e-01	2.061665e-01	1.169696e-01	9.784485e-01	8.332777e-01	7.671100e+00	
1  22.72	3.294085e+00	-5.869426e+00	5.087436e-01	-4.308217e+00	1.612911e+00	-4.738713e+00	4.005231e-01	2.945851e-01	2.067393e-01	1.215583e-01	7.927832e-01	8.332777e-01	7.671100e+00	
8  23.0555	3.072049e+00	-5.602088e+00	5.087436e-01	-4.308217e+00	1.612911e+00	-4.738713e+00	4.005231e-01	2.945851e-01	2.067393e-01	1.215583e-01	7.927832e-01	8.255304e-01	7.671100e+00	
10  22.8005	3.072049e+00	-5.602088e+00	6.440875e-01	-4.010968e+00	1.627243e+00	-4.828838e+00	4.041406e-01	2.969625e-01	2.066934e-01	1.311928e-01	5.326730e-01	8.255304e-01	7.671100e+00	
5  22.1738	3.072049e+00	-5.602088e+00	7.261741e-01	-4.253414e+00	1.567270e+00	-4.850890e+00	3.930706e-01	2.836616e-01	1.940393e-01	1.102464e-01	2.981015e-01	8.255304e-01	7.671100e+00	
2  22.5558	3.266821e+00	-5.557688e+00	7.261741e-01	-4.253414e+00	1.567270e+00	-4.850890e+00	3.930706e-01	2.836616e-01	1.940393e-01	1.102464e-01	2.981015e-01	8.312023e-01	7.671100e+00	
11  24.2099	3.266821e+00	-5.557688e+00	6.002673e-01	-4.302091e+00	1.586715e+00	-4.463935e+00	3.862770e-01	2.840792e-01	1.815943e-01	1.422791e-01	4.722291e-01	8.312023e-01	7.671100e+00	
13  22.0961	3.266821e+00	-5.557688e+00	5.198222e-01	-4.787698e+00	1.584141e+00	-4.315008e+00	4.212702e-01	3.215744e-01	2.147906e-01	1.410563e-01	4.952598e-01	8.312023e-01	7.671100e+00	
6  22.0019	3.266821e+00	-5.557688e+00	5.160473e-01	-4.764064e+00	1.603978e+00	-3.972664e+00	3.963699e-01	3.217534e-01	2.475537e-01	1.221799e-01	5.647324e-01	8.312023e-01	7.671100e+00	
36  21.4611	3.356548e+00	-5.289911e+00	5.160473e-01	-4.764064e+00	1.603978e+00	-3.972664e+00	3.963699e-01	3.217534e-01	2.475537e-01	1.221799e-01	5.647324e-01	8.252634e-01	7.671100e+00	
3  23.1383	3.356548e+00	-5.289911e+00	4.268570e-01	-4.743362e+00	1.593333e+00	-3.957314e+00	3.816646e-01	3.282098e-01	2.515759e-01	1.361696e-01	6.083881e-01	8.252634e-01	7.671100e+00	
7  22.3595	3.356548e+00	-5.289911e+00	3.567521e-01	-4.590874e+00	1.578420e+00	-3.501802e+00	3.787323e-01	3.033403e-01	2.708745e-01	1.271608e-01	8.698523e-01	8.252634e-01	7.671100e+00	
26  21.0289	3.356548e+00	-5.289911e+00	3.749978e-01	-4.515902e+00	1.517230e+00	-3.964064e+00	4.132287e-01	3.077286e-01	2.612668e-01	7.209469e-02	8.326677e-01	8.252634e-01	7.671100e+00	
1  21.5492	3.356548e+00	-5.289911e+00	3.635142e-01	-4.100877e+00	1.521652e+00	-3.077412e+00	4.015881e-01	3.176294e-01	2.683441e-01	8.937982e-02	8.417805e-01	8.252634e-01	7.671100e+00	
14  22.1858	3.356548e+00	-5.289911e+00	5.254595e-01	-4.168792e+00	1.544618e+00	-3.832308e+00	4.103988e-01	3.219747e-01	2.853236e-01	9.497522e-02	6.629135e-01	8.252634e-01	7.671100e+00	
6  22.1191	3.356548e+00	-5.289911e+00	5.737640e-01	-3.984049e+00	1.522325e+00	-3.912640e+00	4.116483e-01	3.136036e-01	2.683007e-01	9.898446e-02	7.520748e-01	8.252634e-01	7.671100e+00	
8  23.0654	3.356548e+00	-5.289911e+00	7.251793e-01	-4.259115e+00	1.523482e+00	-3.663873e+00	4.026474e-01	3.092634e-01	2.552915e-01	1.040716e-01	6.582472e-01	8.252634e-01	7.671100e+00	
15  23.1573	3.356548e+00	-5.289911e+00	7.001311e-01	-4.538338e+00	1.501400e+00	-3.280123e+00	3.899797e-01	2.797282e-01	2.574147e-01	1.155764e-01	7.980849e-01	8.252634e-01	7.671100e+00	
3  22.8151	3.356548e+00	-5.289911e+00	8.608726e-01	-4.474285e+00	1.598217e+00	-3.621354e+00	4.031864e-01	2.877256e-01	2.334684e-01	1.004938e-01	5.030508e-01	8.252634e-01	7.671100e+00	
2  22.3687	3.356548e+00	-5.289911e+00	8.065304e-01	-4.848405e+00	1.585389e+00	-3.702940e+00	3.971798e-01	2.915306e-01	2.374534e-01	9.706793e-02	6.422006e-01	8.252634e-01	7.671100e+00	
17  21.2151	3.549998e+00	-5.079121e+00	8.065304e-01	-4.848405e+00	1.585389e+00	-3.702940e+00	3.971798e-01	2.915306e-01	2.374534e-01	9.706793e-02	6.422006e-01	8.267722e-01	7.671100e+00	
4  21.7969	3.549998e+00	-5.079121e+00	5.814966e-01	-4.918839e+00	1.571232e+00	-3.734394e+00	4.215608e-01	2.811225e-01	2.581800e-01	1.093695e-01	7.522208e-01	8.267722e-01	7.671100e+00	
9  21.0498	3.549998e+00	-5.079121e+00	6.420988e-01	-4.945713e+00	1.568776e+00	-3.881168e+00	4.108487e-01	2.699920e-01	2.475783e-01	1.024217e-01	5.169078e-01	8.267722e-01	7.671100e+00	
10  21.7853	3.549998e+00	-5.079121e+00	6.411990e-01	-4.709693e+00	1.556399e+00	-4.222313e+00	3.830865e-01	2.659423e-01	2.629684e-01	9.818310e-02	9.080269e-01	8.267722e-01	7.671100e+00	
14  21.8472	3.549998e+00	-5.079121e+00	4.165785e-01	-4.454336e+00	1.580009e+00	-4.072983e+00	3.702705e-01	2.894178e-01	2.708774e-01	8.421562e-02	8.473499e-01	8.267722e-01	7.671100e+00	
2  21.6888	3.549998e+00	-5.079121e+00	6.728848e-01	-4.841217e+00	1.529757e+00	-3.773272e+00	3.640730e-01	2.899835e-01	2.325345e-01	1.015887e-01	7.158501e-01	8.267722e-01	7.671100e+00	
6  23.4641	2.934290e+00	-5.499331e+00	6.728848e-01	-4.841217e+00	1.529757e+00	-3.773272e+00	3.640730e-01	2.899835e-01	2.325345e-01	1.015887e-01	7.158501e-01	8.255088e-01	7.671100e+00	
32  23.2859	2.934290e+00	-5.499331e+00	5.369316e-01	-3.814714e+00	1.562942e+00	-3.130644e+00	3.550309e-01	3.016986e-01	1.915335e-01	9.928728e-02	4.947792e-01	8.255088e-01	7.671100e+00	
10  23.5191	2.934290e+00	-5.499331e+00	3.173982e-01	-3.543920e+00	1.522832e+00	-3.361658e+00	3.802277e-01	3.018774e-01	2.262935e-01	1.269242e-01	7.544363e-01	8.255088e-01	7.671100e+00	
3  21.4289	2.934290e+00	-5.499331e+00	5.198334e-01	-3.733645e+00	1.563328e+00	-3.713896e+00	3.947192e-01	3.245993e-01	2.133196e-01	1.107086e-01	4.474171e-01	8.255088e-01	7.671100e+00	
2  22.0996	2.934290e+00	-5.499331e+00	5.868769e-01	-3.376906e+00	1.533223e+00	-4.092904e+00	4.034642e-01	3.008066e-01	1.948785e-01	1.136449e-01	5.310954e-01	8.255088e-01	7.671100e+00	
4  22.2554	2.934290e+00	-5.499331e+00	4.143323e-01	-3.499267e+00	1.573668e+00	-4.101907e+00	3.801266e-01	3.027276e-01	2.070246e-01	9.048308e-02	6.132196e-01	8.255088e-01	7.671100e+00	
9  20.9932	2.934290e+00	-5.499331e+00	5.146600e-01	-4.064204e+00	1.633462e+00	-4.543151e+00	3.909828e-01	3.190115e-01	2.029641e-01	7.373206e-02	5.284645e-01	8.255088e-01	7.671100e+00	
11  21.9531	3.581689e+00	-4.389437e+00	5.146600e-01	-4.064204e+00	1.633462e+00	-4.543151e+00	3.909828e-01	3.190115e-01	2.029641e-01	7.373206e-02	5.284645e-01	8.230778e-01	7.671100e+00	
19  20.9145	3.038926e+00	-4.835115e+00	5.146600e-01	-4.064204e+00	1.633462e+00	-4.543151e+00	3.909828e-01	3.190115e-01	2.029641e-01	7.373206e-02	5.284645e-01	8.323061e-01	7.671100e+00	
3  21.3862	3.038926e+00	-4.835115e+00	7.008683e-01	-3.957067e+00	1.651919e+00	-4.194659e+00	4.191601e-01	2.994474e-01	1.976104e-01	7.207393e-02	4.306757e-01	8.323061e-01	7.671100e+00	
10  20.4108	3.541468e+00	-5.860263e+00	7.008683e-01	-3.957067e+00	1.651919e+00	-4.194659e+00	4.191601e-01	2.994474e-01	1.976104e-01	7.207393e-02	4.306757e-01	8.313819e-01	7.671100e+00	
7  21.0843	3.385033e+00	-4.642310e+00	7.008683e-01	-3.957067e+00	1.651919e+00	-4.194659e+00	4.191601e-01	2.994474e-01	1.976104e-01	7.207393e-02	4.306757e-01	8.237586e-01	7.671100e+00	
16  21.4759	3.385033e+00	-4.642310e+00	6.765654e-01	-3.991320e+00	1.618598e+00	-3.223506e+00	4.277293e-01	2.972392e-01	2.103149e-01	7.316870e-02	4.391534e-01	8.237586e-01	7.671100e+00	
11  20.5164	3.560424e+00	-5.163764e+00	6.765654e-01	-3.991320e+00	1.618598e+00	-3.223506e+00	4.277293e-01	2.972392e-01	2.103149e-01	7.316870e-02	4.391534e-01	8.250807e-01	7.671100e+00	
21  21.8975	3.012454e+00	-4.853244e+00	6.765654e-01	-3.991320e+00	1.618598e+00	-3.223506e+00	4.277293e-01	2.972392e-01	2.103149e-01	7.316870e-02	4.391534e-01	8.323460e-01	7.671100e+00	
10  21.8543	3.108987e+00	-5.185931e+00	6.765654e-01	-3.991320e+00	1.618598e+00	-3.223506e+00	4.277293e-01	2.972392e-01	2.103149e-01	7.316870e-02	4.391534e-01	8.309574e-01	7.671100e+00	
8  23.2978	3.108987e+00	-5.185931e+00	6.255360e-01	-4.176901e+00	1.608270e+00	-3.651954e+00	4.320932e-01	2.996228e-01	1.895572e-01	8.091171e-02	2.582325e-01	8.309574e-01	7.671100e+00	
5  21.0525	3.108987e+00	-5.185931e+00	6.309972e-01	-4.302199e+00	1.563590e+00	-3.795477e+00	3.969236e-01	3.174099e-01	1.782994e-01	7.259427e-02	2.880324e-01	8.309574e-01	7.671100e+00	
21  21.0627	3.247585e+00	-4.715804e+00	6.309972e-01	-4.302199e+00	1.563590e+00	-3.795477e+00	3.969236e-01	3.174099e-01	1.782994e-01	7.259427e-02	2.880324e-01	8.292179e-01	7.671100e+00	
1  20.7931	3.096100e+00	-4.262142e+00	6.309972e-01	-4.302199e+00	1.563590e+00	-3.795477e+00	3.969236e-01	3.174099e-01	1.782994e-01	7.259427e-02	2.880324e-01	8.261072e-01	7.671100e+00	
40  21.054	3.319712e+00	-4.580765e+00	6.309972e-01	-4.302199e+00	1.563590e+00	-3.795477e+00	3.969236e-01	3.174099e-01	1.782994e-01	7.259427e-02	2.880324e-01	8.309417e-01	7.671100e+00	
25  21.6011	3.319712e+00	-4.580765e+00	6.706042e-01	-3.750850e+00	1.522125e+00	-3.474701e+00	3.924069e-01	3.254465e-01	1.858094e-01	7.675799e-02	3.694167e-01	8.309417e-01	7.671100e+00	
2  21.5149	3.386510e+00	-5.773678e+00	6.706042e-01	-3.750850e+00	1.522125e+00	-3.474701e+00	3.924069e-01	3.254465e-01	1.858094e-01	7.675799e-02	3.694167e-01	8.234045e-01	7.671100e+00	
25  24.2488	3.386510e+00	-5.773678e+00	5.999609e-01	-3.449840e+00	1.519990e+00	-3.576020e+00	3.803151e-01	3.260742e-01	1.808928e-01	7.393621e-02	5.133290e-01	8.234045e-01	7.671100e+00	
24  22.8019	3.386510e+00	-5.773678e+00	6.172803e-01	-3.749066e+00	1.478687e+00	-3.764444e+00	3.664688e-01	2.882077e-01	1.970955e-01	7.194290e-02	6.083721e-01	8.234045e-01	7.671100e+00	
16  20.8729	3.386510e+00	-5.773678e+00	5.264029e-01	-3.785710e+00	1.425912e+00	-3.574852e+00	3.796864e-01	3.331325e-01	2.180929e-01	7.047524e-02	4.492552e-01	8.234045e-01	7.671100e+00	
30  20.8598	2.887988e+00	-5.582598e+00	5.264029e-01	-3.785710e+00	1.425912e+00	-3.574852e+00	3.796864e-01	3.331325e-01	2.180929e-01	7.047524e-02	4.492552e-01	8.278188e-01	7.671100e+00	
4  23.0641	2.887988e+00	-5.582598e+00	4.060582e-01	-3.960245e+00	1.467170e+00	-4.011452e+00	4.087697e-01	3.606663e-01	2.364280e-01	6.435851e-02	7.623980e-01	8.278188e-01	7.671100e+00	
4  22.7846	2.887988e+00	-5.582598e+00	7.873394e-02	-3.320955e+00	1.464162e+00	-3.698570e+00	3.988630e-01	3.517299e-01	2.320282e-01	4.862918e-02	9.729515e-01	8.278188e-01	7.671100e+00	
15  21.8417	2.887988e+00	-5.582598e+00	3.750721e-01	-2.876589e+00	1.559339e+00	-3.851858e+00	4.167062e-01	3.437288e-01	2.236508e-01	7.945459e-02	6.420052e-01	8.278188e-01	7.671100e+00	
5  22.3994	2.887988e+00	-5.582598e+00	2.124153e-01	-3.018816e+00	1.520438e+00	-4.514723e+00	4.143163e-01	3.566777e-01	2.480673e-01	7.171314e-02	7.940720e-01	8.278188e-01	7.671100e+00	
37  22.8412	2.887988e+00	-5.582598e+00	4.282737e-01	-4.198821e+00	1.507292e+00	-4.613663e+00	3.742767e-01	3.601743e-01	2.453828e-01	9.940936e-02	6.313791e-01	8.278188e-01	7.671100e+00	
12  24.3687	2.887988e+00	-5.582598e+00	3.565350e-01	-4.037689e+00	1.493821e+00	-4.351972e+00	3.582725e-01	3.809024e-01	2.557104e-01	8.563996e-02	7.566639e-01	8.278188e-01	7.671100e+00	
3  23.1119	2.887988e+00	-5.582598e+00	3.730722e-01	-3.947448e+00	1.438645e+00	-4.161700e+00	3.630378e-01	3.528923e-01	2.395462e-01	1.272469e-01	7.083582e-01	8.278188e-01	7.671100e+00	
9  23.0913	2.997555e+00	-4.691781e+00	3.730722e-01	-3.947448e+00	1.438645e+00	-4.161700e+00	3.630378e-01	3.528923e-01	2.395462e-01	1.272469e-01	7.083582e-01	8.263831e-01	7.671100e+00	
3  23.1321	2.997555e+00	-4.691781e+00	5.020199e-01	-3.941544e+00	1.429594e+00	-3.978873e+00	3.544914e-01	3.278717e-01	2.454936e-01	1.186940e-01	6.981925e-01	8.263831e-01	7.671100e+00	
3  24.7336	2.997555e+00	-4.691781e+00	5.009540e-01	-4.478470e+00	1.325332e+00	-3.689971e+00	3.533843e-01	3.105386e-01	2.681201e-01	1.067589e-01	9.490600e-01	8.263831e-01	7.671100e+00	
2  24.8105	2.997555e+00	-4.691781e+00	3.792741e-01	-4.069832e+00	1.344927e+00	-3.987237e+00	3.420039e-01	3.139150e-01	2.381482e-01	1.095976e-01	9.594940e-01	8.263831e-01	7.671100e+00	
9  24.4545	2.997555e+00	-4.691781e+00	2.970622e-01	-3.792609e+00	1.278637e+00	-4.120193e+00	3.518396e-01	3.308191e-01	2.241098e-01	1.024098e-01	9.404512e-01	8.263831e-01	7.671100e+00	
8  23.6468	2.997555e+00	-4.691781e+00	4.637571e-01	-4.024027e+00	1.318830e+00	-4.236566e+00	3.581478e-01	3.050981e-01	2.356128e-01	8.244324e-02	8.878643e-01	8.263831e-01	7.671100e+00	
1  24.0801	2.997555e+00	-4.691781e+00	3.996531e-01	-3.826836e+00	1.259754e+00	-4.426039e+00	3.565582e-01	3.189541e-01	2.522694e-01	7.316853e-02	9.442635e-01	8.263831e-01	7.671100e+00	
18  24.3312	2.997555e+00	-4.691781e+00	5.670645e-01	-4.532169e+00	1.260953e+00	-4.350830e+00	3.500328e-01	3.374360e-01	2.474257e-01	7.984463e-02	7.777691e-01	8.263831e-01	7.671100e+00	
2  24.8423	2.997555e+00	-4.691781e+00	8.840578e-01	-3.843889e+00	1.288370e+00	-4.516561e+00	3.786422e-01	3.357921e-01	2.346086e-01	1.136232e-01	3.722559e-01	8.263831e-01	7.671100e+00	
6  25.21	2.898983e+00	-5.096378e+00	8.840578e-01	-3.843889e+00	1.288370e+00	-4.516561e+00	3.786422e-01	3.357921e-01	2.346086e-01	1.136232e-01	3.722559e-01	8.313314e-01	7.671100e+00	
1  27.2295	2.898983e+00	-5.096378e+00	8.892980e-01	-4.281749e+00	1.294268e+00	-4.234792e+00	3.948619e-01	3.348409e-01	2.424433e-01	1.424895e-01	4.250516e-01	8.313314e-01	7.671100e+00	
3  26.4829	2.898983e+00	-5.096378e+00	7.073920e-01	-4.194073e+00	1.284022e+00	-4.221807e+00	3.923126e-01	3.043110e-01	2.119245e-01	1.438176e-01	4.381807e-01	8.313314e-01	7.671100e+00	
5  26.3606	3.016796e+00	-5.358013e+00	7.073920e-01	-4.194073e+00	1.284022e+00	-4.221807e+00	3.923126e-01	3.043110e-01	2.119245e-01	1.438176e-01	4.381807e-01	8.315687e-01	7.671100e+00	
5  24.4902	3.016796e+00	-5.358013e+00	8.313717e-01	-3.431860e+00	1.228574e+00	-4.904386e+00	3.899899e-01	3.284071e-01	2.243574e-01	1.176890e-01	2.701145e-01	8.315687e-01	7.671100e+00	
1  24.9956	3.016796e+00	-5.358013e+00	7.955576e-01	-4.107884e+00	1.272014e+00	-4.788994e+00	3.647411e-01	3.361082e-01	2.456491e-01	1.105190e-01	6.421397e-01	8.315687e-01	7.671100e+00	
1  25.2235	2.879797e+00	-5.192273e+00	7.955576e-01	-4.107884e+00	1.272014e+00	-4.788994e+00	3.647411e-01	3.361082e-01	2.456491e-01	1.105190e-01	6.421397e-01	8.255454e-01	7.671100e+00	
9  25.0669	2.941490e+00	-5.768840e+00	7.955576e-01	-4.107884e+00	1.272014e+00	-4.788994e+00	3.647411e-01	3.361082e-01	2.456491e-01	1.105190e-01	6.421397e-01	8.327699e-01	7.671100e+00	
3  26.1185	2.941490e+00	-5.768840e+00	7.633104e-01	-3.680531e+00	1.213811e+00	-4.462899e+00	3.529665e-01	3.611920e-01	2.593220e-01	1.292987e-01	6.284410e-01	8.327699e-01	7.671100e+00	
3  30.0077	2.941490e+00	-5.768840e+00	8.920960e-01	-3.266452e+00	1.173409e+00	-4.553635e+00	3.636096e-01	3.453789e-01	2.706793e-01	1.381811e-01	9.604742e-01	8.327699e-01	7.671100e+00	
7  25.0638	2.941490e+00	-5.768840e+00	5.793162e-01	-3.341487e+00	1.276193e+00	-4.115622e+00	3.614753e-01	3.225402e-01	2.618248e-01	1.521103e-01	8.325981e-01	8.327699e-01	7.671100e+00	
5  24.9397	3.149639e+00	-4.785793e+00	5.793162e-01	-3.341487e+00	1.276193e+00	-4.115622e+00	3.614753e-01	3.225402e-01	2.618248e-01	1.521103e-01	8.325981e-01	8.228997e-01	7.671100e+00	
10  29.1663	3.149639e+00	-4.785793e+00	4.493329e-01	-3.467107e+00	1.320088e+00	-4.573650e+00	3.319387e-01	3.232212e-01	2.914095e-01	1.608328e-01	7.102537e-01	8.228997e-01	7.671100e+00	
12  26.3578	3.149639e+00	-4.785793e+00	5.336840e-01	-3.992292e+00	1.263424e+00	-3.897549e+00	3.430603e-01	2.927674e-01	2.725680e-01	1.580172e-01	9.449627e-01	8.228997e-01	7.671100e+00	
33  27.5556	3.149639e+00	-4.785793e+00	3.945217e-01	-4.334149e+00	1.261462e+00	-4.394495e+00	3.403411e-01	2.846386e-01	2.820367e-01	1.603926e-01	9.634505e-01	8.228997e-01	7.671100e+00	
6  25.7409	3.149639e+00	-4.785793e+00	4.268470e-01	-4.664734e+00	1.246389e+00	-4.199882e+00	3.654416e-01	2.871663e-01	2.918616e-01	1.527471e-01	9.962913e-01	8.228997e-01	7.671100e+00	
51  26.4773	2.736973e+00	-4.906735e+00	4.268470e-01	-4.664734e+00	1.246389e+00	-4.199882e+00	3.654416e-01	2.871663e-01	2.918616e-01	1.527471e-01	9.962913e-01	8.329564e-01	7.671100e+00	
1  27.7992	2.736973e+00	-4.906735e+00	7.962925e-01	-4.506252e+00	1.267804e+00	-4.489479e+00	3.556557e-01	2.851420e-01	2.793336e-01	1.212293e-01	5.750483e-01	8.329564e-01	7.671100e+00	
12  26.4838	2.736973e+00	-4.906735e+00	7.256282e-01	-4.875321e+00	1.271685e+00	-4.403347e+00	3.693237e-01	2.867508e-01	2.610402e-01	1.238429e-01	8.356609e-01	8.329564e-01	7.671100e+00	
4  27.7582	2.736973e+00	-4.906735e+00	8.073714e-01	-4.771612e+00	1.260853e+00	-4.288411e+00	3.862602e-01	2.899766e-01	2.639484e-01	1.251124e-01	7.293475e-01	8.329564e-01	7.671100e+00	
8  24.475	2.736973e+00	-4.906735e+00	8.052352e-01	-4.297506e+00	1.264031e+00	-3.566406e+00	3.887622e-01	3.064449e-01	2.275361e-01	1.221621e-01	3.636122e-01	8.329564e-01	7.671100e+00	
23  24.5595	2.718443e+00	-4.670670e+00	8.052352e-01	-4.297506e+00	1.264031e+00	-3.566406e+00	3.887622e-01	3.064449e-01	2.275361e-01	1.221621e-01	3.636122e-01	8.314589e-01	7.671100e+00	
4  24.581	2.726859e+00	-4.368578e+00	8.052352e-01	-4.297506e+00	1.264031e+00	-3.566406e+00	3.887622e-01	3.064449e-01	2.275361e-01	1.221621e-01	3.636122e-01	8.245593e-01	7.671100e+00	
9  25.078	2.726859e+00	-4.368578e+00	7.359374e-01	-3.764376e+00	1.279666e+00	-3.436514e+00	3.652670e-01	2.939216e-01	2.186747e-01	1.208861e-01	4.571534e-01	8.245593e-01	7.671100e+00	
11  24.9838	2.726859e+00	-4.368578e+00	7.087990e-01	-3.758755e+00	1.269711e+00	-3.908364e+00	3.865838e-01	2.942693e-01	2.042611e-01	1.039286e-01	1.427712e-01	8.245593e-01	7.671100e+00	
4  25.1747	2.726859e+00	-4.368578e+00	8.483975e-01	-3.785264e+00	1.230963e+00	-4.341673e+00	3.995303e-01	3.066999e-01	2.067331e-01	1.079764e-01	1.401044e-01	8.245593e-01	7.671100e+00	
3  26.1561	2.726859e+00	-4.368578e+00	7.519071e-01	-3.281409e+00	1.282514e+00	-3.787176e+00	3.706556e-01	3.379700e-01	2.041609e-01	9.739747e-02	4.775217e-01	8.245593e-01	7.671100e+00	
24  27.0226	2.726859e+00	-4.368578e+00	6.545314e-01	-2.666165e+00	1.290083e+00	-3.993313e+00	4.098667e-01	3.372981e-01	1.973373e-01	8.243923e-02	3.522478e-01	8.245593e-01	7.671100e+00	
15  26.9279	2.876804e+00	-4.012234e+00	6.545314e-01	-2.666165e+00	1.290083e+00	-3.993313e+00	4.098667e-01	3.372981e-01	1.973373e-01	8.243923e-02	3.522478e-01	8.299381e-01	7.671100e+00	
4  23.6305	2.876804e+00	-4.012234e+00	7.872533e-01	-3.322800e+00	1.293961e+00	-3.781819e+00	3.904631e-01	3.217893e-01	2.038599e-01	1.013328e-01	3.040635e-01	8.299381e-01	7.671100e+00	
11  24.0211	2.876804e+00	-4.012234e+00	5.809765e-01	-2.821899e+00	1.296767e+00	-3.316192e+00	3.851095e-01	3.200276e-01	2.444534e-01	9.471907e-02	5.970805e-01	8.299381e-01	7.671100e+00	
6  26.0393	2.876804e+00	-4.012234e+00	5.010293e-01	-2.676259e+00	1.314630e+00	-3.318159e+00	3.999501e-01	3.058406e-01	2.536833e-01	1.015549e-01	5.122048e-01	8.299381e-01	7.671100e+00	
1  26.8253	2.876804e+00	-4.012234e+00	5.016579e-01	-2.596082e+00	1.319020e+00	-3.043952e+00	4.007879e-01	3.151374e-01	2.406441e-01	7.532391e-02	4.005251e-01	8.299381e-01	7.671100e+00	
2  27.3999	2.876804e+00	-4.012234e+00	5.632178e-01	-1.816700e+00	1.332359e+00	-2.949997e+00	4.030300e-01	3.384512e-01	2.706966e-01	9.095698e-02	7.240089e-01	8.299381e-01	7.671100e+00	
12  25.3477	2.876804e+00	-4.012234e+00	5.572760e-01	-1.368234e+00	1.288694e+00	-3.303535e+00	3.897126e-01	3.426255e-01	2.642384e-01	8.964791e-02	5.377461e-01	8.299381e-01	7.671100e+00	
9  23.648	2.876804e+00	-4.012234e+00	3.118577e-01	-1.830287e+00	1.300747e+00	-2.959334e+00	3.819560e-01	3.419541e-01	2.508176e-01	1.062260e-01	9.004179e-01	8.299381e-01	7.671100e+00	
4  24.0906	2.876804e+00	-4.012234e+00	3.554479e-01	-1.210811e+00	1.276761e+00	-3.103753e+00	3.699994e-01	3.295857e-01	2.633967e-01	9.689760e-02	7.693715e-01	8.299381e-01	7.671100e+00	
4  24.8884	2.876804e+00	-4.012234e+00	1.663682e-01	-7.669296e-01	1.275171e+00	-3.214581e+00	3.922862e-01	3.362101e-01	2.572571e-01	7.394010e-02	8.775357e-01	8.299381e-01	7.671100e+00	
12  23.7515	2.876804e+00	-4.012234e+00	2.148552e-01	-7.083836e-01	1.249984e+00	-2.662444e+00	3.736662e-01	3.725484e-01	2.654182e-01	3.840670e-02	9.484780e-01	8.299381e-01	7.671100e+00	
40  24.6458	2.876804e+00	-4.012234e+00	1.666913e-01	-4.588948e-01	1.270512e+00	-3.295074e+00	3.804402e-01	3.721568e-01	2.475265e-01	4.111154e-02	8.467483e-01	8.299381e-01	7.671100e+00	
16  24.4452	3.144177e+00	-4.138026e+00	1.666913e-01	-4.588948e-01	1.270512e+00	-3.295074e+00	3.804402e-01	3.721568e-01	2.475265e-01	4.111154e-02	8.467483e-01	8.306066e-01	7.671100e+00	
73  24.2235	3.144177e+00	-4.138026e+00	7.722528e-02	4.829804e-01	1.275046e+00	-2.914128e+00	4.070939e-01	4.089486e-01	2.714807e-01	2.881052e-02	9.594081e-01	8.306066e-01	7.671100e+00	
13  24.63	2.727993e+00	-4.540566e+00	7.722528e-02	4.829804e-01	1.275046e+00	-2.914128e+00	4.070939e-01	4.089486e-01	2.714807e-01	2.881052e-02	9.594081e-01	8.252252e-01	7.671100e+00	
2  27.0159	2.727993e+00	-4.540566e+00	3.226169e-02	4.908864e-01	1.310072e+00	-2.718035e+00	4.379250e-01	4.260492e-01	2.782514e-01	3.173872e-02	8.243550e-01	8.252252e-01	7.671100e+00	
4  25.9631	2.727993e+00	-4.540566e+00	1.030037e-01	1.968592e-01	1.311983e+00	-3.117846e+00	4.140525e-01	4.210031e-01	2.619417e-01	5.420828e-02	7.614250e-01	8.252252e-01	7.671100e+00	
4  24.0734	2.727993e+00	-4.540566e+00	1.208905e-01	3.118061e-01	1.370636e+00	-3.167322e+00	3.962097e-01	4.039554e-01	2.790796e-01	6.480118e-02	9.594816e-01	8.252252e-01	7.671100e+00	
21  23.4896	2.727993e+00	-4.540566e+00	3.837615e-02	1.291812e-02	1.364157e+00	-3.235651e+00	3.888430e-01	3.852505e-01	2.866029e-01	7.958669e-02	9.884001e-01	8.252252e-01	7.671100e+00	
8  23.1788	2.869915e+00	-4.017975e+00	3.837615e-02	1.291812e-02	1.364157e+00	-3.235651e+00	3.888430e-01	3.852505e-01	2.866029e-01	7.958669e-02	9.884001e-01	8.317122e-01	7.671100e+00	
15  23.2613	2.869915e+00	-4.017975e+00	1.816832e-01	6.210489e-01	1.368101e+00	-3.509962e+00	3.953674e-01	3.775381e-01	2.540070e-01	9.511899e-02	8.427330e-01	8.317122e-01	7.671100e+00	
21  23.8593	2.869915e+00	-4.017975e+00	1.086396e-01	7.389744e-01	1.440365e+00	-3.653389e+00	4.014705e-01	3.793688e-01	2.691258e-01	1.410895e-01	9.548919e-01	8.317122e-01	7.671100e+00	
4  23.1334	3.624472e+00	-4.742552e+00	1.086396e-01	7.389744e-01	1.440365e+00	-3.653389e+00	4.014705e-01	3.793688e-01	2.691258e-01	1.410895e-01	9.548919e-01	8.304857e-01	7.671100e+00	
1  23.4702	3.624472e+00	-4.742552e+00	1.710705e-01	6.615416e-01	1.458929e+00	-3.545457e+00	3.927429e-01	3.878493e-01	2.543761e-01	1.489985e-01	9.739056e-01	8.304857e-01	7.671100e+00	
2  25.2517	3.624472e+00	-4.742552e+00	5.349138e-02	7.353016e-01	1.491420e+00	-3.650441e+00	4.082366e-01	3.972591e-01	2.455012e-01	1.335127e-01	8.526295e-01	8.304857e-01	7.671100e+00	
22  25.5188	3.624472e+00	-4.742552e+00	6.118747e-02	8.366403e-01	1.512749e+00	-4.175181e+00	3.822478e-01	4.152265e-01	2.329921e-01	1.187143e-01	8.563232e-01	8.304857e-01	7.671100e+00	
14  24.6814	3.624472e+00	-4.742552e+00	1.713970e-01	1.092810e+00	1.475179e+00	-3.974530e+00	3.740398e-01	4.146936e-01	2.241400e-01	1.162498e-01	9.621527e-01	8.304857e-01	7.671100e+00	
22  25.0391	3.302983e+00	-4.388027e+00	1.713970e-01	1.092810e+00	1.475179e+00	-3.974530e+00	3.740398e-01	4.146936e-01	2.241400e-01	1.162498e-01	9.621527e-01	8.250329e-01	7.671100e+00	
2  24.6858	3.553338e+00	-4.763978e+00	1.713970e-01	1.092810e+00	1.475179e+00	-3.974530e+00	3.740398e-01	4.146936e-01	2.241400e-01	1.162498e-01	9.621527e-01	8.226575e-01	7.671100e+00	
24  26.5204	3.553338e+00	-4.763978e+00	1.754572e-01	1.058895e+00	1.470582e+00	-4.015580e+00	3.856835e-01	4.117087e-01	2.170950e-01	1.156466e-01	7.670943e-01	8.226575e-01	7.671100e+00	
10  26.8713	3.553338e+00	-4.763978e+00	3.421874e-01	6.661056e-01	1.536730e+00	-4.561843e+00	3.998741e-01	3.908143e-01	1.930632e-01	1.193103e-01	7.544280e-01	8.226575e-01	7.671100e+00	
5  24.6015	3.553338e+00	-4.763978e+00	2.064870e-01	9.065314e-01	1.505853e+00	-4.583088e+00	4.220608e-01	3.594138e-01	2.186996e-01	1.252188e-01	8.312269e-01	8.226575e-01	7.671100e+00	
10  25.3961	3.553338e+00	-4.763978e+00	1.769401e-01	3.139930e-01	1.459220e+00	-4.257585e+00	4.341095e-01	3.287806e-01	2.301023e-01	1.275909e-01	8.689174e-01	8.226575e-01	7.671100e+00	
21  24.1218	3.553338e+00	-4.763978e+00	2.242417e-01	2.119424e-01	1.468858e+00	-4.590212e+00	4.054150e-01	2.828656e-01	2.474555e-01	1.087895e-01	9.773521e-01	8.226575e-01	7.671100e+00	
2  24.1287	3.553338e+00	-4.763978e+00	2.994078e-01	-2.920611e-01	1.406058e+00	-4.062295e+00	4.203623e-01	3.028416e-01	2.212556e-01	1.240619e-01	9.231119e-01	8.226575e-01	7.671100e+00	
1  23.8443	3.553338e+00	-4.763978e+00	2.937107e-01	-1.388396e-01	1.416169e+00	-4.387976e+00	4.215780e-01	2.955827e-01	2.356501e-01	1.438391e-01	9.899578e-01	8.226575e-01	7.671100e+00	
16  24.2364	3.553338e+00	-4.763978e+00	3.712498e-01	-3.003994e-01	1.394542e+00	-4.643732e+00	4.154629e-01	3.020944e-01	2.342929e-01	1.666449e-01	9.322374e-01	8.226575e-01	7.671100e+00	
19  22.7323	3.553338e+00	-4.763978e+00	3.719963e-01	-4.524405e-01	1.461168e+00	-4.445455e+00	4.174067e-01	3.067501e-01	2.353867e-01	1.404136e-01	9.435040e-01	8.226575e-01	7.671100e+00	
103  22.3959	3.442439e+00	-4.471088e+00	3.719963e-01	-4.524405e-01	1.461168e+00	-4.445455e+00	4.174067e-01	3.067501e-01	2.353867e-01	1.404136e-01	9.435040e-01	8.222375e-01	7.671100e+00	
18  23.1508	3.442439e+00	-4.471088e+00	3.264588e-01	-5.942833e-01	1.525599e+00	-4.296249e+00	3.883635e-01	3.096471e-01	2.264616e-01	1.451737e-01	8.954912e-01	8.222375e-01	7.671100e+00	
18  22.8633	3.471356e+00	-5.646109e+00	3.264588e-01	-5.942833e-01	1.525599e+00	-4.296249e+00	3.883635e-01	3.096471e-01	2.264616e-01	1.451737e-01	8.954912e-01	8.233306e-01	7.671100e+00	
6  23.8892	3.471356e+00	-5.646109e+00	3.974029e-01	-7.410079e-01	1.578460e+00	-4.343899e+00	4.111121e-01	3.202896e-01	2.304100e-01	1.249528e-01	9.318985e-01	8.233306e-01	7.671100e+00	
7  22.8376	3.471356e+00	-5.646109e+00	2.742781e-01	-6.492925e-01	1.570299e+00	-4.282483e+00	4.041837e-01	3.156955e-01	2.220989e-01	1.403702e-01	9.042162e-01	8.233306e-01	7.671100e+00	
97  22.1325	3.471356e+00	-5.646109e+00	2.694167e-01	-8.587244e-01	1.564303e+00	-4.333559e+00	3.965384e-01	3.009485e-01	2.234103e-01	1.112136e-01	9.847879e-01	8.233306e-01	7.671100e+00	
2  22.3938	3.471356e+00	-5.646109e+00	4.322505e-01	-6.793777e-01	1.543108e+00	-4.214414e+00	3.970253e-01	2.981182e-01	2.179129e-01	9.091560e-02	8.177696e-01	8.233306e-01	7.671100e+00	
2  22.1386	3.471356e+00	-5.646109e+00	4.152151e-01	-1.500564e+00	1.527996e+00	-4.274950e+00	4.172145e-01	2.918531e-01	2.439814e-01	7.945536e-02	9.857617e-01	8.233306e-01	7.671100e+00	
11  21.991	3.612765e+00	-4.867710e+00	4.152151e-01	-1.500564e+00	1.527996e+00	-4.274950e+00	4.172145e-01	2.918531e-01	2.439814e-01	7.945536e-02	9.857617e-01	8.230134e-01	7.671100e+00	
38  22.2838	3.346060e+00	-4.277528e+00	4.152151e-01	-1.500564e+00	1.527996e+00	-4.274950e+00	4.172145e-01	2.918531e-01	2.439814e-01	7.945536e-02	9.857617e-01	8.326538e-01	7.671100e+00	
33  22.5913	3.346060e+00	-4.277528e+00	5.459199e-01	-1.810582e+00	1.547388e+00	-4.234564e+00	3.813752e-01	2.940753e-01	2.300265e-01	1.022923e-01	6.127038e-01	8.326538e-01	7.671100e+00	
13  23.711	3.346060e+00	-4.277528e+00	6.331399e-01	-1.174347e+00	1.592049e+00	-4.050425e+00	4.070067e-01	2.652853e-01	2.164987e-01	6.793541e-02	8.668271e-01	8.326538e-01	7.671100e+00	
38  23.9061	3.346060e+00	-4.277528e+00	7.180483e-01	-1.519303e+00	1.576900e+00	-4.354050e+00	4.105824e-01	2.675242e-01	2.210845e-01	7.700099e-02	8.972961e-01	8.326538e-01	7.671100e+00	
2  23.6161	3.643992e+00	-5.176897e+00	7.180483e-01	-1.519303e+00	1.576900e+00	-4.354050e+00	4.105824e-01	2.675242e-01	2.210845e-01	7.700099e-02	8.972961e-01	8.240555e-01	7.671100e+00	
3  23.7803	3.643992e+00	-5.176897e+00	4.202970e-01	-1.405280e+00	1.605708e+00	-3.481400e+00	4.281296e-01	2.707238e-01	2.369986e-01	5.712627e-02	9.802606e-01	8.240555e-01	7.671100e+00	
1  22.3888	3.643992e+00	-5.176897e+00	4.241486e-01	-1.896376e+00	1.632219e+00	-3.869038e+00	4.047907e-01	2.889225e-01	2.262985e-01	4.117463e-02	8.223683e-01	8.240555e-01	7.671100e+00	
1  24.8386	3.643992e+00	-5.176897e+00	6.620196e-01	-1.550717e+00	1.633272e+00	-4.451273e+00	4.171666e-01	2.788576e-01	2.414917e-01	5.339153e-02	9.897545e-01	8.240555e-01	7.671100e+00	
3  24.9763	3.643992e+00	-5.176897e+00	6.723523e-01	-2.012999e+00	1.639546e+00	-4.757102e+00	4.403416e-01	2.738370e-01	2.962934e-01	4.655663e-02	8.248919e-01	8.240555e-01	7.671100e+00	
18  26.0015	3.537403e+00	-4.707399e+00	6.723523e-01	-2.012999e+00	1.639546e+00	-4.757102e+00	4.403416e-01	2.738370e-01	2.962934e-01	4.655663e-02	8.248919e-01	8.308221e-01	7.671100e+00	
1  23.9536	3.537403e+00	-4.707399e+00	3.385916e-01	-1.400182e+00	1.693186e+00	-4.636082e+00	4.724276e-01	2.848127e-01	2.887376e-01	6.732933e-02	9.411603e-01	8.308221e-01	7.671100e+00	
1  24.0887	3.537403e+00	-4.707399e+00	3.269555e-01	-1.975572e+00	1.685871e+00	-4.378940e+00	4.569603e-01	3.010147e-01	2.944705e-01	4.826051e-02	9.752599e-01	8.308221e-01	7.671100e+00	
12  27.2975	3.537403e+00	-4.707399e+00	6.112959e-01	-1.509017e+00	1.652521e+00	-4.682646e+00	4.383515e-01	2.689432e-01	2.950426e-01	5.618988e-02	6.885176e-01	8.308221e-01	7.671100e+00	
2  25.922	3.537403e+00	-4.707399e+00	4.069657e-01	-8.178658e-01	1.677574e+00	-4.651547e+00	4.557544e-01	3.000117e-01	2.659875e-01	6.086421e-02	5.698909e-01	8.308221e-01	7.671100e+00	
7  26.3906	3.202902e+00	-4.273151e+00	4.069657e-01	-8.178658e-01	1.677574e+00	-4.651547e+00	4.557544e-01	3.000117e-01	2.659875e-01	6.086421e-02	5.698909e-01	8.228457e-01	7.671100e+00	
7  24.0379	3.202902e+00	-4.273151e+00	5.774757e-01	-6.352587e-01	1.681342e+00	-4.711119e+00	4.572755e-01	2.832735e-01	2.520223e-01	8.877110e-02	7.747757e-01	8.228457e-01	7.671100e+00	
3  23.1356	3.202902e+00	-4.273151e+00	3.924024e-01	-1.608601e+00	1.662030e+00	-4.378921e+00	4.577306e-01	2.809650e-01	2.348317e-01	1.077567e-01	8.700895e-01	8.228457e-01	7.671100e+00	
20  24.0019	3.202902e+00	-4.273151e+00	5.525097e-01	-1.528462e+00	1.594956e+00	-4.607207e+00	4.702059e-01	3.038665e-01	2.344342e-01	9.623761e-02	5.313685e-01	8.228457e-01	7.671100e+00	
2  26.2158	3.202902e+00	-4.273151e+00	5.042964e-01	-1.623032e+00	1.606492e+00	-4.629457e+00	4.875192e-01	2.564707e-01	2.191840e-01	1.077045e-01	9.768311e-01	8.228457e-01	7.671100e+00	
3  24.4964	3.202902e+00	-4.273151e+00	4.796895e-01	-1.986058e+00	1.636133e+00	-4.914310e+00	5.056305e-01	2.955205e-01	2.398198e-01	9.185693e-02	7.198776e-01	8.228457e-01	7.671100e+00	
4  24.3702	3.202902e+00	-4.273151e+00	4.119391e-01	-2.147880e+00	1.635848e+00	-4.556069e+00	5.137361e-01	3.076953e-01	2.593251e-01	7.572576e-02	8.096615e-01	8.228457e-01	7.671100e+00	
9  25.013	3.202902e+00	-4.273151e+00	4.799718e-01	-1.692846e+00	1.671923e+00	-4.487058e+00	4.952977e-01	3.043596e-01	2.830551e-01	5.711162e-02	7.861652e-01	8.228457e-01	7.671100e+00	
39  25.0608	3.590991e+00	-4.282586e+00	4.799718e-01	-1.692846e+00	1.671923e+00	-4.487058e+00	4.952977e-01	3.043596e-01	2.830551e-01	5.711162e-02	7.861652e-01	8.269597e-01	7.671100e+00	
8  27.3689	3.590991e+00	-4.282586e+00	5.539594e-01	-1.386795e+00	1.665203e+00	-4.148227e+00	4.738722e-01	3.045864e-01	2.830110e-01	4.866637e-02	8.437373e-01	8.269597e-01	7.671100e+00	
5  24.3647	3.590991e+00	-4.282586e+00	5.004839e-01	-1.457599e+00	1.630841e+00	-4.374657e+00	4.763370e-01	3.077600e-01	2.692401e-01	7.192923e-02	7.050970e-01	8.269597e-01	7.671100e+00	
22  24.425	3.590991e+00	-4.282586e+00	4.780485e-01	-1.588599e+00	1.618523e+00	-4.389553e+00	4.893549e-01	2.945644e-01	2.518696e-01	6.587193e-02	8.407939e-01	8.269597e-01	7.671100e+00	
10  23.9898	3.590991e+00	-4.282586e+00	2.696682e-01	-2.333362e+00	1.629541e+00	-4.282918e+00	4.725718e-01	2.941826e-01	2.521473e-01	2.465263e-02	8.776573e-01	8.269597e-01	7.671100e+00	
8  25.5003	3.590991e+00	-4.282586e+00	5.107562e-01	-1.322510e+00	1.654696e+00	-4.023402e+00	4.359025e-01	2.876625e-01	2.519360e-01	3.520429e-02	9.543618e-01	8.269597e-01	7.671100e+00	
15  22.6242	3.590991e+00	-4.282586e+00	3.881552e-01	-1.168372e+00	1.690219e+00	-4.715282e+00	4.371953e-01	2.863373e-01	2.181203e-01	5.506341e-02	9.376663e-01	8.269597e-01	7.671100e+00	
11  23.0102	3.590991e+00	-4.282586e+00	3.735879e-01	-1.797025e+00	1.689840e+00	-4.457966e+00	4.160915e-01	3.014386e-01	2.152886e-01	3.143098e-02	9.610035e-01	8.269597e-01	7.671100e+00	
3  24.0851	3.590991e+00	-4.282586e+00	4.856449e-01	-2.141604e+00	1.655277e+00	-4.706478e+00	4.037631e-01	3.102039e-01	2.233791e-01	2.760487e-02	8.617901e-01	8.269597e-01	7.671100e+00	
12  23.1775	3.306689e+00	-4.966413e+00	4.856449e-01	-2.141604e+00	1.655277e+00	-4.706478e+00	4.037631e-01	3.102039e-01	2.233791e-01	2.760487e-02	8.617901e-01	8.238926e-01	7.671100e+00	
5  24.3443	3.306689e+00	-4.966413e+00	5.534100e-01	-1.860938e+00	1.636544e+00	-4.780329e+00	4.155356e-01	3.202085e-01	2.173731e-01	2.854742e-02	7.309520e-01	8.238926e-01	7.671100e+00	
16  23.1559	3.306689e+00	-4.966413e+00	4.669077e-01	-1.697058e+00	1.604921e+00	-4.794692e+00	4.087067e-01	3.181366e-01	2.125831e-01	6.736625e-02	7.983020e-01	8.238926e-01	7.671100e+00	
6  23.159	3.605344e+00	-5.137761e+00	4.669077e-01	-1.697058e+00	1.604921e+00	-4.794692e+00	4.087067e-01	3.181366e-01	2.125831e-01	6.736625e-02	7.983020e-01	8.299090e-01	7.671100e+00	
16  24.5518	3.605344e+00	-5.137761e+00	4.425430e-01	-2.258829e+00	1.570583e+00	-4.903423e+00	4.236476e-01	3.049364e-01	1.981838e-01	3.379214e-02	7.564224e-01	8.299090e-01	7.671100e+00	
25  24.5817	3.292482e+00	-5.751696e+00	4.425430e-01	-2.258829e+00	1.570583e+00	-4.903423e+00	4.236476e-01	3.049364e-01	1.981838e-01	3.379214e-02	7.564224e-01	8.323794e-01	7.671100e+00	
1  23.3319	3.292482e+00	-5.751696e+00	3.605862e-01	-1.939033e+00	1.596281e+00	-4.935365e+00	4.419244e-01	3.123566e-01	2.212296e-01	5.912886e-02	6.776238e-01	8.323794e-01	7.671100e+00	
10  23.1921	3.292482e+00	-5.751696e+00	4.719258e-01	-2.442162e+00	1.572127e+00	-4.873622e+00	4.344831e-01	3.107709e-01	2.168990e-01	6.047502e-02	7.545407e-01	8.323794e-01	7.671100e+00	
10  24.1887	3.292482e+00	-5.751696e+00	3.323078e-01	-1.964185e+00	1.496069e+00	-4.462350e+00	4.194522e-01	3.091390e-01	2.108190e-01	8.504672e-02	9.913562e-01	8.323794e-01	7.671100e+00	
29  22.9294	3.292482e+00	-5.751696e+00	5.742444e-01	-2.433396e+00	1.473883e+00	-4.179466e+00	4.124359e-01	2.911883e-01	2.159642e-01	1.022672e-01	6.567117e-01	8.323794e-01	7.671100e+00	
24  23.4921	3.292482e+00	-5.751696e+00	5.156955e-01	-2.570250e+00	1.507035e+00	-4.641295e+00	4.401812e-01	2.973980e-01	2.703996e-01	1.001616e-01	7.637243e-01	8.323794e-01	7.671100e+00	
5  24.0703	3.147919e+00	-5.819689e+00	5.156955e-01	-2.570250e+00	1.507035e+00	-4.641295e+00	4.401812e-01	2.973980e-01	2.703996e-01	1.001616e-01	7.637243e-01	8.241754e-01	7.671100e+00	
5  24.0626	3.147919e+00	-5.819689e+00	5.129582e-01	-2.258885e+00	1.531536e+00	-4.084483e+00	4.308007e-01	2.888292e-01	2.507397e-01	1.193593e-01	7.249993e-01	8.241754e-01	7.671100e+00	
3  23.5834	3.329738e+00	-5.737880e+00	5.129582e-01	-2.258885e+00	1.531536e+00	-4.084483e+00	4.308007e-01	2.888292e-01	2.507397e-01	1.193593e-01	7.249993e-01	8.250101e-01	7.671100e+00	
9  20.7321	3.329738e+00	-5.737880e+00	4.781752e-01	-3.095676e+00	1.560302e+00	-4.232385e+00	4.004410e-01	2.958624e-01	2.507389e-01	1.201191e-01	8.918892e-01	8.250101e-01	7.671100e+00	
7  20.6812	3.427286e+00	-5.956149e+00	4.781752e-01	-3.095676e+00	1.560302e+00	-4.232385e+00	4.004410e-01	2.958624e-01	2.507389e-01	1.201191e-01	8.918892e-01	8.308338e-01	7.671100e+00	
61  21.1371	3.427286e+00	-5.956149e+00	3.249494e-01	-2.473049e+00	1.460516e+00	-3.788108e+00	3.924298e-01	3.397378e-01	2.764484e-01	1.262821e-01	8.995238e-01	8.308338e-01	7.671100e+00	
3  25.3073	3.427286e+00	-5.956149e+00	3.648273e-01	-2.215073e+00	1.487046e+00	-3.745234e+00	3.783631e-01	3.659981e-01	2.298695e-01	1.617723e-01	7.564683e-01	8.308338e-01	7.671100e+00	
19  25.404	3.427286e+00	-5.956149e+00	5.873230e-01	-3.055147e+00	1.544760e+00	-4.165147e+00	4.061970e-01	3.659099e-01	2.405171e-01	1.565067e-01	7.702520e-01	8.308338e-01	7.671100e+00	
16  24.5583	3.427286e+00	-5.956149e+00	5.176250e-01	-4.058948e+00	1.493234e+00	-4.329666e+00	4.380336e-01	3.714969e-01	2.187231e-01	1.384800e-01	7.068167e-01	8.308338e-01	7.671100e+00	
7  25.6795	3.427286e+00	-5.956149e+00	3.109679e-01	-4.551945e+00	1.441381e+00	-4.107804e+00	4.356724e-01	3.163795e-01	2.163494e-01	1.684251e-01	9.147560e-01	8.308338e-01	7.671100e+00	
34  28.9738	3.427286e+00	-5.956149e+00	1.293006e-01	-4.963883e+00	1.387206e+00	-4.093171e+00	4.463047e-01	3.254207e-01	2.386642e-01	1.625562e-01	9.794404e-01	8.308338e-01	7.671100e+00	
9  28.4568	3.427286e+00	-5.956149e+00	5.558183e-01	-4.248967e+00	1.451088e+00	-3.769312e+00	4.428845e-01	2.989708e-01	2.386351e-01	1.645022e-01	5.333995e-01	8.308338e-01	7.671100e+00	
34  24.4651	3.427286e+00	-5.956149e+00	4.269060e-01	-3.875442e+00	1.474991e+00	-4.168694e+00	4.194746e-01	2.857499e-01	2.116851e-01	1.767229e-01	9.251243e-01	8.308338e-01	7.671100e+00	
12  26.3583	3.427286e+00	-5.956149e+00	7.406599e-01	-3.876066e+00	1.462563e+00	-3.936032e+00	4.126260e-01	2.741827e-01	2.382834e-01	1.875967e-01	6.293960e-01	8.308338e-01	7.671100e+00	
6  25.9064	3.427286e+00	-5.956149e+00	8.208213e-01	-3.723880e+00	1.461015e+00	-3.873949e+00	4.049203e-01	2.954656e-01	2.376615e-01	1.950665e-01	6.059005e-01	8.308338e-01	7.671100e+00	
5  25.8629	3.442457e+00	-5.528763e+00	8.208213e-01	-3.723880e+00	1.461015e+00	-3.873949e+00	4.049203e-01	2.954656e-01	2.376615e-01	1.950665e-01	6.059005e-01	8.223409e-01	7.671100e+00	
2  25.7744	3.442457e+00	-5.528763e+00	9.549845e-01	-3.527809e+00	1.441674e+00	-3.894032e+00	4.033878e-01	2.779686e-01	2.648122e-01	1.723919e-01	6.017161e-01	8.223409e-01	7.671100e+00	
2  27.6458	3.442457e+00	-5.528763e+00	1.405991e+00	-2.963323e+00	1.498945e+00	-3.643340e+00	3.768557e-01	2.969150e-01	2.495592e-01	1.713125e-01	9.024136e-01	8.223409e-01	7.671100e+00	
8  28.3544	3.442457e+00	-5.528763e+00	1.290763e+00	-3.738113e+00	1.437427e+00	-3.679773e+00	3.686096e-01	2.856413e-01	2.587958e-01	1.810650e-01	8.292037e-01	8.223409e-01	7.671100e+00	
13  25.8121	3.442457e+00	-5.528763e+00	1.027069e+00	-3.371644e+00	1.444984e+00	-3.404216e+00	3.715155e-01	2.714095e-01	2.488989e-01	1.275743e-01	6.569220e-01	8.223409e-01	7.671100e+00	
8  24.5885	3.442457e+00	-5.528763e+00	1.105030e+00	-3.909034e+00	1.506585e+00	-3.367900e+00	3.891757e-01	2.741380e-01	2.559017e-01	1.107958e-01	6.188601e-01	8.223409e-01	7.671100e+00	
3  24.7462	3.442457e+00	-5.528763e+00	1.244165e+00	-4.172316e+00	1.538894e+00	-2.783540e+00	3.833848e-01	3.009953e-01	2.328026e-01	1.084863e-01	6.677416e-01	8.223409e-01	7.671100e+00	
5  24.2323	3.442457e+00	-5.528763e+00	1.071724e+00	-4.554614e+00	1.545286e+00	-2.748061e+00	3.977328e-01	2.714698e-01	2.300619e-01	1.045460e-01	4.129619e-01	8.223409e-01	7.671100e+00	
3  20.6579	3.442457e+00	-5.528763e+00	8.816041e-01	-4.142451e+00	1.559506e+00	-3.232324e+00	3.909674e-01	2.764681e-01	2.149831e-01	8.758301e-02	4.602227e-01	8.223409e-01	7.671100e+00	
2  21.9881	3.442457e+00	-5.528763e+00	8.180927e-01	-4.177201e+00	1.584592e+00	-3.802345e+00	3.898769e-01	2.787679e-01	2.186637e-01	9.260815e-02	7.132226e-01	8.223409e-01	7.671100e+00	
19  21.9928	3.442457e+00	-5.528763e+00	9.668650e-01	-4.612630e+00	1.582249e+00	-4.328699e+00	4.228915e-01	2.868403e-01	2.140968e-01	9.447374e-02	2.540292e-01	8.223409e-01	7.671100e+00	
1  22.0408	3.442457e+00	-5.528763e+00	9.556112e-01	-4.545988e+00	1.604584e+00	-3.902858e+00	4.123338e-01	2.975680e-01	2.093591e-01	1.109470e-01	6.904905e-01	8.223409e-01	7.671100e+00	
32  20.6921	3.442457e+00	-5.528763e+00	7.542889e-01	-4.690380e+00	1.621876e+00	-4.018545e+00	4.014565e-01	3.130113e-01	2.102705e-01	1.090308e-01	4.194690e-01	8.223409e-01	7.671100e+00	
5  24.1055	3.442457e+00	-5.528763e+00	1.003481e+00	-4.008665e+00	1.603780e+00	-4.131915e+00	4.310720e-01	2.902580e-01	2.024213e-01	1.362180e-01	6.749383e-01	8.223409e-01	7.671100e+00	
5  23.5898	3.442457e+00	-5.528763e+00	8.515152e-01	-3.864593e+00	1.561000e+00	-4.098056e+00	4.368458e-01	2.737908e-01	2.364159e-01	1.522932e-01	8.997819e-01	8.223409e-01	7.671100e+00	
3  23.9543	3.442457e+00	-5.528763e+00	5.231540e-01	-3.231844e+00	1.548676e+00	-3.885781e+00	4.049905e-01	2.555412e-01	2.432071e-01	1.331384e-01	9.471665e-01	8.223409e-01	7.671100e+00	
9  23.4729	3.442457e+00	-5.528763e+00	5.275402e-01	-3.687062e+00	1.580881e+00	-3.862857e+00	4.069111e-01	2.696635e-01	2.598055e-01	1.275906e-01	8.136526e-01	8.223409e-01	7.671100e+00	
1  21.358	3.442457e+00	-5.528763e+00	7.399006e-01	-3.420724e+00	1.623009e+00	-3.491892e+00	3.936920e-01	2.808825e-01	2.376305e-01	9.173146e-02	5.866729e-01	8.223409e-01	7.671100e+00	
1  22.8448	3.442457e+00	-5.528763e+00	9.150230e-01	-3.284040e+00	1.597838e+00	-4.010727e+00	3.831785e-01	2.775485e-01	2.534292e-01	9.719728e-02	8.276443e-01	8.223409e-01	7.671100e+00	
9  24.5959	3.442457e+00	-5.528763e+00	9.498086e-01	-3.310591e+00	1.573172e+00	-3.360744e+00	3.651270e-01	2.798117e-01	2.643579e-01	8.360024e-02	8.206670e-01	8.223409e-01	7.671100e+00	
3  24.2339	3.442457e+00	-5.528763e+00	7.531397e-01	-3.870687e+00	1.580124e+00	-3.032423e+00	3.610015e-01	2.626226e-01	2.319901e-01	9.756624e-02	8.132303e-01	8.223409e-01	7.671100e+00	
14  24.5286	3.442457e+00	-5.528763e+00	1.095241e+00	-3.688139e+00	1.496484e+00	-3.166714e+00	3.682859e-01	2.981852e-01	2.590185e-01	9.952200e-02	6.497995e-01	8.223409e-01	7.671100e+00	
11  21.6767	3.442457e+00	-5.528763e+00	7.437250e-01	-4.183612e+00	1.456711e+00	-3.454265e+00	3.866916e-01	2.993573e-01	2.519197e-01	1.248484e-01	8.592916e-01	8.223409e-01	7.671100e+00	
4  20.7651	3.442457e+00	-5.528763e+00	5.976949e-01	-4.982032e+00	1.485966e+00	-3.388467e+00	3.963158e-01	2.815181e-01	2.516041e-01	1.181757e-01	8.924978e-01	8.223409e-01	7.671100e+00	
4  20.7035	3.442457e+00	-5.528763e+00	5.789656e-01	-4.283470e+00	1.493750e+00	-3.571199e+00	4.145376e-01	2.966409e-01	2.551738e-01	9.694595e-02	8.071181e-01	8.223409e-01	7.671100e+00	
8  20.5175	3.442457e+00	-5.528763e+00	5.287606e-01	-4.175231e+00	1.469075e+00	-3.721641e+00	3.842507e-01	3.029157e-01	2.957802e-01	1.085496e-01	9.296900e-01	8.223409e-01	7.671100e+00	
33  22.442	3.442457e+00	-5.528763e+00	4.328009e-01	-4.166648e+00	1.522883e+00	-3.330013e+00	3.991315e-01	3.222415e-01	2.980472e-01	1.218309e-01	7.529938e-01	8.223409e-01	7.671100e+00	
16  21.5347	3.442457e+00	-5.528763e+00	6.012405e-01	-4.267420e+00	1.462915e+00	-2.788885e+00	3.959744e-01	2.982202e-01	2.566727e-01	1.343353e-01	6.458228e-01	8.223409e-01	7.671100e+00	
3  26.029	3.442457e+00	-5.528763e+00	4.815625e-01	-4.018950e+00	1.506226e+00	-3.364036e+00	3.568172e-01	3.308946e-01	2.537506e-01	1.725829e-01	6.933933e-01	8.223409e-01	7.671100e+00	
12  25.5635	3.483225e+00	-5.552563e+00	4.815625e-01	-4.018950e+00	1.506226e+00	-3.364036e+00	3.568172e-01	3.308946e-01	2.537506e-01	1.725829e-01	6.933933e-01	8.326601e-01	7.671100e+00	
16  24.7779	3.483225e+00	-5.552563e+00	2.591359e-01	-4.497330e+00	1.584742e+00	-3.628601e+00	3.720244e-01	3.462550e-01	2.481678e-01	1.805451e-01	8.486276e-01	8.326601e-01	7.671100e+00	
3  26.7212	3.483225e+00	-5.552563e+00	4.332601e-01	-4.306949e+00	1.574111e+00	-3.736331e+00	3.932574e-01	3.566191e-01	2.818357e-01	1.748610e-01	6.488019e-01	8.326601e-01	7.671100e+00	
8  28.3139	3.483225e+00	-5.552563e+00	1.804039e-01	-4.442446e+00	1.635455e+00	-4.381839e+00	3.553513e-01	3.993496e-01	2.526675e-01	1.661205e-01	7.235174e-01	8.326601e-01	7.671100e+00	
12  28.7543	3.483225e+00	-5.552563e+00	2.846464e-01	-4.600433e+00	1.609308e+00	-3.879556e+00	3.549672e-01	3.933662e-01	2.579155e-01	1.967523e-01	7.673769e-01	8.326601e-01	7.671100e+00	
12  28.7469	3.483225e+00	-5.552563e+00	3.350734e-01	-4.819254e+00	1.648918e+00	-3.075399e+00	3.739828e-01	3.647433e-01	2.381997e-01	1.817184e-01	6.217708e-01	8.326601e-01	7.671100e+00	
1  26.9058	3.483225e+00	-5.552563e+00	4.195954e-01	-4.547268e+00	1.600685e+00	-3.084309e+00	4.005367e-01	3.554506e-01	2.426923e-01	1.605934e-01	8.630234e-01	8.326601e-01	7.671100e+00	
14  23.9217	3.483225e+00	-5.552563e+00	2.251175e-01	-4.891053e+00	1.605442e+00	-3.693952e+00	3.792905e-01	3.410639e-01	2.561157e-01	1.669075e-01	9.795001e-01	8.326601e-01	7.671100e+00	
34  24.8121	3.483225e+00	-5.552563e+00	1.872053e-01	-4.940952e+00	1.655496e+00	-4.022237e+00	3.618642e-01	3.476898e-01	2.568567e-01	1.566635e-01	9.040642e-01	8.326601e-01	7.671100e+00	
18  24.9445	3.483225e+00	-5.552563e+00	6.486071e-01	-4.988481e+00	1.635643e+00	-4.448587e+00	3.685658e-01	2.992137e-01	2.456324e-01	1.530526e-01	5.106097e-01	8.326601e-01	7.671100e+00	
