4  57.4437	3.300000e+00	-5.000000e+00	1.071514e+00	-4.450187e+00	1.367402e+00	-1.551171e+00	3.295103e-01	2.294867e-01	1.937856e-01	8.067057e-02	2.344869e-01	8.288221e-01	7.671100e+00	
5  57.8046	3.300000e+00	-5.000000e+00	9.879245e-01	-4.801814e+00	1.436762e+00	-2.051227e+00	3.321457e-01	2.251453e-01	1.490675e-01	6.497555e-02	3.819316e-01	8.288221e-01	7.671100e+00	
21  34.6922	3.300000e+00	-5.000000e+00	8.054727e-01	-4.905202e+00	1.406469e+00	-2.069045e+00	3.254250e-01	2.374690e-01	1.757126e-01	5.828837e-02	9.008117e-01	8.288221e-01	7.671100e+00	
20  27.0206	3.300000e+00	-5.000000e+00	6.434011e-01	-4.891787e+00	1.485826e+00	-1.964370e+00	3.343939e-01	2.576020e-01	2.122039e-01	8.499897e-02	9.986423e-01	8.288221e-01	7.671100e+00	
5  28.1899	3.300000e+00	-5.000000e+00	6.864984e-01	-4.646809e+00	1.482589e+00	-2.107814e+00	3.864319e-01	2.533443e-01	2.414497e-01	1.335858e-01	7.267336e-01	8.288221e-01	7.671100e+00	
3  28.1334	3.641888e+00	-4.056084e+00	6.864984e-01	-4.646809e+00	1.482589e+00	-2.107814e+00	3.864319e-01	2.533443e-01	2.414497e-01	1.335858e-01	7.267336e-01	8.230544e-01	7.671100e+00	
2  28.0073	3.641888e+00	-4.056084e+00	7.516608e-01	-4.495906e+00	1.504136e+00	-1.683460e+00	3.542847e-01	2.647709e-01	2.307550e-01	1.294228e-01	8.489697e-01	8.230544e-01	7.671100e+00	
3  27.1651	3.641888e+00	-4.056084e+00	6.537144e-01	-3.847315e+00	1.511677e+00	-1.727823e+00	3.847094e-01	2.664256e-01	2.407477e-01	1.252271e-01	8.087592e-01	8.230544e-01	7.671100e+00	
74  24.2206	3.641888e+00	-4.056084e+00	5.890673e-01	-3.409254e+00	1.489896e+00	-1.953391e+00	3.886809e-01	2.812597e-01	2.445847e-01	1.388665e-01	5.814743e-01	8.230544e-01	7.671100e+00	
1  22.7613	3.641888e+00	-4.056084e+00	4.487303e-01	-3.278590e+00	1.513086e+00	-1.658279e+00	3.909429e-01	3.108604e-01	2.169358e-01	1.167977e-01	7.931660e-01	8.230544e-01	7.671100e+00	
7  21.269	3.641888e+00	-4.056084e+00	4.700850e-01	-3.467998e+00	1.550984e+00	-1.534695e+00	3.853440e-01	3.360640e-01	2.255028e-01	7.735261e-02	6.258139e-01	8.230544e-01	7.671100e+00	
50  21.4887	3.641888e+00	-4.056084e+00	5.432412e-01	-3.616035e+00	1.587760e+00	-1.925077e+00	3.856393e-01	3.076155e-01	2.361041e-01	7.162517e-02	6.402115e-01	8.230544e-01	7.671100e+00	
56  19.8294	3.641888e+00	-4.056084e+00	6.089217e-01	-3.510493e+00	1.496126e+00	-2.134739e+00	3.709985e-01	3.115951e-01	2.103007e-01	5.728118e-02	4.197295e-01	8.230544e-01	7.671100e+00	
8  21.3836	3.641888e+00	-4.056084e+00	5.177523e-01	-3.383333e+00	1.446362e+00	-2.235687e+00	3.660210e-01	3.255600e-01	2.106345e-01	4.081775e-02	7.451036e-01	8.230544e-01	7.671100e+00	
14  22.5116	3.641888e+00	-4.056084e+00	5.809529e-01	-3.586407e+00	1.439933e+00	-2.891626e+00	3.562012e-01	2.929313e-01	1.944414e-01	4.869171e-02	5.228899e-01	8.230544e-01	7.671100e+00	
1  23.3457	3.641888e+00	-4.056084e+00	7.104854e-01	-3.344441e+00	1.492647e+00	-2.895676e+00	3.658293e-01	3.143966e-01	2.086633e-01	5.216980e-02	3.748350e-01	8.230544e-01	7.671100e+00	
8  24.3719	3.641888e+00	-4.056084e+00	4.565384e-01	-3.373975e+00	1.467599e+00	-3.173645e+00	3.585943e-01	2.988876e-01	2.054713e-01	4.449842e-02	6.032568e-01	8.230544e-01	7.671100e+00	
14  21.7767	3.641888e+00	-4.056084e+00	4.780225e-01	-4.107667e+00	1.453679e+00	-3.532725e+00	3.684894e-01	3.005973e-01	2.264847e-01	6.245302e-02	6.957665e-01	8.230544e-01	7.671100e+00	
3  20.3807	3.641888e+00	-4.056084e+00	6.527013e-01	-4.528715e+00	1.436625e+00	-2.981170e+00	3.651242e-01	2.972244e-01	2.345644e-01	7.787251e-02	4.159061e-01	8.230544e-01	7.671100e+00	
12  21.1106	3.641888e+00	-4.056084e+00	6.946625e-01	-4.001842e+00	1.461043e+00	-3.394369e+00	3.633592e-01	2.805467e-01	2.211829e-01	7.055933e-02	4.872917e-01	8.230544e-01	7.671100e+00	
2  22.8993	3.641888e+00	-4.056084e+00	6.599391e-01	-3.978893e+00	1.526756e+00	-3.178386e+00	3.742279e-01	2.632162e-01	2.021328e-01	7.143352e-02	4.672442e-01	8.230544e-01	7.671100e+00	
5  23.5387	3.641888e+00	-4.056084e+00	8.108158e-01	-4.078119e+00	1.554840e+00	-2.863993e+00	3.710736e-01	2.865031e-01	2.300240e-01	5.651422e-02	7.796920e-01	8.230544e-01	7.671100e+00	
10  22.6319	3.641888e+00	-4.056084e+00	7.878972e-01	-4.041230e+00	1.512088e+00	-2.688670e+00	3.842519e-01	2.856310e-01	2.317843e-01	3.287191e-02	6.455396e-01	8.230544e-01	7.671100e+00	
6  21.0679	3.641888e+00	-4.056084e+00	5.835329e-01	-4.246179e+00	1.488191e+00	-2.784319e+00	4.017093e-01	2.837769e-01	2.167537e-01	3.778684e-02	5.039550e-01	8.230544e-01	7.671100e+00	
32  19.8481	3.641888e+00	-4.056084e+00	5.652295e-01	-4.705550e+00	1.509094e+00	-2.165003e+00	3.909263e-01	2.906480e-01	2.220479e-01	4.819478e-02	6.145950e-01	8.230544e-01	7.671100e+00	
22  19.8891	3.641888e+00	-4.056084e+00	7.903228e-01	-4.518716e+00	1.502223e+00	-2.612870e+00	3.891685e-01	3.038869e-01	1.972040e-01	9.097575e-02	4.211574e-01	8.230544e-01	7.671100e+00	
3  21.9374	3.641888e+00	-4.056084e+00	6.674912e-01	-4.899437e+00	1.489438e+00	-2.570531e+00	3.772829e-01	3.111321e-01	1.970538e-01	1.073302e-01	7.229370e-01	8.230544e-01	7.671100e+00	
24  21.0473	3.641888e+00	-4.056084e+00	7.194839e-01	-4.576718e+00	1.490477e+00	-2.355116e+00	3.879747e-01	3.274653e-01	1.973686e-01	1.143785e-01	3.848002e-01	8.230544e-01	7.671100e+00	
4  21.7689	3.641888e+00	-4.056084e+00	5.350634e-01	-4.253299e+00	1.460037e+00	-3.002142e+00	3.729664e-01	3.063315e-01	1.751014e-01	9.361727e-02	5.655171e-01	8.230544e-01	7.671100e+00	
27  21.5915	3.407666e+00	-4.252851e+00	5.350634e-01	-4.253299e+00	1.460037e+00	-3.002142e+00	3.729664e-01	3.063315e-01	1.751014e-01	9.361727e-02	5.655171e-01	8.297707e-01	7.671100e+00	
3  22.3343	3.407666e+00	-4.252851e+00	4.484748e-01	-4.197345e+00	1.462018e+00	-2.298712e+00	3.767716e-01	3.091018e-01	1.763328e-01	5.250153e-02	4.638637e-01	8.297707e-01	7.671100e+00	
28  21.9374	3.407666e+00	-4.252851e+00	7.707529e-01	-4.657387e+00	1.476431e+00	-1.679383e+00	3.534751e-01	2.900529e-01	1.784130e-01	6.271372e-02	7.954054e-02	8.297707e-01	7.671100e+00	
33  23.3119	3.407666e+00	-4.252851e+00	8.499420e-01	-4.542538e+00	1.421119e+00	-1.192534e+00	3.563929e-01	3.315248e-01	1.754594e-01	6.061524e-02	3.018285e-02	8.297707e-01	7.671100e+00	
3  20.2436	3.407666e+00	-4.252851e+00	7.701320e-01	-4.621725e+00	1.389394e+00	-1.616999e+00	3.624441e-01	3.091695e-01	1.991110e-01	7.796890e-02	1.734124e-02	8.297707e-01	7.671100e+00	
33  19.3671	3.407666e+00	-4.252851e+00	7.195611e-01	-4.638514e+00	1.375360e+00	-1.631564e+00	3.820672e-01	3.002653e-01	2.064203e-01	4.939448e-02	2.884580e-01	8.297707e-01	7.671100e+00	
38  19.7903	3.407666e+00	-4.252851e+00	7.797868e-01	-4.834668e+00	1.349273e+00	-1.833308e+00	3.837725e-01	3.047686e-01	2.074272e-01	9.348912e-02	2.223784e-01	8.297707e-01	7.671100e+00	
33  19.1483	3.665773e+00	-5.171081e+00	7.797868e-01	-4.834668e+00	1.349273e+00	-1.833308e+00	3.837725e-01	3.047686e-01	2.074272e-01	9.348912e-02	2.223784e-01	8.277247e-01	7.671100e+00	
33  20.0116	3.118932e+00	-5.308267e+00	7.797868e-01	-4.834668e+00	1.349273e+00	-1.833308e+00	3.837725e-01	3.047686e-01	2.074272e-01	9.348912e-02	2.223784e-01	8.284185e-01	7.671100e+00	
45  20.2962	3.130164e+00	-5.840189e+00	7.797868e-01	-4.834668e+00	1.349273e+00	-1.833308e+00	3.837725e-01	3.047686e-01	2.074272e-01	9.348912e-02	2.223784e-01	8.281551e-01	7.671100e+00	
40  21.5792	3.130164e+00	-5.840189e+00	6.925474e-01	-4.978382e+00	1.343539e+00	-1.759748e+00	3.804558e-01	3.253309e-01	2.225057e-01	1.000348e-01	2.691575e-01	8.281551e-01	7.671100e+00	
27  22.0902	3.130164e+00	-5.840189e+00	6.895052e-01	-4.743513e+00	1.381384e+00	-1.675443e+00	3.969144e-01	2.956037e-01	2.039650e-01	9.972809e-02	2.608012e-01	8.281551e-01	7.671100e+00	
26  20.6226	3.130164e+00	-5.840189e+00	7.937999e-01	-4.553867e+00	1.384649e+00	-1.683322e+00	3.738228e-01	2.797236e-01	1.981773e-01	9.002352e-02	2.406840e-01	8.281551e-01	7.671100e+00	
22  23.4734	3.130164e+00	-5.840189e+00	7.137579e-01	-3.300046e+00	1.443685e+00	-2.027342e+00	3.694407e-01	2.974042e-01	2.242350e-01	1.110996e-01	3.604822e-01	8.281551e-01	7.671100e+00	
1  24.4198	3.130164e+00	-5.840189e+00	6.702923e-01	-3.759004e+00	1.403052e+00	-3.031140e+00	3.760562e-01	3.217384e-01	2.298367e-01	1.127553e-01	6.693558e-01	8.281551e-01	7.671100e+00	
28  23.4798	3.130164e+00	-5.840189e+00	4.862207e-01	-4.206479e+00	1.351688e+00	-3.303851e+00	3.848618e-01	3.230231e-01	2.642024e-01	1.109399e-01	8.055890e-01	8.281551e-01	7.671100e+00	
6  23.451	3.130164e+00	-5.840189e+00	5.066578e-01	-4.136354e+00	1.336926e+00	-3.209845e+00	3.812198e-01	3.567239e-01	2.550120e-01	1.080939e-01	7.538211e-01	8.281551e-01	7.671100e+00	
2  22.8595	3.130164e+00	-5.840189e+00	5.665427e-01	-4.282848e+00	1.332072e+00	-3.368694e+00	4.017192e-01	3.583979e-01	2.278014e-01	8.387959e-02	3.989203e-01	8.281551e-01	7.671100e+00	
4  22.8872	3.685084e+00	-4.350237e+00	5.665427e-01	-4.282848e+00	1.332072e+00	-3.368694e+00	4.017192e-01	3.583979e-01	2.278014e-01	8.387959e-02	3.989203e-01	8.296808e-01	7.671100e+00	
8  21.8784	3.685084e+00	-4.350237e+00	6.929155e-01	-4.355443e+00	1.298390e+00	-3.263032e+00	3.771438e-01	3.703660e-01	2.117329e-01	6.603507e-02	3.852924e-01	8.296808e-01	7.671100e+00	
9  23.2548	3.003373e+00	-4.004004e+00	6.929155e-01	-4.355443e+00	1.298390e+00	-3.263032e+00	3.771438e-01	3.703660e-01	2.117329e-01	6.603507e-02	3.852924e-01	8.232927e-01	7.671100e+00	
34  22.1101	3.003373e+00	-4.004004e+00	5.705208e-01	-4.501654e+00	1.240853e+00	-3.158252e+00	3.678241e-01	3.714169e-01	2.285867e-01	9.855306e-02	4.492545e-01	8.232927e-01	7.671100e+00	
22  21.9551	3.609001e+00	-4.348045e+00	5.705208e-01	-4.501654e+00	1.240853e+00	-3.158252e+00	3.678241e-01	3.714169e-01	2.285867e-01	9.855306e-02	4.492545e-01	8.255289e-01	7.671100e+00	
12  22.0601	3.158596e+00	-4.640951e+00	5.705208e-01	-4.501654e+00	1.240853e+00	-3.158252e+00	3.678241e-01	3.714169e-01	2.285867e-01	9.855306e-02	4.492545e-01	8.294862e-01	7.671100e+00	
3  22.0608	3.533134e+00	-5.044978e+00	5.705208e-01	-4.501654e+00	1.240853e+00	-3.158252e+00	3.678241e-01	3.714169e-01	2.285867e-01	9.855306e-02	4.492545e-01	8.280750e-01	7.671100e+00	
9  21.9194	3.533134e+00	-5.044978e+00	5.683339e-01	-3.950809e+00	1.275753e+00	-2.461254e+00	3.612998e-01	3.810944e-01	2.560268e-01	9.663421e-02	6.549808e-01	8.280750e-01	7.671100e+00	
28  22.0055	3.533134e+00	-5.044978e+00	4.592606e-01	-4.016424e+00	1.283001e+00	-2.549058e+00	3.842592e-01	3.560913e-01	2.816373e-01	1.000988e-01	7.291716e-01	8.280750e-01	7.671100e+00	
7  22.5277	3.533134e+00	-5.044978e+00	1.430023e-01	-4.462540e+00	1.365650e+00	-2.952266e+00	3.597818e-01	3.657849e-01	2.729626e-01	9.990928e-02	9.496438e-01	8.280750e-01	7.671100e+00	
14  23.7472	3.533134e+00	-5.044978e+00	1.178684e-01	-4.191256e+00	1.407402e+00	-3.504888e+00	3.606713e-01	3.559343e-01	2.448809e-01	9.748983e-02	9.243542e-01	8.280750e-01	7.671100e+00	
13  22.3603	3.533134e+00	-5.044978e+00	2.496962e-01	-3.961083e+00	1.336733e+00	-4.291550e+00	3.758778e-01	3.680003e-01	2.475605e-01	1.267438e-01	9.028306e-01	8.280750e-01	7.671100e+00	
7  23.327	3.533134e+00	-5.044978e+00	4.318190e-01	-4.135834e+00	1.299477e+00	-4.258724e+00	3.472649e-01	3.505838e-01	2.675580e-01	1.396801e-01	9.133338e-01	8.280750e-01	7.671100e+00	
16  23.3011	3.533134e+00	-5.044978e+00	4.543579e-01	-3.676494e+00	1.294898e+00	-3.691374e+00	3.513377e-01	3.717792e-01	2.437484e-01	1.185973e-01	7.314869e-01	8.280750e-01	7.671100e+00	
18  24.8192	3.533134e+00	-5.044978e+00	6.773782e-01	-3.915894e+00	1.388911e+00	-3.743182e+00	3.576364e-01	3.446009e-01	2.469859e-01	1.554979e-01	6.664197e-01	8.280750e-01	7.671100e+00	
4  24.4892	3.533134e+00	-5.044978e+00	7.237535e-01	-3.074710e+00	1.398392e+00	-3.432661e+00	3.725853e-01	3.280814e-01	2.522888e-01	1.515844e-01	7.241612e-01	8.280750e-01	7.671100e+00	
9  25.8164	3.533134e+00	-5.044978e+00	7.161061e-01	-2.430155e+00	1.391942e+00	-3.599262e+00	3.946191e-01	3.170650e-01	2.267665e-01	1.520692e-01	7.690002e-01	8.280750e-01	7.671100e+00	
6  24.2831	3.533134e+00	-5.044978e+00	6.453332e-01	-2.166577e+00	1.300336e+00	-3.707979e+00	3.576189e-01	3.105199e-01	2.537927e-01	1.586308e-01	8.043544e-01	8.280750e-01	7.671100e+00	
6  24.0784	3.533134e+00	-5.044978e+00	6.396542e-01	-2.344440e+00	1.385603e+00	-3.636267e+00	3.575202e-01	3.061142e-01	2.965833e-01	1.260475e-01	6.636405e-01	8.280750e-01	7.671100e+00	
26  23.6222	3.533134e+00	-5.044978e+00	5.583279e-01	-2.375295e+00	1.323243e+00	-3.540944e+00	3.627489e-01	3.100644e-01	2.968210e-01	1.293625e-01	7.245703e-01	8.280750e-01	7.671100e+00	
7  22.5865	3.533134e+00	-5.044978e+00	1.948318e-01	-1.812905e+00	1.371246e+00	-3.414857e+00	3.770530e-01	3.290168e-01	2.663339e-01	1.455305e-01	9.650285e-01	8.280750e-01	7.671100e+00	
10  22.2664	3.533134e+00	-5.044978e+00	3.494035e-01	-2.000885e+00	1.269320e+00	-3.918968e+00	3.664338e-01	3.262301e-01	2.920354e-01	1.270273e-01	9.608187e-01	8.280750e-01	7.671100e+00	
4  24.7483	3.533134e+00	-5.044978e+00	5.560949e-01	-1.915560e+00	1.241137e+00	-3.453947e+00	3.740112e-01	3.259257e-01	3.008782e-01	1.341653e-01	6.959248e-01	8.280750e-01	7.671100e+00	
26  25.5283	3.427576e+00	-5.737314e+00	5.560949e-01	-1.915560e+00	1.241137e+00	-3.453947e+00	3.740112e-01	3.259257e-01	3.008782e-01	1.341653e-01	6.959248e-01	8.305506e-01	7.671100e+00	
9  25.069	3.427576e+00	-5.737314e+00	5.806036e-01	-2.514226e+00	1.310799e+00	-3.504496e+00	3.494382e-01	3.234605e-01	2.862765e-01	1.242705e-01	7.884063e-01	8.305506e-01	7.671100e+00	
5  24.4131	3.427576e+00	-5.737314e+00	3.800128e-01	-2.975938e+00	1.302044e+00	-3.475533e+00	3.516004e-01	3.518388e-01	2.732988e-01	1.313125e-01	7.361866e-01	8.305506e-01	7.671100e+00	
23  23.8885	3.427576e+00	-5.737314e+00	4.473500e-01	-2.940107e+00	1.267362e+00	-3.673848e+00	3.497285e-01	3.322749e-01	2.759110e-01	1.142335e-01	8.187893e-01	8.305506e-01	7.671100e+00	
30  23.8266	3.427576e+00	-5.737314e+00	4.780253e-01	-2.846238e+00	1.308328e+00	-4.008250e+00	3.493361e-01	3.438582e-01	2.697781e-01	1.095726e-01	7.626394e-01	8.305506e-01	7.671100e+00	
6  22.93	3.427576e+00	-5.737314e+00	5.536129e-01	-3.014353e+00	1.328763e+00	-3.515484e+00	3.794309e-01	3.623789e-01	2.623536e-01	1.036982e-01	6.237086e-01	8.305506e-01	7.671100e+00	
9  21.7161	3.581808e+00	-5.743783e+00	5.536129e-01	-3.014353e+00	1.328763e+00	-3.515484e+00	3.794309e-01	3.623789e-01	2.623536e-01	1.036982e-01	6.237086e-01	8.231037e-01	7.671100e+00	
2  24.7902	3.581808e+00	-5.743783e+00	7.838391e-01	-2.878385e+00	1.313408e+00	-3.923057e+00	3.788663e-01	3.249499e-01	2.416565e-01	6.251357e-02	6.765415e-01	8.231037e-01	7.671100e+00	
18  23.2728	3.450677e+00	-5.932875e+00	7.838391e-01	-2.878385e+00	1.313408e+00	-3.923057e+00	3.788663e-01	3.249499e-01	2.416565e-01	6.251357e-02	6.765415e-01	8.291288e-01	7.671100e+00	
2  22.6813	3.450677e+00	-5.932875e+00	7.089934e-01	-2.135472e+00	1.314210e+00	-3.470813e+00	3.707770e-01	3.219249e-01	2.314162e-01	7.533595e-02	6.141048e-01	8.291288e-01	7.671100e+00	
11  23.7698	3.450677e+00	-5.932875e+00	7.201027e-01	-2.526628e+00	1.370279e+00	-3.680176e+00	3.491544e-01	3.259196e-01	2.331436e-01	9.296569e-02	6.105899e-01	8.291288e-01	7.671100e+00	
20  23.2365	3.450677e+00	-5.932875e+00	4.073555e-01	-2.355298e+00	1.402334e+00	-3.975677e+00	3.817514e-01	3.276201e-01	2.552378e-01	8.335425e-02	7.390197e-01	8.291288e-01	7.671100e+00	
19  22.5422	3.450677e+00	-5.932875e+00	3.156029e-01	-2.740554e+00	1.413895e+00	-4.280070e+00	3.770352e-01	3.980825e-01	2.809367e-01	7.550535e-02	9.483932e-01	8.291288e-01	7.671100e+00	
6  22.2134	3.450677e+00	-5.932875e+00	3.687310e-01	-3.088189e+00	1.383172e+00	-4.506187e+00	3.967564e-01	3.903166e-01	2.779590e-01	6.469378e-02	8.258824e-01	8.291288e-01	7.671100e+00	
5  22.2942	3.659786e+00	-5.281260e+00	3.687310e-01	-3.088189e+00	1.383172e+00	-4.506187e+00	3.967564e-01	3.903166e-01	2.779590e-01	6.469378e-02	8.258824e-01	8.306618e-01	7.671100e+00	
1  23.8988	3.659786e+00	-5.281260e+00	9.044640e-02	-3.515861e+00	1.452636e+00	-4.473187e+00	4.297231e-01	3.851493e-01	2.701995e-01	5.295589e-02	8.841459e-01	8.306618e-01	7.671100e+00	
18  24.0191	3.659786e+00	-5.281260e+00	1.760553e-01	-3.859493e+00	1.351575e+00	-4.705205e+00	4.196538e-01	3.590970e-01	2.793406e-01	3.999150e-02	9.032944e-01	8.306618e-01	7.671100e+00	
2  24.0148	3.659786e+00	-5.281260e+00	1.191137e-01	-3.817583e+00	1.385916e+00	-4.452150e+00	4.329610e-01	3.907975e-01	2.578671e-01	6.529344e-02	9.065680e-01	8.306618e-01	7.671100e+00	
13  23.7925	3.659786e+00	-5.281260e+00	1.833873e-01	-3.455287e+00	1.459658e+00	-4.237530e+00	4.425201e-01	3.890575e-01	2.758118e-01	5.940252e-02	8.178765e-01	8.306618e-01	7.671100e+00	
42  21.6298	3.659786e+00	-5.281260e+00	3.164114e-01	-3.896932e+00	1.477054e+00	-4.557902e+00	4.260683e-01	3.570875e-01	2.640516e-01	8.396107e-02	8.611147e-01	8.306618e-01	7.671100e+00	
6  21.5649	3.659786e+00	-5.281260e+00	4.848248e-01	-3.997176e+00	1.528812e+00	-4.592227e+00	4.112539e-01	3.370201e-01	2.470783e-01	8.857976e-02	4.979967e-01	8.306618e-01	7.671100e+00	
29  21.6211	3.659786e+00	-5.281260e+00	1.586216e-01	-3.981795e+00	1.485050e+00	-4.204960e+00	4.099166e-01	3.614202e-01	2.965263e-01	1.042654e-01	9.784550e-01	8.306618e-01	7.671100e+00	
45  22.1402	3.659786e+00	-5.281260e+00	2.215341e-01	-3.450441e+00	1.525530e+00	-3.680732e+00	4.070785e-01	3.512082e-01	2.994888e-01	1.146885e-01	9.706841e-01	8.306618e-01	7.671100e+00	
2  23.3742	3.659786e+00	-5.281260e+00	1.608777e-01	-3.576584e+00	1.477882e+00	-3.691932e+00	4.055329e-01	3.554550e-01	2.780972e-01	1.268907e-01	8.475992e-01	8.306618e-01	7.671100e+00	
17  23.2129	3.659786e+00	-5.281260e+00	4.368395e-01	-3.766339e+00	1.444168e+00	-3.441969e+00	4.084766e-01	3.177338e-01	2.789185e-01	1.280202e-01	6.470265e-01	8.306618e-01	7.671100e+00	
25  22.5771	3.659786e+00	-5.281260e+00	4.933423e-01	-3.710619e+00	1.451085e+00	-2.615793e+00	3.901545e-01	3.129290e-01	2.955066e-01	1.070271e-01	7.772422e-01	8.306618e-01	7.671100e+00	
1  22.9022	3.659786e+00	-5.281260e+00	3.112394e-01	-2.861170e+00	1.401701e+00	-2.810997e+00	3.885707e-01	3.573991e-01	3.029888e-01	1.062459e-01	9.287142e-01	8.306618e-01	7.671100e+00	
2  23.8308	3.659786e+00	-5.281260e+00	3.858975e-01	-2.703778e+00	1.403257e+00	-2.221066e+00	3.916738e-01	3.572839e-01	3.060380e-01	1.125437e-01	7.334319e-01	8.306618e-01	7.671100e+00	
5  25.9582	3.659786e+00	-5.281260e+00	5.423998e-01	-2.583931e+00	1.411095e+00	-2.445796e+00	4.047235e-01	3.417756e-01	3.053832e-01	1.028634e-01	6.499612e-01	8.306618e-01	7.671100e+00	
1  25.9744	3.659786e+00	-5.281260e+00	5.084581e-01	-3.289194e+00	1.435583e+00	-2.730743e+00	4.096459e-01	3.145097e-01	2.831166e-01	1.210683e-01	8.415946e-01	8.306618e-01	7.671100e+00	
8  27.2452	3.659786e+00	-5.281260e+00	5.329881e-01	-2.454624e+00	1.436206e+00	-2.957793e+00	4.326282e-01	3.118556e-01	2.534863e-01	1.278076e-01	4.710586e-01	8.306618e-01	7.671100e+00	
2  26.5569	3.659786e+00	-5.281260e+00	6.215421e-01	-2.882232e+00	1.474276e+00	-2.505564e+00	3.957658e-01	3.445077e-01	2.649304e-01	8.938965e-02	7.696187e-01	8.306618e-01	7.671100e+00	
7  21.3367	3.659786e+00	-5.281260e+00	4.448936e-01	-3.083456e+00	1.443226e+00	-2.640688e+00	4.029411e-01	3.380460e-01	2.527059e-01	9.095485e-02	6.082896e-01	8.306618e-01	7.671100e+00	
4  21.3741	3.691212e+00	-4.419340e+00	4.448936e-01	-3.083456e+00	1.443226e+00	-2.640688e+00	4.029411e-01	3.380460e-01	2.527059e-01	9.095485e-02	6.082896e-01	8.294755e-01	7.671100e+00	
3  22.0755	3.691212e+00	-4.419340e+00	4.972433e-01	-3.106680e+00	1.524040e+00	-2.264105e+00	4.155076e-01	3.047804e-01	2.266082e-01	6.001527e-02	4.932291e-01	8.294755e-01	7.671100e+00	
35  24.3477	3.691212e+00	-4.419340e+00	6.393230e-01	-2.581015e+00	1.561751e+00	-2.584449e+00	4.282538e-01	2.995688e-01	2.365093e-01	8.253377e-02	6.709101e-01	8.294755e-01	7.671100e+00	
51  23.2438	3.691212e+00	-4.419340e+00	6.243866e-01	-2.462333e+00	1.574194e+00	-2.876014e+00	4.313533e-01	3.002397e-01	2.291497e-01	8.643689e-02	4.806322e-01	8.294755e-01	7.671100e+00	
3  27.1322	3.691212e+00	-4.419340e+00	7.614551e-01	-3.003930e+00	1.551416e+00	-2.391387e+00	4.274322e-01	2.995330e-01	2.367639e-01	7.862985e-02	5.569980e-01	8.294755e-01	7.671100e+00	
1  25.0279	3.691212e+00	-4.419340e+00	6.940433e-01	-3.127282e+00	1.646806e+00	-3.325019e+00	4.419009e-01	3.012121e-01	2.531499e-01	9.003223e-02	4.775952e-01	8.294755e-01	7.671100e+00	
13  25.8345	3.691212e+00	-4.419340e+00	7.616944e-01	-2.657900e+00	1.678079e+00	-3.364719e+00	4.327970e-01	2.661540e-01	2.181902e-01	1.104494e-01	7.521957e-01	8.294755e-01	7.671100e+00	
7  27.4701	3.336395e+00	-4.051881e+00	7.616944e-01	-2.657900e+00	1.678079e+00	-3.364719e+00	4.327970e-01	2.661540e-01	2.181902e-01	1.104494e-01	7.521957e-01	8.248672e-01	7.671100e+00	
6  27.3197	3.336395e+00	-4.051881e+00	6.937692e-01	-2.343485e+00	1.633255e+00	-3.906601e+00	4.352537e-01	2.601461e-01	2.229972e-01	1.406420e-01	5.762320e-01	8.248672e-01	7.671100e+00	
2  25.6231	3.336395e+00	-4.051881e+00	3.673069e-01	-2.068615e+00	1.572212e+00	-3.848962e+00	4.348131e-01	2.687568e-01	2.459689e-01	1.355651e-01	8.815406e-01	8.248672e-01	7.671100e+00	
2  29.116	3.336395e+00	-4.051881e+00	8.827045e-01	-2.247195e+00	1.549221e+00	-3.968083e+00	4.477126e-01	2.729187e-01	2.664983e-01	9.669727e-02	6.952962e-01	8.248672e-01	7.671100e+00	
13  29.5287	3.336395e+00	-4.051881e+00	8.881759e-01	-2.191345e+00	1.568115e+00	-3.675961e+00	4.518417e-01	2.731259e-01	2.342101e-01	9.295928e-02	5.067680e-01	8.248672e-01	7.671100e+00	
27  29.9731	3.336395e+00	-4.051881e+00	7.390186e-01	-1.955607e+00	1.605591e+00	-3.407108e+00	4.797430e-01	2.727172e-01	2.209205e-01	6.973340e-02	6.802960e-01	8.248672e-01	7.671100e+00	
2  30.2972	3.336395e+00	-4.051881e+00	6.793845e-01	-1.846339e+00	1.590946e+00	-3.793617e+00	4.598360e-01	2.642212e-01	2.192372e-01	9.622017e-02	9.877040e-01	8.248672e-01	7.671100e+00	
23  27.3607	3.336395e+00	-4.051881e+00	6.897447e-01	-1.765034e+00	1.566157e+00	-3.465125e+00	4.433939e-01	2.673884e-01	2.268640e-01	7.886501e-02	4.603893e-01	8.248672e-01	7.671100e+00	
10  26.7382	3.336395e+00	-4.051881e+00	6.733916e-01	-1.678183e+00	1.586829e+00	-3.169241e+00	4.316089e-01	2.723199e-01	2.026874e-01	8.964883e-02	8.006125e-01	8.248672e-01	7.671100e+00	
10  25.8902	3.336395e+00	-4.051881e+00	4.404257e-01	-1.562198e+00	1.595045e+00	-2.965823e+00	4.256619e-01	2.773741e-01	2.081701e-01	1.080334e-01	9.186862e-01	8.248672e-01	7.671100e+00	
12  24.5218	3.336395e+00	-4.051881e+00	6.559303e-01	-1.592230e+00	1.609833e+00	-3.758677e+00	4.257122e-01	2.863778e-01	2.063805e-01	9.393115e-02	5.885553e-01	8.248672e-01	7.671100e+00	
4  24.1085	3.336395e+00	-4.051881e+00	5.628973e-01	-1.859589e+00	1.610538e+00	-4.048166e+00	4.249530e-01	2.940280e-01	2.124715e-01	8.152843e-02	7.955674e-01	8.248672e-01	7.671100e+00	
8  25.9759	3.336395e+00	-4.051881e+00	6.699734e-01	-2.002999e+00	1.585391e+00	-4.542164e+00	4.114381e-01	3.131513e-01	2.126154e-01	9.159294e-02	5.192946e-01	8.248672e-01	7.671100e+00	
10  26.6538	3.336395e+00	-4.051881e+00	8.080192e-01	-2.189813e+00	1.565762e+00	-4.213352e+00	4.247007e-01	2.862733e-01	2.083445e-01	1.151198e-01	4.647456e-01	8.248672e-01	7.671100e+00	
4  26.9628	3.336395e+00	-4.051881e+00	6.416968e-01	-2.529575e+00	1.544085e+00	-4.410067e+00	4.424912e-01	2.641431e-01	2.164038e-01	1.352395e-01	4.941599e-01	8.248672e-01	7.671100e+00	
7  28.4851	3.336395e+00	-4.051881e+00	7.103843e-01	-1.911649e+00	1.527321e+00	-4.300090e+00	4.558703e-01	2.858757e-01	2.288564e-01	1.236106e-01	8.183937e-01	8.248672e-01	7.671100e+00	
5  29.0765	3.336395e+00	-4.051881e+00	6.703441e-01	-2.375011e+00	1.553007e+00	-4.415393e+00	4.923097e-01	2.850942e-01	2.261138e-01	1.081584e-01	4.571585e-01	8.248672e-01	7.671100e+00	
5  27.9704	3.336395e+00	-4.051881e+00	4.908293e-01	-2.575569e+00	1.514783e+00	-3.837999e+00	4.823924e-01	3.069418e-01	2.219669e-01	1.169423e-01	5.576584e-01	8.248672e-01	7.671100e+00	
11  27.735	3.336395e+00	-4.051881e+00	7.493534e-01	-2.189697e+00	1.496844e+00	-4.579482e+00	4.517767e-01	2.790021e-01	2.142557e-01	9.167021e-02	4.657085e-01	8.248672e-01	7.671100e+00	
2  28.1659	3.336395e+00	-4.051881e+00	7.509798e-01	-1.965601e+00	1.489509e+00	-4.054537e+00	4.382585e-01	2.692743e-01	2.047549e-01	9.009825e-02	5.570193e-01	8.248672e-01	7.671100e+00	
5  27.2751	3.336395e+00	-4.051881e+00	7.249221e-01	-1.821388e+00	1.544178e+00	-3.470515e+00	4.066180e-01	2.794220e-01	1.728064e-01	9.275112e-02	8.153497e-01	8.248672e-01	7.671100e+00	
49  26.0951	3.336395e+00	-4.051881e+00	4.854501e-01	-2.566180e+00	1.478981e+00	-3.539938e+00	4.257696e-01	2.868136e-01	1.910731e-01	1.141553e-01	6.776414e-01	8.248672e-01	7.671100e+00	
8  26.7655	3.336395e+00	-4.051881e+00	4.660681e-01	-2.951127e+00	1.428007e+00	-3.399096e+00	4.226981e-01	2.972834e-01	1.871239e-01	1.161488e-01	5.705496e-01	8.248672e-01	7.671100e+00	
10  25.7644	3.200253e+00	-4.262578e+00	4.660681e-01	-2.951127e+00	1.428007e+00	-3.399096e+00	4.226981e-01	2.972834e-01	1.871239e-01	1.161488e-01	5.705496e-01	8.233069e-01	7.671100e+00	
6  25.7825	3.442038e+00	-5.259620e+00	4.660681e-01	-2.951127e+00	1.428007e+00	-3.399096e+00	4.226981e-01	2.972834e-01	1.871239e-01	1.161488e-01	5.705496e-01	8.237401e-01	7.671100e+00	
5  24.5168	3.442038e+00	-5.259620e+00	4.925481e-01	-3.281023e+00	1.448169e+00	-3.559427e+00	3.978420e-01	3.066055e-01	1.843082e-01	1.451689e-01	5.318217e-01	8.237401e-01	7.671100e+00	
11  24.5046	2.896257e+00	-5.249035e+00	4.925481e-01	-3.281023e+00	1.448169e+00	-3.559427e+00	3.978420e-01	3.066055e-01	1.843082e-01	1.451689e-01	5.318217e-01	8.320666e-01	7.671100e+00	
25  24.4687	3.283779e+00	-4.986176e+00	4.925481e-01	-3.281023e+00	1.448169e+00	-3.559427e+00	3.978420e-01	3.066055e-01	1.843082e-01	1.451689e-01	5.318217e-01	8.250705e-01	7.671100e+00	
2  24.9301	3.283779e+00	-4.986176e+00	2.874600e-01	-3.593089e+00	1.457283e+00	-3.478943e+00	4.171217e-01	3.080993e-01	2.147295e-01	1.297836e-01	7.410840e-01	8.250705e-01	7.671100e+00	
2  23.8056	3.283779e+00	-4.986176e+00	5.690425e-01	-3.641282e+00	1.467288e+00	-3.369155e+00	4.192195e-01	2.891509e-01	2.026684e-01	9.979482e-02	6.540574e-01	8.250705e-01	7.671100e+00	
12  22.0624	3.283779e+00	-4.986176e+00	6.169150e-01	-2.959180e+00	1.423331e+00	-3.518291e+00	3.876659e-01	2.984916e-01	2.083198e-01	8.099443e-02	5.912400e-01	8.250705e-01	7.671100e+00	
6  22.5907	3.283779e+00	-4.986176e+00	3.126540e-01	-3.375975e+00	1.405674e+00	-3.660336e+00	3.731341e-01	3.133155e-01	2.196652e-01	6.431196e-02	9.464398e-01	8.250705e-01	7.671100e+00	
2  22.4228	3.283779e+00	-4.986176e+00	2.699191e-01	-3.272300e+00	1.464106e+00	-3.177533e+00	3.961907e-01	3.214907e-01	2.004360e-01	8.635958e-02	8.312611e-01	8.250705e-01	7.671100e+00	
2  23.7771	3.283779e+00	-4.986176e+00	3.935432e-01	-3.465534e+00	1.404665e+00	-3.186360e+00	3.870548e-01	3.440975e-01	2.169710e-01	5.302307e-02	8.518694e-01	8.250705e-01	7.671100e+00	
22  22.615	3.283779e+00	-4.986176e+00	4.852379e-01	-4.034030e+00	1.423547e+00	-4.161994e+00	3.610084e-01	3.259354e-01	2.164023e-01	6.477305e-02	6.637463e-01	8.250705e-01	7.671100e+00	
58  22.9123	3.283779e+00	-4.986176e+00	5.180133e-01	-4.500589e+00	1.463657e+00	-3.234314e+00	3.734568e-01	2.939160e-01	2.098380e-01	3.681995e-02	8.202523e-01	8.250705e-01	7.671100e+00	
7  22.1671	3.283779e+00	-4.986176e+00	3.898907e-01	-4.231188e+00	1.452240e+00	-3.007384e+00	3.746834e-01	2.960171e-01	2.073725e-01	5.273546e-02	8.546141e-01	8.250705e-01	7.671100e+00	
2  22.2781	3.283779e+00	-4.986176e+00	4.777563e-01	-3.458821e+00	1.506775e+00	-3.022262e+00	3.781842e-01	2.796303e-01	2.248857e-01	6.838822e-02	5.945782e-01	8.250705e-01	7.671100e+00	
26  21.5451	3.283779e+00	-4.986176e+00	4.433970e-01	-3.244981e+00	1.516151e+00	-2.411371e+00	3.703870e-01	3.078071e-01	2.183725e-01	5.055842e-02	6.770232e-01	8.250705e-01	7.671100e+00	
7  21.6498	2.979195e+00	-4.504965e+00	4.433970e-01	-3.244981e+00	1.516151e+00	-2.411371e+00	3.703870e-01	3.078071e-01	2.183725e-01	5.055842e-02	6.770232e-01	8.230861e-01	7.671100e+00	
2  24.2413	2.979195e+00	-4.504965e+00	3.489605e-01	-3.276785e+00	1.484565e+00	-1.176195e+00	3.608285e-01	3.087222e-01	1.955173e-01	6.224127e-02	5.475495e-01	8.230861e-01	7.671100e+00	
2  22.2234	2.979195e+00	-4.504965e+00	4.428774e-01	-3.757781e+00	1.463678e+00	-1.591250e+00	3.561234e-01	3.178119e-01	2.014050e-01	4.623415e-02	6.950195e-01	8.230861e-01	7.671100e+00	
1  21.7266	3.497861e+00	-5.918766e+00	4.428774e-01	-3.757781e+00	1.463678e+00	-1.591250e+00	3.561234e-01	3.178119e-01	2.014050e-01	4.623415e-02	6.950195e-01	8.240389e-01	7.671100e+00	
18  21.3758	3.497861e+00	-5.918766e+00	4.463105e-01	-3.044745e+00	1.514894e+00	-1.544183e+00	3.724865e-01	3.038305e-01	2.098906e-01	6.967763e-02	6.016857e-01	8.240389e-01	7.671100e+00	
3  22.3058	3.497861e+00	-5.918766e+00	5.739776e-01	-3.391699e+00	1.508629e+00	-1.880714e+00	3.544399e-01	3.065821e-01	2.212534e-01	7.806495e-02	7.050117e-01	8.240389e-01	7.671100e+00	
2  24.4851	3.062216e+00	-5.910431e+00	5.739776e-01	-3.391699e+00	1.508629e+00	-1.880714e+00	3.544399e-01	3.065821e-01	2.212534e-01	7.806495e-02	7.050117e-01	8.324730e-01	7.671100e+00	
2  25.3856	3.062216e+00	-5.910431e+00	2.692788e-01	-3.803959e+00	1.513996e+00	-1.405152e+00	3.497744e-01	3.009054e-01	2.234632e-01	5.794725e-02	7.488754e-01	8.324730e-01	7.671100e+00	
6  23.2707	3.062216e+00	-5.910431e+00	3.886898e-01	-3.433822e+00	1.456554e+00	-1.452861e+00	3.741261e-01	3.133235e-01	2.267032e-01	7.567927e-02	8.328366e-01	8.324730e-01	7.671100e+00	
2  22.6232	3.364915e+00	-5.934168e+00	3.886898e-01	-3.433822e+00	1.456554e+00	-1.452861e+00	3.741261e-01	3.133235e-01	2.267032e-01	7.567927e-02	8.328366e-01	8.263486e-01	7.671100e+00	
4  22.4681	3.364915e+00	-5.934168e+00	2.865216e-01	-3.428674e+00	1.437237e+00	-1.389902e+00	3.778280e-01	3.430014e-01	2.613455e-01	7.406575e-02	7.850226e-01	8.263486e-01	7.671100e+00	
6  22.6435	3.364915e+00	-5.934168e+00	2.720873e-01	-3.731769e+00	1.384499e+00	-1.561418e+00	3.764421e-01	3.409808e-01	2.819647e-01	6.655280e-02	8.555326e-01	8.263486e-01	7.671100e+00	
4  21.8027	3.317545e+00	-5.206463e+00	2.720873e-01	-3.731769e+00	1.384499e+00	-1.561418e+00	3.764421e-01	3.409808e-01	2.819647e-01	6.655280e-02	8.555326e-01	8.317071e-01	7.671100e+00	
7  23.2811	3.317545e+00	-5.206463e+00	4.205450e-01	-3.985320e+00	1.421842e+00	-2.212825e+00	3.837164e-01	3.299691e-01	2.854784e-01	9.636870e-02	6.182817e-01	8.317071e-01	7.671100e+00	
7  23.0562	3.304661e+00	-5.464239e+00	4.205450e-01	-3.985320e+00	1.421842e+00	-2.212825e+00	3.837164e-01	3.299691e-01	2.854784e-01	9.636870e-02	6.182817e-01	8.235182e-01	7.671100e+00	
1  23.2042	3.304661e+00	-5.464239e+00	3.211384e-01	-4.488240e+00	1.429235e+00	-1.747199e+00	4.086914e-01	3.592840e-01	2.458737e-01	8.981721e-02	6.308451e-01	8.235182e-01	7.671100e+00	
16  23.2183	3.304661e+00	-5.464239e+00	3.239092e-01	-4.457069e+00	1.446196e+00	-2.689850e+00	4.203367e-01	3.506744e-01	2.515745e-01	7.163428e-02	8.147813e-01	8.235182e-01	7.671100e+00	
2  23.7966	3.304661e+00	-5.464239e+00	1.276891e-01	-4.058982e+00	1.445210e+00	-2.453869e+00	4.138889e-01	3.577069e-01	2.748344e-01	9.252603e-02	8.381623e-01	8.235182e-01	7.671100e+00	
8  23.9591	3.304661e+00	-5.464239e+00	2.893714e-01	-3.962615e+00	1.513400e+00	-2.579635e+00	4.085962e-01	3.763689e-01	2.629575e-01	5.495669e-02	6.210109e-01	8.235182e-01	7.671100e+00	
1  24.4099	3.304661e+00	-5.464239e+00	2.693435e-01	-3.820682e+00	1.560833e+00	-2.093333e+00	3.902782e-01	3.697367e-01	2.693453e-01	3.873392e-02	6.556136e-01	8.235182e-01	7.671100e+00	
4  22.7248	3.304661e+00	-5.464239e+00	3.441080e-01	-4.028001e+00	1.590806e+00	-1.737824e+00	3.902480e-01	3.478017e-01	2.551709e-01	4.719191e-02	6.950963e-01	8.235182e-01	7.671100e+00	
13  22.7196	3.304661e+00	-5.464239e+00	3.865170e-01	-3.536019e+00	1.556011e+00	-1.350838e+00	3.935552e-01	3.646312e-01	2.276215e-01	5.569973e-02	6.993748e-01	8.235182e-01	7.671100e+00	
6  22.5822	3.304661e+00	-5.464239e+00	3.777503e-01	-3.736277e+00	1.554487e+00	-1.255572e+00	3.911203e-01	3.804874e-01	2.090673e-01	5.072538e-02	6.070044e-01	8.235182e-01	7.671100e+00	
20  24.2623	3.304661e+00	-5.464239e+00	2.315274e-01	-3.571622e+00	1.659769e+00	-1.408799e+00	3.920537e-01	3.787543e-01	2.126385e-01	3.572353e-02	6.452836e-01	8.235182e-01	7.671100e+00	
18  23.7717	3.304661e+00	-5.464239e+00	1.603039e-01	-3.842573e+00	1.621692e+00	-1.665579e+00	3.906825e-01	3.865834e-01	2.257340e-01	4.421489e-02	7.391944e-01	8.235182e-01	7.671100e+00	
31  23.3363	3.304661e+00	-5.464239e+00	2.455357e-01	-3.540833e+00	1.606296e+00	-1.353266e+00	4.082326e-01	3.745650e-01	2.252684e-01	5.067517e-02	8.220566e-01	8.235182e-01	7.671100e+00	
8  23.9192	3.304661e+00	-5.464239e+00	1.942699e-01	-4.013420e+00	1.648523e+00	-1.010575e+00	4.048432e-01	3.828102e-01	2.290758e-01	9.040926e-02	8.395082e-01	8.235182e-01	7.671100e+00	
11  24.3559	3.304661e+00	-5.464239e+00	1.361786e-01	-4.310820e+00	1.631876e+00	-9.128715e-01	3.701065e-01	4.094264e-01	2.081487e-01	8.049925e-02	9.082877e-01	8.235182e-01	7.671100e+00	
3  25.0871	3.304661e+00	-5.464239e+00	4.439708e-02	-4.788817e+00	1.614326e+00	-5.865385e-01	3.824789e-01	4.151384e-01	2.453985e-01	8.685292e-02	8.531545e-01	8.235182e-01	7.671100e+00	
1  25.3122	3.304661e+00	-5.464239e+00	6.288046e-02	-4.447077e+00	1.599156e+00	-9.683998e-01	4.062258e-01	4.157668e-01	2.546725e-01	8.406029e-02	7.949194e-01	8.235182e-01	7.671100e+00	
34  24.3503	3.304661e+00	-5.464239e+00	1.282078e-01	-4.628862e+00	1.557243e+00	-4.761946e-01	4.117286e-01	3.690200e-01	2.622962e-01	7.401345e-02	8.735224e-01	8.235182e-01	7.671100e+00	
2  24.1691	3.304661e+00	-5.464239e+00	1.817135e-01	-4.720170e+00	1.580521e+00	-4.838747e-01	4.141452e-01	3.774972e-01	2.376275e-01	7.192398e-02	7.558654e-01	8.235182e-01	7.671100e+00	
1  24.339	3.009847e+00	-5.149779e+00	1.817135e-01	-4.720170e+00	1.580521e+00	-4.838747e-01	4.141452e-01	3.774972e-01	2.376275e-01	7.192398e-02	7.558654e-01	8.305851e-01	7.671100e+00	
10  24.2817	3.562833e+00	-4.147379e+00	1.817135e-01	-4.720170e+00	1.580521e+00	-4.838747e-01	4.141452e-01	3.774972e-01	2.376275e-01	7.192398e-02	7.558654e-01	8.300093e-01	7.671100e+00	
20  24.1142	3.592907e+00	-5.570902e+00	1.817135e-01	-4.720170e+00	1.580521e+00	-4.838747e-01	4.141452e-01	3.774972e-01	2.376275e-01	7.192398e-02	7.558654e-01	8.294099e-01	7.671100e+00	
13  22.9851	3.592907e+00	-5.570902e+00	3.595958e-01	-4.729098e+00	1.571494e+00	-5.761667e-02	3.805434e-01	3.405407e-01	2.545476e-01	4.808137e-02	6.473066e-01	8.294099e-01	7.671100e+00	
18  23.1516	3.639302e+00	-5.730661e+00	3.595958e-01	-4.729098e+00	1.571494e+00	-5.761667e-02	3.805434e-01	3.405407e-01	2.545476e-01	4.808137e-02	6.473066e-01	8.223773e-01	7.671100e+00	
21  23.9635	3.639302e+00	-5.730661e+00	3.975578e-01	-4.731722e+00	1.553383e+00	-3.045410e-01	3.807589e-01	3.473472e-01	2.755819e-01	5.317466e-02	6.145741e-01	8.223773e-01	7.671100e+00	
20  24.0198	3.639302e+00	-5.730661e+00	4.086646e-01	-4.430630e+00	1.579329e+00	-6.799698e-01	3.820350e-01	3.432643e-01	2.777727e-01	5.355614e-02	6.431182e-01	8.223773e-01	7.671100e+00	
12  23.4134	3.639302e+00	-5.730661e+00	6.680643e-01	-4.729799e+00	1.515244e+00	-4.569715e-01	3.772499e-01	3.410621e-01	2.392421e-01	6.320899e-02	3.353240e-01	8.223773e-01	7.671100e+00	
1  23.77	3.639302e+00	-5.730661e+00	5.046831e-01	-3.919007e+00	1.576099e+00	-3.897031e-01	3.839240e-01	3.516903e-01	2.519458e-01	4.345732e-02	6.002973e-01	8.223773e-01	7.671100e+00	
14  22.0676	3.639302e+00	-5.730661e+00	2.917013e-01	-4.464822e+00	1.637841e+00	-8.335391e-01	3.859268e-01	3.533910e-01	2.050529e-01	4.768165e-02	8.226402e-01	8.223773e-01	7.671100e+00	
10  23.999	3.639302e+00	-5.730661e+00	4.441869e-01	-3.755417e+00	1.580909e+00	-6.696754e-01	3.813287e-01	3.227294e-01	2.037405e-01	3.042907e-02	8.603006e-01	8.223773e-01	7.671100e+00	
9  22.0836	3.639302e+00	-5.730661e+00	5.147815e-01	-3.917943e+00	1.546574e+00	-7.529521e-01	3.816074e-01	2.955525e-01	2.052033e-01	3.981238e-02	7.379222e-01	8.223773e-01	7.671100e+00	
19  21.804	3.639302e+00	-5.730661e+00	5.550335e-01	-3.420184e+00	1.538958e+00	-1.017644e+00	3.808153e-01	3.058676e-01	1.927665e-01	2.991769e-02	7.021771e-01	8.223773e-01	7.671100e+00	
7  25.7226	3.639302e+00	-5.730661e+00	9.762602e-01	-3.129390e+00	1.564997e+00	-1.562801e+00	3.803152e-01	3.130322e-01	1.836173e-01	5.439279e-02	7.863434e-01	8.223773e-01	7.671100e+00	
14  23.8396	3.639302e+00	-5.730661e+00	9.197631e-01	-2.958772e+00	1.590389e+00	-2.456609e+00	3.795349e-01	2.903521e-01	1.726133e-01	7.962441e-02	7.195712e-01	8.223773e-01	7.671100e+00	
24  23.0153	3.639302e+00	-5.730661e+00	6.557645e-01	-2.969585e+00	1.564177e+00	-2.046198e+00	3.739863e-01	3.067584e-01	1.737897e-01	1.056564e-01	4.748430e-01	8.223773e-01	7.671100e+00	
7  25.8978	3.639302e+00	-5.730661e+00	5.775631e-01	-3.249094e+00	1.611942e+00	-1.989575e+00	3.413944e-01	3.105818e-01	1.846012e-01	9.371325e-02	6.364676e-01	8.223773e-01	7.671100e+00	
13  26.3097	3.547938e+00	-5.437348e+00	5.775631e-01	-3.249094e+00	1.611942e+00	-1.989575e+00	3.413944e-01	3.105818e-01	1.846012e-01	9.371325e-02	6.364676e-01	8.286152e-01	7.671100e+00	
1  26.0371	3.547938e+00	-5.437348e+00	5.426597e-01	-3.458505e+00	1.629634e+00	-2.524425e+00	3.431065e-01	3.264411e-01	1.885928e-01	9.077659e-02	6.642241e-01	8.286152e-01	7.671100e+00	
11  25.2489	3.547938e+00	-5.437348e+00	3.666109e-01	-3.511526e+00	1.690759e+00	-2.497657e+00	3.707309e-01	3.120301e-01	1.703014e-01	1.226445e-01	8.495903e-01	8.286152e-01	7.671100e+00	
7  24.5879	3.547938e+00	-5.437348e+00	4.032233e-01	-3.150021e+00	1.651203e+00	-2.333161e+00	3.513557e-01	3.043670e-01	1.921595e-01	1.037237e-01	8.839095e-01	8.286152e-01	7.671100e+00	
15  25.7422	3.547938e+00	-5.437348e+00	3.634111e-01	-3.382028e+00	1.639129e+00	-2.500906e+00	3.550863e-01	2.978302e-01	1.893845e-01	1.043496e-01	7.865579e-01	8.286152e-01	7.671100e+00	
18  24.4398	3.547938e+00	-5.437348e+00	4.417355e-01	-3.272424e+00	1.643825e+00	-2.626300e+00	3.455591e-01	2.966556e-01	2.127581e-01	7.897055e-02	8.499594e-01	8.286152e-01	7.671100e+00	
10  23.7571	3.547938e+00	-5.437348e+00	6.044130e-01	-3.998802e+00	1.611746e+00	-2.551463e+00	3.495278e-01	2.959559e-01	2.077071e-01	6.890754e-02	6.193461e-01	8.286152e-01	7.671100e+00	
1  23.4436	3.547938e+00	-5.437348e+00	7.998722e-01	-4.213647e+00	1.598089e+00	-2.126275e+00	3.742854e-01	2.968326e-01	1.966613e-01	5.583983e-02	6.141132e-01	8.286152e-01	7.671100e+00	
4  22.5102	3.547938e+00	-5.437348e+00	6.573483e-01	-4.336046e+00	1.524092e+00	-2.471901e+00	3.669361e-01	2.891494e-01	2.201349e-01	4.492578e-02	8.163576e-01	8.286152e-01	7.671100e+00	
6  22.8685	3.547938e+00	-5.437348e+00	7.645411e-01	-4.972446e+00	1.520992e+00	-2.309027e+00	3.611661e-01	2.754499e-01	2.405556e-01	4.999579e-02	4.358957e-01	8.286152e-01	7.671100e+00	
21  23.5791	3.547938e+00	-5.437348e+00	8.521355e-01	-4.906663e+00	1.489336e+00	-2.381254e+00	3.706476e-01	2.690393e-01	2.528939e-01	5.998341e-02	6.415726e-01	8.286152e-01	7.671100e+00	
2  26.1354	3.547938e+00	-5.437348e+00	9.572390e-01	-4.776887e+00	1.511765e+00	-2.491522e+00	3.605946e-01	2.726846e-01	2.423395e-01	3.501762e-02	6.587666e-01	8.286152e-01	7.671100e+00	
29  26.0633	3.547938e+00	-5.437348e+00	8.711048e-01	-4.891265e+00	1.412094e+00	-2.251247e+00	3.811147e-01	2.653860e-01	2.399968e-01	2.782609e-02	4.255369e-01	8.286152e-01	7.671100e+00	
88  27.0856	3.547938e+00	-5.437348e+00	8.228808e-01	-4.778515e+00	1.428848e+00	-2.322367e+00	3.761700e-01	2.546747e-01	2.485222e-01	3.101087e-02	7.059786e-01	8.286152e-01	7.671100e+00	
3  24.5859	3.547938e+00	-5.437348e+00	7.854512e-01	-3.890679e+00	1.374187e+00	-2.763601e+00	3.857345e-01	2.968221e-01	2.724997e-01	2.936416e-02	7.298632e-01	8.286152e-01	7.671100e+00	
5  24.2536	3.547938e+00	-5.437348e+00	8.014842e-01	-4.188110e+00	1.388797e+00	-2.199766e+00	3.972685e-01	2.877056e-01	2.507329e-01	6.091234e-02	4.601154e-01	8.286152e-01	7.671100e+00	
13  24.0485	3.547938e+00	-5.437348e+00	7.491534e-01	-4.909478e+00	1.454998e+00	-2.521801e+00	4.140430e-01	2.839158e-01	2.514667e-01	9.359775e-02	5.582560e-01	8.286152e-01	7.671100e+00	
14  24.2454	3.547938e+00	-5.437348e+00	8.411230e-01	-4.853339e+00	1.487832e+00	-2.593634e+00	4.358425e-01	2.877410e-01	2.371601e-01	8.416689e-02	4.089931e-01	8.286152e-01	7.671100e+00	
8  21.7878	3.547938e+00	-5.437348e+00	8.703906e-01	-4.350806e+00	1.531773e+00	-2.586549e+00	4.026728e-01	2.726410e-01	2.161243e-01	8.673817e-02	5.108074e-01	8.286152e-01	7.671100e+00	
4  23.4112	3.547938e+00	-5.437348e+00	5.353090e-01	-4.546730e+00	1.550277e+00	-2.090812e+00	4.000009e-01	2.747470e-01	2.286982e-01	8.491248e-02	7.384276e-01	8.286152e-01	7.671100e+00	
7  23.3129	3.547938e+00	-5.437348e+00	5.992753e-01	-4.293795e+00	1.573094e+00	-2.147132e+00	4.114782e-01	2.985323e-01	2.650023e-01	7.341276e-02	5.855047e-01	8.286152e-01	7.671100e+00	
4  22.9384	3.547938e+00	-5.437348e+00	5.000950e-01	-4.356207e+00	1.625530e+00	-2.832678e+00	4.123169e-01	2.967611e-01	2.661692e-01	7.679775e-02	5.946986e-01	8.286152e-01	7.671100e+00	
9  22.3776	3.547938e+00	-5.437348e+00	2.344179e-01	-4.655324e+00	1.635569e+00	-3.128131e+00	3.975229e-01	3.328620e-01	2.889333e-01	5.808133e-02	8.980179e-01	8.286152e-01	7.671100e+00	
5  23.5566	3.547938e+00	-5.437348e+00	2.094531e-01	-4.493191e+00	1.625566e+00	-2.948708e+00	3.765447e-01	3.142310e-01	2.689311e-01	7.592557e-02	8.699132e-01	8.286152e-01	7.671100e+00	
2  23.4361	3.170696e+00	-5.547027e+00	2.094531e-01	-4.493191e+00	1.625566e+00	-2.948708e+00	3.765447e-01	3.142310e-01	2.689311e-01	7.592557e-02	8.699132e-01	8.276968e-01	7.671100e+00	
2  24.4756	3.170696e+00	-5.547027e+00	3.436716e-01	-4.344144e+00	1.548306e+00	-2.446228e+00	3.768264e-01	3.289444e-01	2.936486e-01	9.423504e-02	7.034739e-01	8.276968e-01	7.671100e+00	
7  24.8452	3.170696e+00	-5.547027e+00	2.692336e-01	-4.850075e+00	1.568729e+00	-2.179817e+00	3.527350e-01	3.278069e-01	2.847665e-01	8.981711e-02	8.241725e-01	8.276968e-01	7.671100e+00	
9  25.1181	3.083653e+00	-5.092321e+00	2.692336e-01	-4.850075e+00	1.568729e+00	-2.179817e+00	3.527350e-01	3.278069e-01	2.847665e-01	8.981711e-02	8.241725e-01	8.314097e-01	7.671100e+00	
24  24.5211	3.083653e+00	-5.092321e+00	1.503216e-01	-4.877791e+00	1.544295e+00	-2.414806e+00	3.622854e-01	3.351558e-01	3.005796e-01	9.875407e-02	9.287955e-01	8.314097e-01	7.671100e+00	
26  23.9146	3.466553e+00	-4.274432e+00	1.503216e-01	-4.877791e+00	1.544295e+00	-2.414806e+00	3.622854e-01	3.351558e-01	3.005796e-01	9.875407e-02	9.287955e-01	8.248680e-01	7.671100e+00	
17  25.8142	3.466553e+00	-4.274432e+00	2.321042e-01	-4.991387e+00	1.500652e+00	-2.699033e+00	3.692074e-01	3.433309e-01	2.876086e-01	1.436114e-01	7.702890e-01	8.248680e-01	7.671100e+00	
1  25.3846	2.969472e+00	-4.716671e+00	2.321042e-01	-4.991387e+00	1.500652e+00	-2.699033e+00	3.692074e-01	3.433309e-01	2.876086e-01	1.436114e-01	7.702890e-01	8.322667e-01	7.671100e+00	
21  26.1568	2.781809e+00	-5.889554e+00	2.321042e-01	-4.991387e+00	1.500652e+00	-2.699033e+00	3.692074e-01	3.433309e-01	2.876086e-01	1.436114e-01	7.702890e-01	8.323308e-01	7.671100e+00	
8  25.4559	2.847289e+00	-5.919407e+00	2.321042e-01	-4.991387e+00	1.500652e+00	-2.699033e+00	3.692074e-01	3.433309e-01	2.876086e-01	1.436114e-01	7.702890e-01	8.318117e-01	7.671100e+00	
20  25.0518	2.847289e+00	-5.919407e+00	2.948745e-01	-4.306614e+00	1.483512e+00	-3.357098e+00	3.757433e-01	3.063110e-01	2.984250e-01	1.715604e-01	9.179660e-01	8.318117e-01	7.671100e+00	
3  25.0787	2.847289e+00	-5.919407e+00	1.168908e-01	-4.225212e+00	1.420850e+00	-3.336197e+00	3.828525e-01	3.014640e-01	2.766314e-01	1.594321e-01	9.827613e-01	8.318117e-01	7.671100e+00	
16  26.4833	2.847289e+00	-5.919407e+00	4.947077e-01	-3.976792e+00	1.445946e+00	-3.875901e+00	4.045455e-01	2.687995e-01	2.932250e-01	1.430359e-01	8.505956e-01	8.318117e-01	7.671100e+00	
2  26.0615	2.847289e+00	-5.919407e+00	7.031677e-01	-4.289294e+00	1.406359e+00	-3.932530e+00	3.999307e-01	3.066907e-01	2.638615e-01	1.312304e-01	7.574747e-01	8.318117e-01	7.671100e+00	
6  23.3498	2.847289e+00	-5.919407e+00	7.199812e-01	-4.369234e+00	1.396167e+00	-4.492782e+00	3.667006e-01	3.010297e-01	2.610855e-01	1.111634e-01	6.128884e-01	8.318117e-01	7.671100e+00	
3  23.1245	3.014571e+00	-5.840130e+00	7.199812e-01	-4.369234e+00	1.396167e+00	-4.492782e+00	3.667006e-01	3.010297e-01	2.610855e-01	1.111634e-01	6.128884e-01	8.328186e-01	7.671100e+00	
14  22.6797	3.014571e+00	-5.840130e+00	7.808121e-01	-4.481683e+00	1.320948e+00	-3.871842e+00	3.834791e-01	2.956091e-01	2.339441e-01	1.059883e-01	2.199060e-01	8.328186e-01	7.671100e+00	
13  21.262	3.014571e+00	-5.840130e+00	6.790206e-01	-3.622602e+00	1.386455e+00	-3.695234e+00	3.753285e-01	2.908437e-01	2.244344e-01	8.890857e-02	4.492344e-01	8.328186e-01	7.671100e+00	
2  21.2399	3.014571e+00	-5.840130e+00	5.793293e-01	-3.674731e+00	1.393504e+00	-3.589557e+00	3.824691e-01	3.210754e-01	1.930975e-01	8.199569e-02	4.058952e-01	8.328186e-01	7.671100e+00	
53  22.6528	3.014571e+00	-5.840130e+00	4.581718e-01	-3.554165e+00	1.442917e+00	-3.981230e+00	3.811716e-01	3.183587e-01	1.955964e-01	9.546983e-02	6.996384e-01	8.328186e-01	7.671100e+00	
3  22.6909	3.014571e+00	-5.840130e+00	5.298756e-01	-3.701597e+00	1.393900e+00	-3.687480e+00	3.890284e-01	3.355727e-01	1.800326e-01	9.705383e-02	4.670929e-01	8.328186e-01	7.671100e+00	
6  22.7004	2.892364e+00	-5.851240e+00	5.298756e-01	-3.701597e+00	1.393900e+00	-3.687480e+00	3.890284e-01	3.355727e-01	1.800326e-01	9.705383e-02	4.670929e-01	8.312684e-01	7.671100e+00	
11  22.5231	2.892364e+00	-5.851240e+00	4.577889e-01	-3.293985e+00	1.437907e+00	-3.812224e+00	3.996511e-01	3.612461e-01	2.355654e-01	9.211687e-02	4.996387e-01	8.312684e-01	7.671100e+00	
1  22.4485	2.892364e+00	-5.851240e+00	3.334992e-01	-3.839145e+00	1.418810e+00	-4.207227e+00	3.981927e-01	3.381626e-01	2.457576e-01	8.972183e-02	6.583541e-01	8.312684e-01	7.671100e+00	
6  23.1502	2.892364e+00	-5.851240e+00	3.766010e-01	-3.505365e+00	1.484605e+00	-4.547569e+00	3.953222e-01	3.558605e-01	2.501308e-01	5.265465e-02	7.992368e-01	8.312684e-01	7.671100e+00	
10  24.0222	2.892364e+00	-5.851240e+00	5.298569e-01	-3.703643e+00	1.500010e+00	-4.260518e+00	3.805978e-01	3.649143e-01	1.986030e-01	8.808488e-02	4.361371e-01	8.312684e-01	7.671100e+00	
19  23.9338	3.276523e+00	-4.178514e+00	5.298569e-01	-3.703643e+00	1.500010e+00	-4.260518e+00	3.805978e-01	3.649143e-01	1.986030e-01	8.808488e-02	4.361371e-01	8.254734e-01	7.671100e+00	
3  24.4514	3.276523e+00	-4.178514e+00	3.815388e-01	-3.435623e+00	1.423719e+00	-4.582713e+00	4.010200e-01	3.541774e-01	1.889964e-01	7.461676e-02	6.070740e-01	8.254734e-01	7.671100e+00	
23  24.4444	2.921433e+00	-4.835837e+00	3.815388e-01	-3.435623e+00	1.423719e+00	-4.582713e+00	4.010200e-01	3.541774e-01	1.889964e-01	7.461676e-02	6.070740e-01	8.326002e-01	7.671100e+00	
3  24.1497	2.921433e+00	-4.835837e+00	2.908287e-01	-4.052437e+00	1.411094e+00	-4.776664e+00	3.868089e-01	3.614707e-01	2.104666e-01	7.161315e-02	9.187586e-01	8.326002e-01	7.671100e+00	
1  24.6263	2.921433e+00	-4.835837e+00	2.809106e-01	-4.569596e+00	1.413036e+00	-4.353266e+00	3.719506e-01	3.678674e-01	2.215299e-01	7.155670e-02	6.171942e-01	8.326002e-01	7.671100e+00	
7  25.0103	2.921433e+00	-4.835837e+00	9.006765e-02	-4.806967e+00	1.413070e+00	-4.837725e+00	3.642984e-01	3.437955e-01	2.435309e-01	8.185806e-02	9.053896e-01	8.326002e-01	7.671100e+00	
10  25.1608	2.921433e+00	-4.835837e+00	2.044052e-01	-4.860148e+00	1.462735e+00	-4.956404e+00	3.446091e-01	3.551042e-01	2.519035e-01	1.509696e-01	9.571495e-01	8.326002e-01	7.671100e+00	
16  25.0547	3.030878e+00	-4.656021e+00	2.044052e-01	-4.860148e+00	1.462735e+00	-4.956404e+00	3.446091e-01	3.551042e-01	2.519035e-01	1.509696e-01	9.571495e-01	8.278108e-01	7.671100e+00	
8  25.7146	3.030878e+00	-4.656021e+00	5.217113e-01	-4.806529e+00	1.496691e+00	-4.791203e+00	4.086872e-01	3.749985e-01	2.702184e-01	1.307366e-01	7.223820e-01	8.278108e-01	7.671100e+00	
3  23.9502	3.030878e+00	-4.656021e+00	4.101399e-01	-4.866136e+00	1.496312e+00	-4.735007e+00	4.346191e-01	3.616720e-01	2.666131e-01	1.080327e-01	5.550643e-01	8.278108e-01	7.671100e+00	
13  22.6137	3.030878e+00	-4.656021e+00	2.770161e-01	-4.847905e+00	1.473466e+00	-4.120281e+00	4.220977e-01	3.569205e-01	2.733775e-01	8.423299e-02	8.355701e-01	8.278108e-01	7.671100e+00	
31  22.8033	3.030878e+00	-4.656021e+00	2.451388e-01	-4.723315e+00	1.494644e+00	-3.720620e+00	3.966559e-01	3.596999e-01	2.810757e-01	9.122511e-02	8.975346e-01	8.278108e-01	7.671100e+00	
